0: 598,930
1: 598,930,715,378,934,817
2: 715,1096,934,380,3
3: 798,1097,2,1096,380
4: 350,723,15,798,1146
5: 734,723,806
6: 352
7: 371,922,793,501,373
8: 801,860,911,20,443
9: 10
10: 24,810,9,377
11: 831,817,12,761,899,25
12: 934,817,380,11,831,13
13: 12,380,1097,831,422,26
14: 846,823,836,606,43,493
15: 806,1147,723,4,1146
16: 1147,430,812,847,496
17: 812,847,352,371,7,793
18: 443,856,373,923,618,19
19: 856,18,923,602,1072
20: 1094,8,443,693
21: 887,35,1117,980,458
22: 1117,980,461,36,983,560
23: 1119,992,929,892
24: 10,810,895,478,377,929
25: 825,899,11,831,39,627
26: 674,831,13,422,825,404
27: 674,41,1081,1080,634,42
28: 1123,541,387,1122,931,60,562
29: 427,43,910,493,1122,816
30: 45,1021,910,879,863,427
31: 923,618,890,434,1073,63
32: 47,19,602,1072,537
33: 956,693,602,548,1095
34: 336,1094,445
35: 21,467,968,458
36: 22,980,983,358,987
37: 38,1119,983,560,995,362
38: 37,1119,892,359,362,872
39: 899,698,25,1007,998,627
40: 998,359,1007,872,624,1051
41: 627,363,825,674,27,634
42: 634,1010,27,1080,1008,1052
43: 606,493,1123,1122,29
44: 562,1053,816,1015,608,61
45: 30,1021,863,434,1054,1055
46: 1072,537,1073,63,1011,521
47: 32,537,914,654,524,782
48: 1028,917,653
49: 672,1032,66,447,935,663
50: 1028,447
51: 1039,555,996,411
52: 411,1042,839,1071,707
53: 1109,968,354,356,839,1108
54: 358,356,987,869,651,762
55: 762,869,611,628,419,74
56: 881,624,628,75,584,683
57: 1051,624,885,75,490,58
58: 57,885,1010,490,59,809
59: 1052,495,1010,58,809,1145
60: 507,28,931,562,1053,431
61: 712,456,44,1015,514,608,994
62: 1055,1054,747,619,476
63: 1073,31,434,46,1055,1011,747
64: 1056,82,1011,747,476,518
65: 1057,1026,480,725,406,769
66: 653,444,914,482,663,49
67: 663,1032,84,485,85
68: 1121,1120,790,485,751,665
69: 462,536,1045,395,667,70
70: 69,536,1069,639
71: 569,1137,670,91,1152,499
72: 575,777,1042,707,1151,91
73: 504,777,675,93,902,800
74: 509,55,628,419,579,584
75: 490,624,57,56,792,683
76: 573,77,1100,516,1004,815
77: 573,1145,1144,1078,76,516
78: 431,848,507,835,697,875
79: 704,848,608,712,688,335
80: 712,456,704,100,746,99,837
81: 964,100,719,850,375,837,101
82: 64,1056,476,719,850,83
83: 1056,82,850,722,102,401
84: 1036,725,67,609,85
85: 104,84,67,485,609,1120
86: 665,1074,729,106,948,870
87: 426,1074,751,343
88: 667
89: 828,577,740,878,596,109
90: 620,1069,670,828,1152,577
91: 902,1151,777,72,670,1137,71
92: 756,786,504,800,1088,1136
93: 419,579,762,675,73,800
94: 954,1138,509,584,424,113,114
95: 1101,1138,570,1139,114,532,1062
96: 1004,815,1143,115,116,572
97: 116,647,516,540,98,1004,1079
98: 437,1134,540,97,1130,1079
99: 746,827,704,80,335,1118,559
100: 964,81,456,80,746,837
101: 1124,81,850,375,102,121
102: 563,850,83,101,1124,401,121
103: 609,406,104,681,857,858
104: 85,609,103,1120,857,409,561
105: 590,412,870,738,1005
106: 426,1074,86,948,958
107: 958,642,127
108: 740,582,635,544,596
109: 129,89,878,596,1086,1153
110: 130,1153,878,131,526,1044
111: 1136,569,1137,756,1020,678
112: 344,756,786,1089,133,658
113: 579,509,1088,94,954,545
114: 1065,134,94,954,1138,95,532
115: 1139,1062,889,96,815,1143,366
116: 97,647,96,1004,1079,572,659
117: 666,367,647,659,137,706,907
118: 559,1116,1118,1130,567,400
119: 827,830,559,1116,975,407
120: 489,978,975,407,785,483
121: 1125,141,101,1124,563,102,926
122: 668,401,563,585,1125,547,1076
123: 585,1076,988,143,144,757
124: 886,694,412,439,125,622
125: 738,412,124,145,622,644
126: 642,768,1005,147,737
127: 107
128: 88,582
129: 109,596,1086,479,765,781
130: 110,1086,1153,526,1044,650,150
131: 1020,499,569,878,110,1044
132: 151,1128,1020,678,526,1044
133: 1089,112,684,658,345,789
134: 1065,114,532,684,360,690
135: 662,500,364,366,1142,696,896
136: 896,702,500,137,706,506,928
137: 706,702,659,117,136,928
138: 709,512,367,400,687,820
139: 834,999,158,732,826,428
140: 629,732,160,652,159,826
141: 1125,121,926,802,744,1090
142: 143,547,1090,1092,539,1077
143: 142,547,1076,123,144,539,1077
144: 123,143,757,845,1077
145: 622,523,125,644,165,146
146: 578,145,644,641,165,865
147: 641,768,126,737,167,334
148: 635,626,544,542,874,1087
149: 170,781,650,735,595,625
150: 130,526,151,650,613,170,616
151: 132,1128,526,1044,152,150,613,1129
152: 763,658,151,1128,1129,565
153: 789,154,345,814,173,898
154: 153,789,360,876,645,696,898
155: 403,884,803,589,176,1024,671
156: 157,928,803,506,403,811
157: 156,928,706,907,657,1102,811,552
158: 820,785,709,483,732,139,999
159: 826,629,140,576,428,180,1148
160: 652,743,413,629,140,615
161: 971,944,1140,162,453,181
162: 571,1141,615,1140,520,971,161
163: 989,1023,1132,182,183,648
164: 439,845,568,622,523,1033
165: 460,145,523,578,146,594
166: 680,463,578,865,357,866
167: 737,147,474,1063,334,986,1067
168: 384,1083,169,188,993
169: 874,1083,168,188
170: 149,650,150,616,595,625,171
171: 621,170,616,1061,625,211,730
172: 564,883,814,491,173,346,174
173: 898,153,814,491,172,174
174: 173,898,583,883,172,194,365,1014
175: 194,905,589,1014,487,195
176: 589,398,583,884,803,905,155
177: 811,403,552,1024,196,946
178: 552,1135,1102,1107,592,566
179: 962,515,834,592,428,794
180: 1148,159,629,181,685,355
181: 453,629,615,1140,180,161,355
182: 1023,971,944,163,183,556
183: 1110,556,182,163,648,184
184: 648,1110,183,979,202,588
185: 700,979,989,594,357,648,204
186: 990,986,1067,1002
187: 464,990
188: 993,169,705,189,726
189: 726,1003,705,341,188,468
190: 625,714,595,621,386,586
191: 1126,531,1127,211,742,1060
192: 607,1126,891,193,213,1060
193: 891,1126,365,795,607,192,749
194: 175,905,583,174,365,1014
195: 1019,175,589,487,764,216
196: 946,177,1024,897,1133,767
197: 1133,1135,946,198,423,566,780
198: 423,566,592,197,349,794,219
199: 200,1150,962,576,349,794,673
200: 1150,199,685,832,673,353
201: 355,453,855,689,1068,901
202: 535,1110,184,588,223
203: 700,979,588,938,446,224
204: 661,866,357,185,700
205: 206,818,463,1002,959,864
206: 818,205,1002,990,186,580
207: 713,382
208: 977,985
209: 726,1003,721,1000,824
210: 230,1091,586,1016,599,505
211: 730,1061,531,171,191,742
212: 213,1060,389,742,231,591
213: 212,1060,607,192,591,339
214: 393,1041,749,385,215,984
215: 385,764,795,487,749,214
216: 758,414,195,1019,503,764,508
217: 236,745,414,508,950,778
218: 783,394,420,780,238,867
219: 238,788,198,423,349,859
220: 637,636,353,433,440,221
221: 440,796,637,220,415,240
222: 1068,796,901,1070,748,752
223: 242,655,535,202,588,418
224: 446,808,588,203,418
225: 454,449,933,913,550
226: 822,580,864,435,227
227: 822,226,966,435,970
228: 985,721,209,247,824
229: 1000,386,824,230,1091,1093
230: 1091,210,229,1093,546,925,505
231: 389,212,599,591,510,1031
232: 338,982,591,339,1031,849
233: 517,234,708,393,849,842
234: 517,233,393,984,854,1006,1017
235: 519,1105,253,646,272,711
236: 745,217,414,396,553,1058,530
237: 525,1040,862,783,394,960
238: 788,219,423,780,218,867
239: 1064,788,859,433,633,636
240: 258,637,221,415,241,601
241: 882,527,415,240,601,260
242: 655,223,418,243,893,759
243: 893,597,242,759,900,736
244: 903,446,808,425,263,799
245: 1098,813,281
246: 457,966,813,245,264
247: 824,985,228,942,248,640
248: 640,247,942,945,368
249: 925,955,471,250,947
250: 949,955,391,249,947,267
251: 268,638,703,513,269,951
252: 1006,842,517,513,951,952
253: 593,1017,519,235,957,272
254: 646,255,1059,376,711,612
255: 1059,960,525,254,273,612
256: 273,525,1040,963,379,1106
257: 692,1104,1106,932,716,275
258: 240,637,1066,554,967,601
259: 976,260,967,973,601,276,277
260: 976,259,241,882,601,261
261: 882,1046,597,976,260,278,631
262: 997,263,900,903,991,1048,528
263: 997,262,244,903,1050,799
264: 246,245,643
265: 469,724,677,605
266: 471,724,912,677,682,915
267: 686,250,949,947,369,638
268: 638,251,686,269,750,753
269: 951,268,251,695,753,754
270: 921,957,372,760,271,600,287
271: 623,600,270,610,287,429
272: 253,235,957,522,711,600
273: 256,525,255,379,909,612,442
274: 937,943,932,448,716,452,779
275: 716,1104,257,381,718,779
276: 383,973,259,277,888,727
277: 976,259,276,631,293,727
278: 736,597,261,631,604,279
279: 388,604,736,278,991,1048
280: 528,1027,1012,741,296
281: 529,1098,245,614,390,643
282: 605,558,283
283: 1113,1114
284: 369,686,370,750,829,701
285: 312,300,753,754,417,410
286: 417,760,300,610,287,1085,841
287: 610,760,270,271,286
288: 880,623,1030,289,429,361
289: 772,927,1030,288,766,361
290: 873,909,442,448,772,937
291: 292,718,383,779,888,307
292: 291,452,779,307,617,306
293: 679,727,277,631,587,660
294: 388,604,587,660,728,295,472
295: 587,294,908,472,309,804
296: 581,472,1012,728,280,432,853
297: 1027,614,390,676,741,821
298: 701,829,337,1114,699,299
299: 699,298,701,410,833,340
300: 312,285,417,286,1084,1085
301: 787,314,1085,841,347,484
302: 1037,429,880,774,840,852
303: 868,880,766,361,1037,603
304: 873,766,877,305,397,603
305: 877,943,304,399,397,1049,664
306: 557,292,307,617,402,1115
307: 405,888,292,291,306,402
308: 904,405,679,402,669,477
309: 656,804,908,295,421
310: 581,656,804,481,776
311: 581,310,481
312: 300,285,753,410,340,1084
313: 543,731,484
314: 787,301,347,774,315,965
315: 774,314,969,852,965,450
316: 397,603,868,1049,455,470
317: 318,733,974,981,851,497
318: 317,733,473,1112,1009,981
319: 1001,981,497,328,1035
320: 329,502,1009,981,739,1001
321: 894,755,477,421,322,771
322: 771,894,321,632
323: 965,787,906,939,1018,486
324: 969,450,797,961,1022
325: 488,1025,819
326: 797,961,455,492,1029,1025
327: 649,492,720,851,819
328: 1035
329: 502,320,1001,1038
332: 1034,672,941,790,751,343
333: 676,432,853,916
334: 865,147,641,167,986,680
335: 1118,688,79,704,437,1134,99
336: 34,1094,20,693,956,33
337: 1114,298,699
338: 232,982,391,1031,949,703
339: 708,213,607,591,232,849
340: 833,936,410,312,299,1084
341: 705,466,765,735,189,468
342: 975,375,830,1124,926,978
343: 332,941,751,87
344: 112,756,678,1128,658
345: 133,763,658,153,789,814
346: 1127,565,491,770,531,564,172
347: 841,610,774,840,314,301
348: 784,630,715,2
349: 794,198,199,219,859,673
350: 4,798,1146,549,836,846
351: 734
352: 17,812,371
353: 673,433,200,832,440,220
354: 356,968,458,861,53,358
355: 201,180,453,181,855,685
356: 354,53,358,54,1108,1149,651
357: 578,594,166,185,866,204
358: 54,861,36,354,356,987
359: 1007,892,38,40,362,872
360: 684,134,690,789,154,876
361: 766,289,880,288,303,603
362: 611,38,37,359,995,872,881
363: 627,41,998,1051,885,634
364: 690,889,366,876,696,135
365: 795,1014,883,174,194,891,193
366: 889,115,1143,364,1142,135,896
367: 666,117,400,907,138,512
368: 724,912,248,640,1093,717
369: 918,947,267,686,370,284
370: 918,369,284,829,1113
371: 7,352,919,17,922
372: 417,760,695,921,754,270
373: 7,911,922,501,18,618
374: 805,924,992,22,1117,461
375: 837,830,81,101,1124,342
376: 522,711,254,927,612,1030
377: 992,10,24,805,929
378: 930,1,895,478,817,761
379: 1106,273,256,442,932,448
380: 2,934,12,3,1097,13
381: 554,1104,967,973,275,718,383
382: 713,580,207,822
383: 276,381,973,718,291,888
384: 168,993,977
385: 215,764,758,214,984,1047,396
386: 1000,714,190,586,229,1091
387: 1081,1080,541,28,1123,931
388: 604,279,1048,294,1012,728
389: 742,730,1016,212,599,231
390: 614,1050,281,529,297,1027
391: 510,1031,955,338,250,949
392: 969,852,1037,868,455,961
393: 1041,214,708,984,233,234
394: 783,218,867,1040,237,1043
395: 1045,996,462,69
396: 385,758,414,1047,236,1103,553
397: 316,603,304,305,1049,664
398: 583,645,662,884,905,176
399: 617,943,877,305,664,473
400: 687,567,118,1116,666,367,138
401: 668,122,83,722,563,102
402: 405,307,306,308,1115,669
403: 155,803,156,177,811,1024,671
404: 775,541,422,26,674,1081
405: 888,307,679,727,402,308
406: 769,65,725,609,103,681
407: 785,1116,119,975,687,120
408: 534,633,1064,963,1043,692
409: 104,857,561,498,694,590
410: 750,753,701,312,285
411: 52,555,996,462,1071
412: 105,590,694,124,738,125
413: 571,744,1092,160,743,615
414: 216,758,508,396,236,217
415: 748,796,221,240,241,527
416: 752,748,655,527,1046,893
417: 372,760,754,300,285,286
418: 588,242,223,808,224,759
419: 93,579,762,55,74
420: 950,767,1133,780,778,783,218
421: 904,908,477,309
422: 549,1097,13,26,775,404
423: 198,566,197,780,238,219
424: 584,792,683,94,1138,1101
425: 1099,446,933,244,799
426: 87,1074,1075,106,807,953
427: 29,910,816,30,1021,1015
428: 576,834,139,159,826,179,962
429: 271,623,610,880,288,840,302
430: 1146,1147,16,846,823,496
431: 78,848,60,507,1053,608
432: 853,581,296,333,311,916
433: 673,353,859,239,636,220
434: 863,890,31,45,1073,63,1055
435: 966,913,454,864,226,227
436: 699,731
437: 98,1134,1078,875,688,540,335
438: 793,496,843,879,920
439: 757,845,886,124,164,622
440: 855,832,353,1068,796,220,221
441: 940,906,1018
442: 273,379,909,612,448,290
443: 856,18,8,20,693
444: 914,654,548,1095,653,66
445: 34,956,917
446: 808,224,203,938,933,244,425
447: 935,50,672,49,1034
448: 932,379,442,290,937,274
449: 454,661,959,938,933,225
450: 939,315,969,965,324
451: 941,343,538
452: 779,716,943,274,292,617
453: 181,944,161,201,355,689
454: 449,959,864,225,435,913
455: 868,316,392,326,961,1029
456: 61,712,994,80,964,100
457: 246,966,227
458: 861,35,21,980,968,354
459: 208,985,942
460: 165,523,1132,1033,989,594
461: 374,992,22,1119
462: 69,536,996,411,1071
463: 680,166,1002,866,959,205
464: 1063,691,1067,187
465: 929,761,899,698
466: 479,874,1087,765,705,341
467: 710,35,968,1039,1109
468: 714,595,341,735,189,1003
469: 265
470: 316,1049,974,1029,720
471: 266,546,925,912,249
472: 581,296,294,728,295,804
473: 617,399,557,664,1112,318,733
474: 1063,642,127,737,167
475: 669,1112,1115,755,1009,739
476: 62,747,619,64,82,719
477: 755,904,308,669,421
478: 895,24,378,465,929,761
479: 466,544,596,129,1087,765
480: 1026,518,1056,65,722,769
481: 776,310,311
482: 782,914,66,663,1036
483: 732,785,489,120,158,652
484: 543,313,787,301,906
485: 790,1032,67,85,68,1121,1120
486: 323,939,1018
487: 175,795,1014,195,215,764
488: 1025,797,1022
489: 978,120,802,483,652,743
490: 75,57,58,792,683,551,809
491: 814,763,565,173,346,564,172
492: 1029,326,720,819,327
493: 843,910,823,14,43,29
494: 639,1069,828,108,740
495: 59,1052,835,1145,697,1144
496: 430,16,438,843
497: 317,981,851,319,1035
498: 886,988,857,858,409,694
499: 1152,577,569,71,878,131
500: 135,662,136,896,884,506
501: 793,373,920,890,618
502: 329,320,739,894,1038
503: 1024,897,671,1019,216,508
504: 73,902,800,1137,1136,92
505: 955,230,210,599,925,510
506: 803,500,136,896,884,156,928
507: 60,931,1008,835,431,78
508: 503,897,216,414,950,217
509: 74,579,584,113,94
510: 391,1031,599,231,505,955
511: 958,948,1005,642,126
512: 709,138,367,907,657,972
513: 982,842,703,252,251,951
514: 1054,1021,1015,61,619,994
515: 1107,972,834,999,592,179
516: 540,77,1144,1078,76,1004,97
517: 233,234,842,252,1006,1017
518: 1026,480,1011,521,64,1056
519: 1103,1105,854,253,1017,235
520: 1023,1131,1141,838,162,971
521: 537,46,1011,524,1026,518
522: 376,711,272,623,600,1030
523: 145,622,164,1033,165,460
524: 537,47,521,782,1026,1057
525: 1040,237,960,255,273,256
526: 1044,130,110,151,132,150,613
527: 241,882,415,748,416,1046
528: 997,262,1048,1027,1012,280
529: 281,1099,1098,1050,799
530: 960,236,745,862,1058,1059
531: 1061,770,1127,346,211,191
532: 1062,889,95,134,114,690
533: 691,127,474,1063
534: 408,1064,1066,554,692,1104
535: 202,1111,1110,1070,752,655,223
536: 462,69,1071,70,620,1069
537: 1072,46,47,32,521,524
538: 343,87,1075
539: 1141,1092,143,142,571,1077,838
540: 516,1078,437,98,1004,97,1079
541: 775,404,606,387,1081,28,1123
542: 874,1083
543: 1084,1085,313,484
544: 596,108,635,148,1087,479
545: 1089,1088,113,954,786,1065
546: 925,230,1093,912,471
547: 1076,122,1125,1090,143,142
548: 1095,33,602,444,654
549: 422,798,1097,350,836,775
550: 1098,225,913,1099,813
551: 809,490,792,573,1101,570,1100
552: 178,1135,157,1102,177,811,946
553: 1103,1105,396,236,1058
554: 1066,534,258,1104,381,967
555: 1039,51,1109,411,52,839
556: 1110,183,944,182,1111,689
557: 306,617,473,1112,1115
558: 918,605,1113
559: 118,1116,1118,827,99,119
560: 983,22,461,1119,37
561: 729,104,1121,1120,409,590
562: 1053,44,28,1122,816,60
563: 102,122,401,1125,121
564: 883,172,491,1127,346,1126,891
565: 152,763,1129,491,770,346
566: 198,423,178,1135,592,197
567: 1130,1079,647,118,666,400
568: 1077,838,845,164,1131,1033
569: 1137,71,499,111,131,1020
570: 1100,1139,551,95,1101,1062
571: 413,1092,539,1141,615,162
572: 702,1142,96,1143,116,659
573: 1145,77,551,809,1100,76
574: 773,844,1147,16
575: 777,72,1042,1108,1149,651,675
576: 428,159,826,962,1148,1150,199
577: 1152,499,90,828,89,878
578: 146,165,865,594,357,166
579: 93,419,74,509,800,1088,113
580: 990,713,382,822,226
581: 472,296,432,804,310,311
582: 88,639,128,108
583: 398,645,898,174,194,905,176
584: 424,628,56,74,509,683,94
585: 681,668,122,858,1076,123,988
586: 190,621,386,1016,1091,210,599
587: 660,679,293,294,904,908,295
588: 184,979,202,203,223,418,224
589: 176,175,905,155,195,1019,671
590: 105,412,409,729,561,694,870
591: 212,213,231,339,1031,232
592: 1107,515,178,1135,179,198,566,794
593: 253,1017,1006,952,921,957
594: 165,460,578,989,357,185
595: 468,714,735,149,170,625,190
596: 544,108,740,89,109,129,479
597: 243,893,1046,261,736,278
598: 930,1,784,715
599: 586,1016,389,210,231,505,510
600: 271,623,957,272,522,270
601: 967,973,258,240,241,260,259
602: 856,693,33,19,548
603: 316,397,766,361,304,868,303
604: 388,279,278,631,660,294
605: 677,558,282
606: 836,14,775,541,43,1123
607: 192,193,213,749,339,708,1041
608: 1053,44,431,848,61,712,79
609: 103,84,725,406,104,85,857
610: 287,271,286,429,841,347,840
611: 362,869,995,881,55,628
612: 909,927,254,255,273,376,442
613: 1129,526,151,150,616,1061,770
614: 390,297,643,821
615: 1140,160,571,413,1141,629,162,181
616: 150,613,170,1061,625,171
617: 399,943,452,292,306,557,473
618: 923,31,501,373,18,890
619: 994,1054,514,62,476,964,719
620: 1069,90,536,1071,707,1151,670
621: 171,625,190,730,586,1016
622: 145,523,439,124,125,164
623: 271,600,522,1030,429,288
624: 872,881,40,1051,57,56,75
625: 190,149,170,616,595,621,171
626: 128,635,148
627: 363,41,39,25,825,998
628: 611,881,55,56,74,584
629: 140,160,159,615,1140,180,1148,181
630: 348,1096
631: 976,261,278,277,604,293,660
632: 894,322,1038
633: 867,788,1064,239,1043,408
634: 42,1010,363,41,27,885
635: 148,128,582,108,626,544
636: 637,220,433,1064,239,1066
637: 636,220,221,1066,258,240
638: 268,251,949,703,267,686
639: 494,667,70,88
640: 248,247,824,229,1093,368
641: 147,768,644,146,334,865
642: 126,958,511,107,127,737
643: 281,245,264,614
644: 738,125,768,145,641,146
645: 876,696,154,662,898,398,583
646: 254,1105,1058,235,1059,711
647: 97,116,1079,567,659,666,117
648: 184,989,163,183,185,979
649: 327,1035
650: 130,1086,781,150,149,170
651: 356,54,1149,762,575,675
652: 160,743,489,483,732,140
653: 1095,48,66,935
654: 444,914,602,548,47,32
655: 242,223,535,416,752,893
656: 309,804,310,771,1013,776
657: 1102,706,907,512,157,1107,972
658: 152,763,344,112,133,1128,345
659: 116,647,572,702,666,117,137
660: 587,631,604,293,294
661: 866,204,700,959,938,449
662: 135,500,645,696,398,884
663: 66,482,49,1032,67
664: 1049,305,399,397,473,733
665: 751,68,1121,1074,729,86
666: 367,117,647,1079,567,659,400
667: 1045,69,70,88
668: 122,401,722,769,585,681
669: 475,402,308,1115,755,477
670: 1151,620,90,91,1152,71
671: 503,1024,589,155,403,1019
672: 49,1032,447,1034,332,790
673: 353,433,349,200,199,859
674: 26,825,404,41,27,1081
675: 1149,651,762,575,777,93,73
676: 741,297,821,333
677: 724,266,682,605
678: 111,1136,756,1020,344,132,1128
679: 293,727,405,587,904,308
680: 166,463,334,865,986,1002
681: 585,406,769,103,668,858
682: 915,266,677,918,605,558
683: 792,56,75,490,584,424
684: 360,1089,1065,134,133,789
685: 855,832,180,1148,200,1150,355
686: 267,369,268,638,284,750
687: 400,1116,407,785,138,820
688: 875,848,79,704,437,1134,335
689: 1111,453,944,201,556,901,1070
690: 364,134,532,889,360,876
691: 533,1063,464
692: 1104,257,963,534,408,1106
693: 20,443,856,33,602
694: 409,886,498,590,412,124
695: 952,921,269,951,754,372
696: 876,645,364,154,135,662
697: 1144,1078,495,835,78,875
698: 892,465,899,39,1007
699: 299,298,337,436
700: 185,979,661,204,203,938
701: 298,284,750,829,410
702: 572,1142,659,136,896,137
703: 338,982,949,513,638,251
704: 79,712,688,80,335,746,99
705: 341,874,466,169,188,189
706: 137,117,136,907,157,928,657
707: 1151,52,1042,1071,72,620
708: 339,607,393,1041,849,233
709: 138,512,158,820,972,999
710: 467
711: 376,522,235,254,646,272
712: 61,456,608,79,704,80
713: 382,990,187,580,207
714: 468,595,1003,190,1000,386
715: 784,598,1,2,934
716: 275,257,932,718,274,452,779
717: 945,724,368,469,265
718: 381,716,275,383,779,291
719: 850,619,476,82,964,81
720: 851,470,974,492,1029
721: 993,726,209,228
722: 1056,480,83,769,668,401
723: 630,5,1096,15
724: 368,912,717,266,265,677
725: 1036,84,1057,65,406,609
726: 189,1003,188,993,721,209
727: 679,293,276,277,405,888
728: 1012,388,294,472,296
729: 561,1121,665,86,590,870
730: 211,621,171,1016,389,742
731: 833,936,436,313
732: 483,158,652,139,826,140
733: 317,318,1049,664,473,974
734: 5,351,806
735: 765,781,341,149,468,595
736: 278,243,597,900,991,279
737: 167,642,126,147,474
738: 125,105,412,768,1005,644
739: 475,755,1009
740: 108,494,828,89,596,109
741: 676,297,1027,280
742: 389,211,730,191,212,1060
743: 160,652,489,802,744,413
744: 1090,1092,141,802,743,413
745: 236,217,862,778,1058,530
746: 827,99,704,80,100,837,830
747: 1011,63,1055,62,476,64
748: 415,222,796,416,752,527
749: 193,795,607,215,1041,214
750: 753,686,268,284,701,410
751: 790,343,68,665,87
752: 416,222,1070,535,748,655
753: 750,268,269,754,410,312,285
754: 269,695,753,417,372,285
755: 477,669,475,739,321
756: 92,786,111,1136,678,344,112
757: 439,845,123,886,988,144
758: 216,414,385,764,1047,396
759: 900,242,418,808,243,903
760: 417,372,270,286,287
761: 899,478,378,817,465,11
762: 55,54,869,651,675,93,419
763: 152,658,345,565,814,491
764: 385,215,487,195,216,758
765: 781,129,479,466,341,735
766: 361,289,772,873,304,303,603
767: 950,420,897,196,946,1133,780,778
768: 1005,738,644,147,641
769: 406,480,65,722,668,681
770: 1061,531,613,1129,565,346
771: 322,421,656,309,1013
772: 289,909,927,873,290,766
773: 844,574,734,351,806,1147
774: 840,347,302,314,315,852
775: 404,541,549,422,836,606
776: 481,656,310,1013
777: 575,72,675,91,902,73
778: 862,950,767,420,745,217,783
779: 452,716,275,718,274,292,291
780: 197,1133,423,767,420,238,218
781: 765,129,1086,650,735,149
782: 482,47,914,524,1057,1036
783: 394,218,420,862,778,237
784: 348,715
785: 407,687,120,158,820,483
786: 92,756,1088,1089,545,112
787: 314,301,484,906,323,965
788: 238,219,859,867,633,239
789: 153,154,133,684,360,345
790: 485,672,1032,332,751,68
791: 939,450,324,1022
792: 683,75,490,424,551,809,1101
793: 438,17,847,7,501,920
794: 349,592,179,962,198,199
795: 365,1014,193,487,749,215
796: 222,1068,440,221,415,748
797: 326,961,324,1022,488,1025
798: 3,1097,1096,4,350,549
799: 1050,244,1099,425,263
800: 1088,93,579,504,73,92
801: 919,911,922,8
802: 926,141,489,978,744,743
803: 506,884,156,176,155,403
804: 656,309,295,581,472,310
805: 374,9,992,377
806: 1147,15,5,734
807: 953,426,1075
808: 446,224,418,759,244,903
809: 551,490,58,59,792,573,1145
810: 0,10,24,895
811: 177,156,157,928,1102,403,552
812: 17,847,844,574,352,16
813: 966,913,1098,550
814: 491,763,345,153,173,172
815: 96,1004,1143,1100,1139,76,115
816: 1122,29,427,562,1053,44,1015
817: 934,12,378,761,11
818: 206,205,580,864,822,226
819: 492,649,327,325
820: 158,687,785,709,138,999
821: 297,614,676
822: 226,580,382
823: 846,14,430,496,843,493
824: 247,209,1000,229
825: 25,831,26,674,627,41
826: 159,732,834,139,140,576,428
827: 746,99,1118,837,830,559,119
828: 1069,90,494,1152,577,740,89
829: 1113,370,284,298,701
830: 375,837,746,827,119,342,975
831: 11,12,13,25,825,26
832: 855,685,200,1150,353,440,1068
833: 340,936,699,299,436,731
834: 139,999,515,826,179,962,428
835: 1008,507,1052,495,78,697
836: 549,846,14,775,606
837: 375,830,80,100,81,746,827
838: 1077,568,539,1141,1131,520
839: 1042,555,1109,53,52,1108
840: 774,610,429,347,302
841: 347,286,610,1085,301
842: 849,982,517,233,513,252
843: 910,493,496,438,879
844: 773,574,6,352
845: 439,757,144,1077,568,164
846: 823,14,350,1146,430,836
847: 17,812,16,496,793,438
848: 431,78,608,875,688,79
849: 842,339,708,232,982,233
850: 719,82,81,83,101,102
851: 720,974,317,497
852: 969,392,774,302,1037,315
853: 432,280,676,741,296,333
854: 984,1047,234,519,1103,1017
855: 685,832,201,355,440,1068
856: 443,18,693,19,602
857: 858,609,103,104,409,498
858: 857,103,585,681,498,988
859: 349,788,219,673,433,239
860: 8,1094,20
861: 458,980,36,354,358
862: 778,745,783,530,960,237
863: 879,920,890,30,45,434
864: 959,818,205,454,226,435
865: 334,641,578,146,680,166
866: 661,204,357,166,463,959
867: 633,238,788,394,218,1043
868: 303,1037,316,603,392,455
869: 987,995,54,611,762,55
870: 948,729,86,105,590,1005
871: 940,731,313
872: 881,624,38,359,40,362
873: 290,772,937,766,304,877
874: 1087,542,466,169,705
875: 688,78,848,697,1078,437
876: 645,696,360,690,364,154
877: 305,873,937,943,304,399
878: 499,577,89,131,109,110,1153
879: 920,863,438,843,910,30
880: 288,429,361,302,1037,303
881: 872,624,611,362,628,56
882: 241,527,1046,976,260,261
883: 564,172,174,891,365
884: 662,500,398,803,506,176,155
885: 363,1051,57,634,1010,58
886: 498,988,694,439,757,124
887: 924,21,1117
888: 405,307,276,383,291,727
889: 532,1062,115,690,364,366
890: 501,920,863,618,31,434
891: 193,1127,564,883,1126,365,192
892: 698,23,1119,38,359,1007
893: 243,597,416,242,655,1046
894: 321,322,1038,632
895: 478,810,930,24,378
896: 136,366,702,1142,135,500,506
897: 503,1024,196,508,950,767
898: 173,153,154,645,583,174
899: 761,465,11,698,39,25
900: 759,243,903,736,991,262
901: 222,1068,201,1111,689,1070
902: 91,777,504,73,1137
903: 244,808,759,900,263,262
904: 308,679,587,908,477,421
905: 194,175,398,583,589,176
906: 484,787,441,940,323
907: 367,117,706,512,157,657
908: 587,904,295,421,309
909: 927,612,273,442,772,290
910: 843,493,879,29,427,30
911: 922,8,373,443,18
912: 724,368,1093,546,266,471
913: 966,435,454,225,550,813
914: 444,654,47,66,482,782
915: 682,266,471,249,918,947
916: 432,333,311
917: 1095,653,48
918: 947,369,682,915,558,370
919: 801,371,922
920: 879,863,793,438,501,890
921: 695,952,593,957,372,270
922: 911,919,801,371,7,373
923: 618,31,18,19,1073,1072
924: 887,1117
925: 546,230,505,955,471,249
926: 1124,342,141,121,978,802
927: 909,612,376,1030,289,772
928: 156,157,136,137,706,506,811
929: 465,24,478,992,377,23
930: 598,1,895,378
931: 1008,387,1080,28,60,507
932: 448,379,1106,257,716,274
933: 938,449,446,225,425
934: 817,12,715,2,380
935: 447,653,1028,66,49
936: 833,340,543,1084,731,313
937: 943,274,448,873,290,877
938: 700,661,203,449,446,933
939: 450,323,965,486,791
940: 871,441,313,484,906
941: 1034,332
942: 247,248,945
943: 937,274,452,877,305,617,399
944: 971,161,453,182,689,556
945: 942,248,717
946: 196,177,552,1135,197,1133,767
947: 918,369,249,250,267
948: 870,86,106,958,511,1005
949: 250,391,338,703,267,638
950: 767,420,897,508,217,778
951: 269,513,252,251,695,952
952: 695,921,252,1006,593,951
953: 807,426,106,958,107
954: 94,1138,113,545,1065,114
955: 505,925,391,510,249,250
956: 33,34,336,445,917,1095
957: 593,253,921,272,270,600
958: 511,106,953,948,107
959: 463,661,866,205,454,449,864
960: 530,862,525,237,255,1059
961: 797,326,969,392,455,324
962: 179,834,576,428,794,1150,199
963: 1043,1040,408,256,1106,692
964: 100,81,456,619,994,719
965: 323,787,314,315,939,450
966: 435,913,227,813,457,246
967: 973,601,554,258,381,259
968: 458,1109,53,354
969: 852,392,315,450,324,961
970: 822,227
971: 944,161,162,1023,520,182
972: 1107,515,709,512,657,999
973: 967,601,381,259,276,383
974: 1049,470,317,733,720,851
975: 342,830,119,407,978,120
976: 260,259,882,261,277,631
977: 993,721,208
978: 489,120,342,975,926,802
979: 185,700,648,184,588,203
980: 22,1117,21,458,861,36
981: 1009,317,318,497,319,1001
982: 338,232,849,842,703,513
983: 560,22,36,37,987,995
984: 1047,385,393,214,234,854
985: 228,208,247,459,942
986: 167,334,1067,680,1002,186
987: 869,995,36,983,358,54
988: 886,498,585,858,123,757
989: 163,1132,460,594,648,185
990: 186,187,580,713
991: 900,736,262,279,1048
992: 377,805,374,929,461,23,1119
993: 188,384,168,726,977,721
994: 619,514,61,456,964
995: 987,869,983,37,611,362
996: 51,411,462
997: 263,262,1050,528,1027
998: 40,39,1007,627,363,1051
999: 834,139,709,158,820,515,972
1000: 386,1003,714,209,824,229
1001: 319,981,329,320
1002: 986,680,463,186,206,205
1003: 189,726,468,714,209,1000
1004: 96,815,76,516,540,97,116
1005: 768,105,948,870,511,738,126
1006: 252,517,234,593,1017,952
1007: 359,892,698,39,998,40
1008: 931,1080,42,507,1052,835
1009: 981,1112,475,318,739
1010: 634,42,885,58,59,1052
1011: 747,63,46,521,64,518
1012: 728,388,1048,528,280,296
1013: 656,322,771
1014: 365,795,174,194,175,487
1015: 816,427,1021,44,514,61
1016: 621,730,586,389,210,599
1017: 593,253,517,234,854,519,1006
1018: 906,323,486
1019: 195,589,503,671,216
1020: 131,569,111,678,1044,132
1021: 30,45,427,1015,1054,514
1022: 324,797,488
1023: 1131,520,1132,971,182,163
1024: 503,897,671,155,403,177,196
1025: 488,797,326,492,819
1026: 518,480,521,524,1057,65
1027: 297,997,1050,528,280,741
1028: 48,447,935,50
1029: 492,455,470,326
1030: 376,522,927,623,289,288
1031: 391,510,231,591,338,232
1032: 672,49,663,67,790,485
1033: 1132,568,164,523,1131,460
1034: 332,447,50,672,941
1035: 328,851,497,649,327
1036: 84,725,482,782,1057
1037: 302,880,868,303,852,392
1038: 329,502
1039: 555,710,467,51,1109
1040: 525,237,394,963,1043,256
1041: 393,214,607,749,708
1042: 839,52,1108,1149,707,1151,575,72
1043: 963,394,867,633,1040,408
1044: 526,131,1020,130,110,151,132
1045: 395,69,667
1046: 416,882,527,893,597,261
1047: 984,385,758,396,854,1103
1048: 991,262,388,279,528,1012
1049: 664,305,316,397,470,974,733
1050: 799,997,263,529,1027
1051: 57,998,40,363,624,885
1052: 59,495,42,1010,1008,835
1053: 562,44,816,60,431,608
1054: 514,45,1021,1055,62,619
1055: 62,45,434,63,1054,747
1056: 64,82,518,480,83,722
1057: 65,524,782,1026,1036,725
1058: 236,745,1105,553,530,646,1059
1059: 255,1058,530,960,254,646
1060: 212,213,191,1126,742,192
1061: 770,531,613,616,171,211
1062: 532,889,95,570,1139,115
1063: 474,167,691,533,1067,464
1064: 239,633,636,534,408,1066
1065: 134,114,954,1089,545,684
1066: 554,1064,637,636,534,258
1067: 167,1063,986,186
1068: 222,796,901,855,832,201,440
1069: 620,90,536,70,494,828
1070: 1111,689,222,901,535,752
1071: 411,52,462,536,707,620
1072: 537,46,923,19,1073,32
1073: 63,923,31,434,1072,46
1074: 87,426,665,86,106
1075: 538,87,426
1076: 547,122,585,123,143
1077: 568,838,143,142,144,845,539
1078: 697,1144,77,875,516,540,437
1079: 1130,567,540,98,97,116,647,666
1080: 387,1081,27,42,931,1008
1081: 387,1080,674,404,541,27
1082: 542,1083
1083: 542,169
1084: 543,312,300,1085
1085: 300,286,543,1084,841,301
1086: 130,1153,109,129,781,650
1087: 874,148,544,479,466
1088: 800,579,113,92,786,545
1089: 545,786,1065,112,133,684
1090: 744,1092,1125,141,547,142
1091: 230,210,386,586,229
1092: 744,1090,142,571,413,539
1093: 229,230,546,368,912
1094: 20,860,34,336
1095: 548,956,33,917,653
1096: 630,2,723,3,798
1097: 3,798,380,13,549,422
1098: 550,1099,813,281,529,245
1099: 425,1098,550,799,529
1100: 570,1139,551,573,76,815
1101: 95,424,792,551,1138,570
1102: 657,157,1107,811,552,178,1135
1103: 519,1105,553,1047,396,854
1104: 692,257,534,554,381,275
1105: 519,1103,553,1058,235,646
1106: 379,963,256,692,257,932
1107: 515,972,657,1102,178,592
1108: 1149,53,356,1042,839,575
1109: 53,467,968,1039,555,839
1110: 183,556,1111,184,535,202
1111: 689,1110,556,901,1070,535
1112: 1115,557,473,475,318,1009
1113: 829,558,370,283
1114: 337,283,298
1115: 1112,306,557,402,669,475
1116: 559,118,119,400,687,407
1117: 22,980,887,924,21
1118: 335,1134,827,99,1130,559,118
1119: 23,992,461,892,560,38,37
1120: 68,1121,485,104,85,561
1121: 68,1120,485,665,729,561
1122: 816,43,28,1123,29,562
1123: 28,541,606,43,387,1122
1124: 101,375,102,342,926,121
1125: 141,121,563,122,547,1090
1126: 191,1127,564,891,193,1060,192
1127: 346,531,564,191,1126,891
1128: 151,132,678,344,152,658
1129: 613,151,152,565,770
1130: 1079,567,98,1134,1118,118
1131: 1023,520,568,838,1132,1033
1132: 1033,1023,1131,460,989,163
1133: 197,1135,196,946,767,420,780
1134: 437,98,688,335,1118,1130
1135: 552,178,1102,592,946,197,1133,566
1136: 111,504,1137,92,756,678
1137: 569,71,91,902,504,111,1136
1138: 94,954,424,95,1101,114
1139: 570,1100,95,1062,115,815
1140: 615,629,162,181,161
1141: 539,571,838,615,162,520
1142: 572,702,1143,366,135,896
1143: 96,815,115,366,572,1142
1144: 697,1078,495,1145,77,516
1145: 573,77,59,495,809,1144
1146: 430,1147,15,4,350,846
1147: 806,15,773,574,1146,430,16
1148: 180,159,629,576,1150,685
1149: 1108,356,1042,651,575,675
1150: 200,199,962,576,1148,685,832
1151: 707,1042,72,620,670,91
1152: 499,577,90,670,828,71
1153: 130,110,1086,878,109