0: 1359,1195
1: 1197,930,895,1349,1981,817,1513
2: 2191,348,630,2193,3
3: 1096,798,2,2191,2193,1337,380
4: 2192,798,1635,1146,1364,2190,549
5: 2286,2288,1934,723
6: 1864,1372,1487,352,371
7: 2114,1375,2093,1964,373
8: 1633,1768,911,1386
9: 1390,805,887
10: 1466,1397,1390,9,805
11: 1401,12,761,1451,2059,25,1569
12: 1401,11,1405,26,1451,1569
13: 934,1385,380,1405,1408,26
14: 1989,1860,1642,1410,1588,1539
15: 2012,846,2286,2288,1146,430
16: 1647,574,812,17,1417,847
17: 352,812,1419,16,793,847
18: 2466,1386,443,1235,1234,2468
19: 1427,923,1072,2408,32,2142,2403
20: 1430,1768,860,8,1633,1490
21: 2011,35,1433,2245
22: 2239,1967,2245,887,1117
23: 2234,1675,929,478,1119,465
24: 1195,810,1977,377,1440,1355
25: 1569,11,2059,899,1537,1552
26: 831,1451,1405,13,1408,12,1097
27: 41,2157,1266,1080,634,1268
28: 1210,2237,2238,1122,2417,1661,2415,2054
29: 1518,1511,2240,910,1462,1123,1122
30: 1948,1462,879,910,863,1583,2091,1465,1843
31: 923,1072,1469,2115,1544,434,1073
32: 1200,2408,1427,19,2142,1204,2403
33: 2186,856,1727,1200,1474,1204,2400
34: 1094,2179,2182
35: 
36: 560,1525,38,1484,861,983,37
37: 1520,1525,36,983,362,1912
38: 2242,2036,892,560,1525,36,359
39: 1537,899,1504,698,1007,1689
40: 1729,1007,998,1888,1548,1247,2046
41: 674,1378,1552,1252,1081,2157,1266,27
42: 1568,1268,1743,931,1010,2050,1052,1739
43: 2416,1588,1989,1211,606,2240,1123
44: 816,2437,1217,2244,562,2054,2427,1577,608,61
45: 1465,1843,1583,434,2062,1055
46: 1745,1706,2143,2145,63,2144,1800
47: 2102,537,2406,602,548,1306,654,782
48: 1304,2105,1595
49: 1603,1032,1389,447,1366,1935
50: 1664,1034
51: 1572,1423,2216,555
52: 2134,411,1636,1563,1071
53: 1039,1973,1572,2216,2214,1109
54: 1302,651,356,2217,1108,869,1149
55: 1221,2440,2441,1255,74,2438,2313,2330
56: 584,2330,628,1255,1254,2326,1166,2051
57: 2490,2491,624,2492,1970,1254,1246,2493,490
58: 1970,885,2007,1743,1010,490,1454,1653
59: 1653,1657,1010,2050,1052,809,2006,495
60: 507,1053,1661,2415,1210,1008,1370,2054
61: 456,712,2437,44,1217,2431,1215
62: 2471,1238,2075,1054,1681,476,1800,747,1905
63: 2066,2143,2145,1681,46,1706,1800
64: 1713,2069,476,747,1905,1056,518
65: 2077,1057,524,1724,1036,725,769,406,1380
66: 444,1307,1305,914,2099,1327
67: 482,1953,663,1903,84,1828,1742
68: 2236,790,87,1818,1334,665
69: 2018,2137,1809,2140,1750
70: 1750,2137,2472,1237,1277,2470
71: 91,2271,1759,902,1137,2270
72: 575,777,2294,1151,2297,1835,1965,1759
73: 2072,800,1857,1765,419,1157,1345
74: 419,2438,2440,55,2313,1156,1157,2310,2311
75: 683,1493,1254,1246,2493,1776,2326,1166
76: 1100,77,2293,2208,516,2275,1139,815,2206,1506
77: 1100,76,2290,2293,2289,2161,2208,516,815,2206,1004
78: 1585,2044,1008,835,1649,1144,697,1502,1937
79: 1591,2431,456,712,848,1453,1783,746,1793,1772,704
80: 1804,746,456,1696,1591,1907,964,1593
81: 100,2473,1907,1925,1972,837,1566,1796
82: 1630,2069,1056,480,1612,83,850,722
83: 1823,850,1612,82,1630,101,401,722
84: 1828,1667,1953,482,67,1036,1742
85: 1120,2426,1828,1742,2241,2434
86: 729,1699,1886,2147,1831,1721
87: 1818,751,343,68,2149,665,426
88: 582,639,667,2140,1750,1277
89: 1766,1834,499,1559,131,1945,878
90: 577,1239,1237,670,2474,2305
91: 2271,71,1835,1965,1759,2302,1152
92: 756,2014,786,504,2312,1853,1088,2189,2273,1863
93: 1857,1765,1303,1877,1464,675
94: 424,2328,584,2326,1166,1493,1167,2051,2327
95: 532,2209,2276,570,2122,2129,114,2127,1062,889,2029
96: 2281,815,1719,1004,1506,115,2279,1143,1880,116,572
97: 540,2158,1590,1719,1004,2262,98,1880,2160,116,1079
98: 2262,1130,2158,97,2160,1079,2154
99: 2227,559,704,1550,1901,1593,1118,827,1558,2233
100: 81,2473,1804,746,1907,1593,827,837,1796
101: 1925,1972,1817,83,1823,850,2248,1124,1943,102
102: 1943,121,101,1972,1823,850,2248,375,1124,2246,1335
103: 857,2436,406,1380,1214,1421,1950
104: 561,1216,2426,1732,2432,409
105: 768,1955,1886,590,412,1831
106: 1074,1422,2147,1460
107: 127,1509,958,1961,642
108: 1069,2132,494,740,828,1993,596
109: 878,1766,2378,2375,1153,2373,2374,2303
110: 2304,1153,131,1945,2017,878,526
111: 2272,1137,2270,2032,1136,678,1841
112: 1317,344,1128,1406,1829,1315,1089,132,133,658
113: 954,2327,579,1167,509,2051,424,2187,2183
114: 2129,2127,1489,1138,2277,2276,570,1065,95,532,134
115: 2274,2279,1143,2122,815,2282,889,96,366,2278,1374,572
116: 1880,2160,97,96,2281,1079,572,1294,1295,647
117: 666,2264,1295,647,567,1314,1933,1316
118: 2232,1361,1130,2260,2268,2154,2264,567,400
119: 1116,2233,2227,559,1558,1974,1592,1388,2226,407
120: 1984,1592,978,1614,785,1354,483,1922,1968,489
121: 1943,102,1124,1363,2246,1814,2247,1335,1402,2249
122: 547,2185,563,2337,2335,1076,2153,2188
123: 1411,143,1076,2153,757,1995,144,2152
124: 1178,2364,886,694,2361,1240,2488
125: 1738,1178,2364,1904,738,2488,2486,1287,145,1286
126: 737,1281,1904,2004,2065,644,1737
127: 107,2135,533
128: 2496,1276,2323,2498
129: 2172,1896,1915,1086,781,765
130: 1298,1299,2374,2303,2106,2465,1231,650
131: 1945,2017,499,569,2272,89,1841,110
132: 2257,2013,1336,1406,1829,1044,1317,344,1128,112,2256
133: 658,2174,1315,1089,684,1317,112,1432,1340,345
134: 690,1909,1360,2129,114,2127,532,684,2029,1917,360
135: 2053,896,1921,2278,1374,1142,1541,696,1500,662,2026,500
136: 1379,928,500,896,702,1999,1560,884,2035,506,156
137: 659,1314,1384,1541,647,702,1316,1379,928,500,1560,706
138: 2226,1446,687,1361,400,1339,1387,367,1529,2005
139: 158,1473,820,1693,1301,140,834,999,1392,826,1519
140: 1300,1301,732,1717,1922,158,139,1473,1258,1392,826,629
141: 2249,1125,2246,2247,1335,1402,1780,802,2175,2188
142: 2188,1090,2185,2153,1411,143,1077,2152
143: 123,1411,2185,2153,1995,142,2188,144,1077,2152
144: 439,757,1995,123,1411,143,1866,2361,1615
145: 1287,2364,125,2478,2488,2486,1286,146
146: 1186,1242,2478,2486,1287,145,523,2379,2381,165
147: 737,1281,1770,167,1799,1420
148: 2499,635,2171,1087,479
149: 2487,2480,1986,1438,2377,2372,1189,1244
150: 2463,2449,1229,650,613,2371,616,2461,2121,2453
151: 2256,2456,1044,2447,2257,1128,1227,1229,1129
152: 2255,2254,1317,1128,658,2256,763,1129,565
153: 360,1941,690,789,876,2041,1578,1836,1457,645,154
154: 645,1288,1289,153,360,1941,876,1836,1457,898
155: 1362,1176,671,2350,2346,803,1461,403,589,1024,503
156: 506,136,884,1463,2035,1313,1357,803,1461,1367
157: 657,1102,1560,907,1312,2198,1313,1352,2201,811,2204
158: 139,1473,820,2005,732,1717,1570,1300,140,999,826
159: 1228,629,1301,160,1554,2448,576,180,2301,1496
160: 1258,652,1301,1225,2445,1256,159,1228,629,1140,181,2448
161: 2283,181,2455,2280,162,2457,355,1565,944,1445
162: 615,1523,2455,2280,161,971,1023,1565
163: 648,1131,2269,2258,460,1846,2266,1132,1293
164: 2265,1634,1551,2484,1599,2100,1930,1033
165: 1155,2306,146,1186,2379,2381,594
166: 1815,357,578,1556,866,1816
167: 474,147,986,1420
168: 2169,2163,993,1662
169: 2162,874,2163,1662
170: 595,1249,2173,1298,1299,2380,2494
171: 625,1245,2497,2483,1233,1248,2459,621,1806,2500,730
172: 491,814,1887,565,173,1571,1971,346,564,1996
173: 1163,1571,2041,1499,1578,1836,172,814,2333,2058,1996
174: 583,2331,2058,1996,2329,1919,1213,1014,1789,194
175: 1674,194,1014,1789,2349,1177,365,1954,1587,1326,195
176: 2350,2347,905,398,2080,1463,2329,1357,1177
177: 1135,566,2263,811,1471,2204,552,2207,1848,1594,1452
178: 1182,2207,1107,657,1102,2081,2201,552,566
179: 1580,2358,515,1182,428,1608,794,1324,1183,2362,1521,962
180: 2301,2300,1496,159,1228,629,2448,355
181: 1140,2448,1225,1228,2455,2284,2280,2457,355,161
182: 1617,971,1023,1846,2266,1445,556,1293
183: 1110,1111,556,1617,184,1293,2220,1631,2133,2219,2221
184: 1292,1293,648,1617,183,2353,1619,1631
185: 2370,2309,1154,1815,357,1715,204
186: 2130,1646,986,1002,1637
187: 1656,990,1597,713
188: 993,1662,341,1676,1668
189: 1668,1833,1003,726,209,1736
190: 2483,2481,2494,2377,595,1249,2480,1245
191: 1060,2253,211,1127,1740,742,2119
192: 2424,2252,193,1126,891,2034,1060,2253,1805,607
193: 2424,192,2252,1126,2034,2423,1805,2425,795,1212
194: 1674,175,174,583,2331,2329,2347,1014,1789,2349
195: 1694,1019,175,2349,589,1177,1362,1954,1587,216,1893
196: 1452,946,1024,503,1848,1594,1135,2030,897,2259,1698
197: 1491,198,2363,2267,2259,2261,423,1982,238,1812,780
198: 1491,197,2363,1135,2263,592,2267,2259,2261,1812
199: 1521,962,1608,1150,794,1324,2295,349,673,1703,1855,200
200: 1371,199,2295,1434,685,673,1703,832,1573,1704
201: 855,1711,1707,453,1467,901,2131,440,2139,222
202: 2133,2219,2136,2221,1175,2348,535,655,223
203: 588,224,2353,2351,700,1175,2352
204: 1321,185,1815,1508,1715,1404
205: 463,866,2324,1321,1515,661,959
206: 1002,1646,1712,580,2325,1159
207: 227,1720,1998
208: 985,459
209: 1623,726,189,1736,228,1000
210: 2390,2334,2392,1171,2339,1016,1194,2340
211: 2118,2121,531,1248,1061,2501,1740,742,2119,191
212: 1744,1774,2119,2357,2120,213,2386,2356,591
213: 2357,2120,1179,212,607,1792,591,2355,2354
214: 984,1643,1041,1749,393,1987,1047,233,2064
215: 365,1805,795,487,1326,749,1749,1752,2008
216: 1838,1362,1694,195,1019,2030,1893,1753,508,2048,1475
217: 1781,2078,1753,508,1475,414,1439,1868,1755,1803,396
218: 783,394,1478,420,1982,238,780,1758,2022
219: 1763,423,238,1812,780,1265,2022,788
220: 221,1271,433,1621,636,1270,258,637,2126,1272
221: 220,1271,1621,1068,636,1328,1769,2126,1272
222: 201,901,2131,2063,796,1068,2139,1070,752,1802,415
223: 1308,418,202,2133,2221,2348,535,655
224: 588,203,1175,1174,2352,1459,1660,1778
225: 1779,1671,449,1497,1381,454
226: 2320,818,1320,822,1791,1782
227: 207,1536,1546,1784,970
228: 721,1623,209,1000,1645,1786
229: 386,2010,1278,1601,2336,586,640,2176
230: 546,2181,1279,2178,1093,2184
231: 1031,391,1181,2391,2386,2356,510
232: 2355,1031,1181,849,1794,1900,1640,982
233: 1797,708,393,214,234,2064,517,2088,1810
234: 2064,393,984,233,1798,252,2088,1810,1017,854
235: 1351,2199,519,2092,1105,2202,1291
236: 1329,745,2078,1755,778,1803,1058,396,1512,530
237: 1512,862,1994,783,394,745,2068,1040,1788,2104,1808
238: 1812,780,197,1982,219,218,1758,2022,788
239: 1273,633,1757,1265,1540,433,1871,1263,636
240: 1328,637,1272,527,1443,2401,1205,241
241: 1985,882,240,527,1819,1205,2037,1202
242: 893,2038,655,1308,759,1822,1826
243: 1826,900,1822,1192,1870,2385,736
244: 1852,446,933,1447,425,1947,1342
245: 1284,813,1701,2195,264
246: 813,1494,913,2196,550,1284
247: 248,1861,1547,1938,2178
248: 247,1861,1437,942,945,1865
249: 925,1492,505,955,1867,2052
250: 2052,1867,1470,947,1338,267
251: 269,1479,1883,1275,1274,1343
252: 517,2088,234,1810,1890,952,2073,1726,1006
253: 1507,1185,2367,593,2202,1351,272,1898
254: 1059,255,1290,2450,711,1581,2442,1222,273
255: 254,1059,1323,530,960,1788,1290,2450,1906,1222,273
256: 525,1808,2068,1040,1524,2104,1983,1223,1929,2213
257: 2210,1369,2212,716,1377,932,275
258: 1270,220,2125,637,2126,2211,554,1066,601,2405
259: 1936,1382,1545,260,2402,383,973,976,1260
260: 2402,1202,1819,1985,1598,1936,259,976
261: 2383,2384,2382,2037,1192,2385,597
262: 991,2060,1942,2112,1733,1670,997
263: 1947,1942,799,1342,2112,529
264: 245,1701,457,2195
265: 1330,677,2231,1209
266: 1333,1655,605,915,682
267: 1442,638,250,949,1470,1338
268: 1442,638,686,410,1274,1811
269: 251,1479,695,951,1830,1343,754
270: 2366,2394,1507,372,957,760,1184,287,1872
271: 600,2394,2368,2396,1184,287,2395,2489
272: 1898,1351,1291,1290,253,2098,711,522
273: 909,1222,254,255,2450,1906,2443,1450,442
274: 1358,1666,1626,448,716,1377,1679,1441,452
275: 779,257,1369,716,718,381,452,1605
276: 727,1260,383,1382,2025,1610,888
277: 976,1261,1193,1936,1382,1260,1318,1695,631
278: 1201,2409,2384,2385,2399,597,2404,631
279: 1393,1203,1733,1201,2409,604,2407,2019,1748
280: 2317,1012,528,741,1027,1398
281: 2451,1098,1494,1226,2446
282: 2418
283: 1480,1113,2223,2228,282
284: 1456,686,1939,370,1412,750
285: 1455,753,1830,340,1842
286: 2430,1218,1618,2429,1839
287: 1184,1872,270,2368,271,1424,2428,610,2395,2435
288: 2482,289,1243,1444,623,2485,2479
289: 288,2482,1444,1932,2485,1899,1911
290: 873,937,909,1450,1626,448,2089,1666,1926,1555
291: 1979,2025,1610,1584,1458,307,888
292: 2460,1605,779,1679,452,1979,1353,617,2462,1458
293: 631,1318,1319,1172,2344,660
294: 587,2342,2344,660,295,472
295: 1882,472,587,2342,294,2087,908
296: 2319,1164,1538,2318,2321
297: 1476,2049,390,1531
298: 1534,1480,1114,2224
299: 1801,1501,701,1534,833,699
300: 2165,1424,1960,760,2166,417,1085
301: 347,1839,484,841,2082,1639
302: 429,1219,1528,840,1975,880
303: 603,1911,361,1207,2410,1956,1542
304: 2083,2412,766,1555,1399,1899,877
305: 2413,397,1574,2043,1049,1206
306: 2229,1584,1232,307,2230,1365,1350
307: 1376,888,291,2025,1584,405,306,1365
308: 1376,405,402,1365,679,904,1589
309: 908,1311,2087,1468,310,656,1596
310: 656,1596,1310,481
311: 1165,1602,2103
312: 2164,1084,936,1622,2166,417,1714,1085
313: 1627,436,1426,871,1889,940
314: 1639,347,1952,774,2021,1654
315: 1654,774,852,969,1673,450
316: 1207,2410,2413,1542,2411,470,1206
317: 318,1680,733,1688,1663,2015
318: 317,473,2222,733,1688,1009
319: 1691,1760,328,1001
320: 1688,1009,1894,1700,1741,1638
321: 421,771,1931,1264,1013
322: 632,1963
323: 1530,787,965,1813,1946,1723
324: 961,1553,1730,1844,1022
325: 649,1734,819
326: 797,455,1746,492,1849,1025
327: 1526,649,1297
328: 319,1754
329: 1638,981,2028,319,1691,1760
332: 1825,941,1431,1764,2057,751
333: 1538,1767,853,432
334: 1799,1416,1646,1420,1712,680
335: 1793,1772,1453,688,1134,1901,2260,1118,2268,2227
336: 2179,1773,2182,956,1503
337: 2224,1505
338: 949,1470,1869,1900,1640,1787,703
339: 2354,1179,1792,2355,708,1567,849,1652,1794
340: 1415,410,753,285,1394,1418
341: 1557,466,188,1807,1668,1833
342: 975,978,830,837,1566,375,1124,1592,1814,1614,926
343: 451,751,87,2149
344: 1317,1128,112,1406,1829,1315,2257,132,2013,658
345: 763,1887,1317,133,658,1340,789,2041,1499,814
346: 564,172,491,1571,1837,2250,1971,883,2251,1126,891
347: 301,1839,1616,1639,314,1952
348: 2002,2
349: 423,2359,794,1324,199,1491,673,1855,1763,859
350: 1860,1364,549,1488,1958,1410
351: 773,2291,1862,1725,844,1632
352: 812,17,1487,6,371,1419
353: 1621,1371,832,1573,855,433,1871,1068,440,1271
354: 467,1705,458,1629,1884
355: 2457,1228,181,2448,180,2301,2300,2283,161,1683,1876,453
356: 1878,1884,2215,1875,1108,54,1302
357: 1815,166,1881,578,185,2370
358: 987,1785,980,861,1878,1648,1302
359: 38,892,1525,1729,362,1888
360: 153,1941,690,134,1909,1917,1432,789,1836,154
361: 1528,2485,2482,1911,303,603,880,1956
362: 1923,1912,1888,1525,359,37
363: 885,627,1266,1914,1051,634,2007
364: 696,1500,662,2029,1472,1917,1921,1374,876,1288
365: 215,1213,1014,1789,175,2425,795,487,1587,1326
366: 1921,1062,2282,889,2274,115,1143,1472,2278,1374,1142,696
367: 1339,1387,138,1933,1316,2085,907,709,512,1575,1570
368: 1938,1865,717,1606,724,1400
369: 915,947,1338,1939,918,1456
370: 1564,2107,1939,284,1951,1412
371: 1419,6,919,922,1957
372: 957,921,270,2366,1498,760,1872
373: 2467,7,2093,1964,2466,618,1235
374: 924,2116,1762,1967,2242,1484,560
375: 2248,1124,1972,837,1566,102,342,975,1814,1335
376: 1976,2442,1346,2452,612,927,772
377: 1977,24,1355,992,1675
378: 1981,1440,1355,929,1913,478
379: 448,1929,1106,2213,2210,1626,1988,1377,932
380: 1337,1385,3,13,1408
381: 718,1369,1997,1579,967,779,275,2001
382: 1597,1665,2314,822,1720,1998
383: 973,2001,718,1382,259,2025,1610,1260,276
384: 1676,993,2003,1690
385: 2008,764,487,1954,1893,1643,1692,1047,758,1439,1868
386: 1244,2487,1189,2010,1278,1601,229,586
387: 1080,1081,404,2157,2156,541,2155,1568
388: 1697,2019,2042,1748,728,2343,1012
389: 1194,1196,730,1710,2020,742,1744,1774
390: 2049,2451,1226,614,643,297,1531
391: 1031,231,2391,510,955,1869,1900
392: 1037,868,1669,1895,2056,1687
393: 708,1987,1567,214,1652,1797,233,234,2064
394: 783,1478,218,1994,1758,237,2068,1040,1845,867
395: 462,1045,2018,69,1809
396: 1803,414,1439,1781,2078,217,553,2040,236,2200
397: 1944,877,2083,1574,399,1207,305,2413
398: 2080,1289,1325,2026,905,884,1463,2035,176,2350,1357,803
399: 664,1574,1230,943,1353,617,397,1944,2464
400: 567,118,1361,1116,666,2264,1446,138,1933,1339
401: 722,83,1823,850,1916,668,1943,1363,2341
402: 1365,1376,308,669,1350,1589
403: 1461,1367,1313,811,1471,155,1024,503,1848,1594
404: 1081,1253,775,1373,1378,2156,387
405: 727,307,1376,888,1409,308,679
406: 769,1380,2077,65,725,1908,1214,103
407: 785,119,1592,1388,2226,687,1984,1529,2005,732
408: 963,692,1524,2000,1395,2123,1064,1483,2128,534
409: 1180,1495,561,104,2365,498,2432
410: 753,1274,268,1811,340,1415
411: 1636,1684,1423,2070,462,52
412: 1428,1403,590,105,1955,1738,738
413: 1777,743,1780,1968,1435,1092,744,2445,1256,571
414: 1439,1868,1893,1753,508,758,1781,217,396
415: 748,1802,796,1068,222,1328,1769,1443
416: 1309,1821,2136,748,1802,2108,1443,1449,1046,893
417: 2166,1455,1960,1622,300,312
418: 1308,223,1175,2348,588,1459,808
419: 74,2438,1464,1220,2440,1857,73,1157,2310
420: 1902,767,1982,1133,1994,1969,783,1478,218
421: 1485,477,771,321,1931
422: 1097,831,2190,1488,1253,775
423: 349,2359,1491,197,1812,1763,219,1265,859
424: 94,2328,1166,1167,2051,1101,113,2327,1489,1138,2277,2276
425: 1497,933,244,1099,2194,1342
426: 1074,87,2149,665,729
427: 1795,1518,2091,1843,1015,1021
428: 2299,1608,834,999,1392,826,1519,179,1580,576,962
429: 302,1198,623,2485,1219,2397,1528
430: 1417,1533,2288,1147,15,2012
431: 1649,507,1053,2044,608,2433,1535
432: 2318,333,2103,916
433: 1540,1871,1371,1757,353,1273,239,636,220,1271
434: 1583,1544,31,45,2066,1073,1055
435: 2097,1791,1546,1782,864,1532
436: 1775,1582,731,1627,313,871
437: 688,1134,875,1078,1590,1772,540,2158,2262,2260
438: 843,879,1600,496,1628,2111
439: 144,1411,1866,2361,1551,1615,622,1240
440: 796,1068,2139,832,1573,855,201,1621,353
441: 906,1889,1624,940
442: 1450,1626,1988,1906,2443,1929,909,273
443: 1386,1633,18,1490,693,1234,2468
444: 1307,66,2180,1644,1304,1305
445: 1095,1474,956,1503,1650,2180
446: 1660,1778,1459,933,1447,244,1852
447: 1366,1389,1607,1664,49,1034
448: 379,1626,1988,1377,932,290,1666,274,452
449: 661,1671,1510,959,225,454
450: 1730,315,969,1413,1673
451: 343,1677,2146
452: 1679,1441,448,716,1377,275,274,292,1605
453: 689,944,355,2283,1707,1683,1876,201,1467,901
454: 864,1685,449,1510,1779,225
455: 1746,1687,1895,1029,492
456: 61,712,2437,1678,1215,1696,79,1591,80,746
457: 966,1562,1701
458: 1117,1629,1433,1705,354
459: 208,985,1437,942
460: 1735,523,1930,2258,1033,163,989,1132
461: 1407,924,2116,805,992,1762,1119
462: 395,2070,411,52,2134,1809
463: 866,1816,1158,2324,1321,205,1515
464: 1063,1067,1820,990,1656,187
465: 1824,478,23,2234,1436,698
466: 1557,705,1561,1827,1728,341,1807,735
467: 354,968,1832,1973,2215,1875
468: 1807,735,1986,2372,1833,1003,714
469: 1847,1400,1330,677
470: 1049,1206,316,2411,1874,1613,974
471: 2117,912,2184,925,1492,1879
472: 1882,295,1173,660,804,294
473: 2222,1331,1885,1722,733,318
474: 1282,1737,1283,167,2141
475: 669,1350,2229,2225,1112,1756,1894
476: 1800,747,62,2471,1238,1905,64,518
477: 1910,1589,904,421,1485,755
478: 1913,929,1873,23,1824,465
479: 1827,1896,1915,148,2171,1087
480: 1724,1026,1851,1056,82,1630,1347,769
481: 310,1596,1602,1310
482: 67,1920,914,1953,663,84
483: 1717,1922,785,120,1984,1354,732,489,652,1300
484: 841,543,1924,2168,301,2082
485: 1940,2235,2241,1903,672,1742
486: 1723,939
487: 1954,1587,1326,215,365,1752,2008,385,764
488: 1966,1022,1332
489: 1968,652,120,1354,802,1717,483,1922,1777
490: 2493,1776,57,2491,1970,58,1246,1454,2074,809
491: 172,814,2255,2254,763,1887,1499,565,1571,1971,346
492: 1029,455,1980,720,1025
493: 1628,1539,1989,843,2240,910
494: 2315,2132,1069,108,1160,1269,1993
495: 2006,835,59,1657,1585,2292,1145,1144,697
496: 1600,1533,1647,823,1628,438
497: 1035,1949,851,2015,327,1691
498: 858,2023,2432,1180,409,1495,2009,694
499: 569,1834,2024,2272,89,131,1945
500: 136,1379,928,135,2053,896,702,137,1999,2026,2035
501: 2027,1964,2084,920,1469,890,618
502: 1262,1038,1700,2039,739,2028
503: 1024,403,155,671,1848,1594,1838,2030,897,196
504: 2032,800,1345,1853,2273,1136,92
505: 2033,510,2061,1492,249,955
506: 156,1999,136,1379,928,1463,2035,1313,1352,1367
507: 60,1053,1008,1370,2054,1585,2044,431,1649
508: 2048,216,1753,1475,2055,414,1868,1781,217,950
509: 1167,2051,1156,2311,579,2187,113
510: 2061,2391,505,391,231,955
511: 2065,1005,948,958,642,1282,1737
512: 709,1575,2085,1387,367,907,706,1693,657,2081,2071
513: 1883,1543,1620,982,1890,2073,1479,951
514: 1577,1678,1795,1021,2075,994
515: 834,999,972,1575,2081,1182,1107,179,1580,2358
516: 2293,2289,2161,77,76,1078,2086,2206,1004,1506,540
517: 252,2088,1652,1797,233,1620,842,2073
518: 1851,1056,476,747,1011,64,2069
519: 1017,2199,854,2205,2092,1105,593,2202,235,1351
520: 1141,539,1599,568,838,615,1523,1131,2094
521: 2144,1306,537,1745,2102,2096,2090
522: 1199,2368,2396,1507,272,1898,2098,711,1897
523: 2100,1930,2484,146,1186,1242,1735,460,2381
524: 2102,782,2096,1990,2077,65,1057
525: 256,1808,960,1788,2104,1906,2443,1223
526: 1044,2447,1945,2017,1020,2304,110,2013
527: 2108,1443,1328,748,240,1046,1205,1985,882,241
528: 1048,2110,2042,1748,1027,1012,280
529: 1050,2197,263,799,2112,1686
530: 1323,1058,1329,236,1322,1788,1290,646,1059,255
531: 1837,2250,1971,770,2118,2121,211,1127,1740,891
532: 95,570,114,2127,1062,889,134,2029,1472,1917,1921
533: 2135,2138,642,127,107,1283
534: 2128,1395,2123,963,692,408,554,2210,1104,2212
535: 655,2136,202,2133,1309,1821,223
536: 2134,2137,1809,620,2476,2472
537: 1204,2403,2145,2406,2400,2144,1306,521,47
538: 2146,2149,2148
539: 1077,2177,2152,2150,2151,520,1141,1599,838
540: 2158,97,516,1590,2086,437,1719,1004,1506
541: 2155,2016,2156,2159,606,387,2420
542: 2167,1251
543: 1618,1085,2164,2168,484,841
544: 2172,1269,1267,1993,2171,1915
545: 2189,2014,786,2183,2124,2174,1315
546: 230,2181,1091,2117,1169,2184
547: 122,2185,563,2337,2249,1125,2188
548: 2186,1095,602,1307,47,654,2099
549: 2190,1488,2192,4,1364,350
550: 1098,1099,2196,2194,246,1494
551: 2203,2208,1429,1101,1100,2277,2209,570,2275
552: 2198,1102,2201,1471,2204,1182,2207,178,1135,566,177
553: 2205,2040,1439,2078,1103,1803,396,2092,2200,1322
554: 2211,1066,258,2128,534,601,1369,1104,1997,967
555: 2216,51,1423,1636,839
556: 1445,2218,971,1565,689,182,1617,183,1111
557: 1331,1885,1115,664,2230,2464,2043
558: 682,2107,605,2231,2419,1208,1951
559: 99,2227,827,1558,830,2232,1116,119,2233,1974
560: 1525,36,374,2242,38,1484,861
561: 104,1120,2426,2365,2243,409
562: 1015,1518,1511,1210,2237,2244,1795,816,44
563: 1363,2246,2337,1168,2341,2247,2249,1125,122,547
564: 346,172,814,1571,1971,1996,883,2251,891,1919
565: 152,2255,2254,1129,1927,172,491,1837,1971
566: 1135,177,2263,2204,552,1182,2207,178,1594,592,2261
567: 400,1079,2154,2232,118,1361,117,666,2264,1446
568: 1599,838,520,2265,1131,2269,2094,1033
569: 499,2271,2270,2024,2272,131
570: 2209,2276,551,2275,2122,1139,114,95,532,1062
571: 2285,2151,413,1435,1225,2445,1256,2284
572: 1294,1541,115,1143,96,2281,116,2278,1374,1142,2053,659
573: 2290,792,1776,1454,2074,809,1657,1145,2293,2203
574: 2291,1632,1147,1417,16
575: 72,777,2294,1991,2298,1151,2297
576: 1148,1150,1554,1519,159,2299,428,2301,1496,962
577: 1239,90,1356,2476,2302,670
578: 594,2306,2308,1881,1556,357,166
579: 2311,1156,2310,509,2312,1088,2187,2189,113
580: 2325,206,2324,1159,2314,2320,818
581: 2318,2321,1468,1596,1165,1602
582: 88,639,1276,2323,2322
583: 174,2331,898,2058,905,2332,2329,1014,1674,194
584: 2330,56,1254,1156,2326,1166,1167,2051,94
585: 1751,1950,2338,2335,1076,2153,757,988,1995
586: 2336,1171,2339,386,2010,621,229
587: 2342,294,2079,295,1485,771,2087
588: 224,203,1175,2348,418,1459,1778
589: 2349,1177,2350,1674,1362,155,1176,1694,195,1019,1838
590: 870,1886,1403,2360,412,105
591: 1792,2355,1744,212,2120,213,1179,2356,1181
592: 1182,2207,566,2263,1324,1183,2362,198,2363
593: 2367,2202,1810,1017,519,1726,1006,253
594: 2376,2381,1186,1735,1155,2306,165,1881,1187,578
595: 170,1249,1299,2380,1438,2377,2480,190,2494
596: 2378,2375,108,740,1766,1267,1993
597: 2385,2399,1192,2384,261,2404,278
598: 2389,1197,930,784,2387
599: 2391,2386,1194,1196,1744,2390,2392,2061
600: 271,2368,2396,1241,1030,2395,2489
601: 2405,2401,258,637,2211,554,967,2398,1545,1202
602: 2406,2400,2186,548,47,654
603: 303,1899,1911,2083,2412,361,1207,2410
604: 1319,2407,1201,2409,279,631
605: 1425,1655,266,2419,558,682
606: 1211,836,2159,43,2416,541,2238,2420
607: 2422,1060,2424,192,2252,2357,213,1179,1212,2354
608: 2433,2431,1053,2054,2427,44,1217,431,1535,848
609: 2434,1216,725,1828,1667,1214,2436,1732
610: 1218,2428,287,2395,2435,2430
611: 881,1978,1912,2439,995,1221,628,1255
612: 2452,2089,2442,909,1222,376,1976,772
613: 1129,1927,2456,2254,2449,150,770,2121,2453,1837
614: 643,390,2454,1531
615: 1523,162,2285,2151,520,1141,838,2455,2094
616: 2371,1188,2497,150,2461,625,1233,2459
617: 2462,2458,1679,1441,292,1353,1232,399,1230
618: 2115,1964,501,373,2467,1469,890,2469
619: 1527,1236,1678,994,2471,1238,1905,2475,719
620: 1356,2476,2296,2134,1071,536
621: 2010,2483,2481,171,1806,2500,586,2339
622: 2484,1240,439,2361,1551,1615,2478,2100
623: 2485,2479,1241,1198,2489,288,429,1528
624: 872,2492,1247,1978,57,628,1254,1246
625: 171,1245,1188,616,2497,2461,2494,1233,2459
626: 2495,2323,2498,1250,2316
627: 1266,1252,1689,998,1914,363,634
628: 1255,881,611,1978,872,624,1221,1254,2330,56,2326
629: 159,1228,1300,1301,140,160,1258,1256,1554,826,1140,180,1496
630: 1840,348,2,2193
631: 293,277,1261,2404,278,2409,1318,604,1319
632: 1718,322,1962
633: 1273,239,1757,1265,1263,788,636,1395,2125,1064
634: 2007,1743,627,1266,27,1080,363,885,1268
635: 1250,2316,1162,1160,1269,148,2499,2171
636: 1540,433,1273,633,239,220,221,1271,1270,2126
637: 2126,1272,220,1328,258,240,601,2405,2401,1205
638: 1442,267,949,1275,268,1274
639: 582,88,1277,2322,2315,2132
640: 1702,1278,229,824,2176,2181,1279
641: 1770,1280,1287,644,1286,1281,2379
642: 1509,958,511,107,1282,1283,533
643: 614,1226,2446,2195,390,1285,2454
644: 1286,1904,738,2004,126,1281
645: 1288,154,1289,153,876,1457,1344,2333,898,1161,2332,2080
646: 1291,1290,2200,1105,1322,1323,530,1059,711
647: 1295,116,1294,1541,117,2264,659,1314,137,1316
648: 163,2258,2266,989,1659,1132,1292,184,1293,2307
649: 325,1526,327,1297
650: 2106,2465,1229,1298,1299,130,2463,150,1249,2371,1188
651: 54,1302,869,1149,1303,1877,762
652: 1968,489,1717,483,1922,1777,743,1300,160,1258,1256
653: 1503,1650,2182,917,2105
654: 1920,782,602,548,1307,47,2099
655: 535,202,1309,1308,223,1449,242,893
656: 310,1931,776,1013,1310
657: 1102,157,907,1312,706,512,2198,1352,2081,2071,2201,178
658: 133,1315,1089,1317,344,112,1340,152,763,1887,345,2041
659: 1314,137,1384,572,1294,1541,647,702,1379
660: 1173,293,1319,2344,2342,294,472
661: 449,1321,205,1671,1404,959
662: 364,696,1500,1374,135,2053,896,1288,1325,1344,1999,2026
663: 1903,914,1327,1032,482,67
664: 1574,399,1230,2464,2043,1331,557
665: 729,1699,68,87,1818,1334,426
666: 117,2264,1361,1295,567,400,1933,1316,1339
667: 2140,1276,582,88
668: 1916,681,401,722,1363,1168,2341
669: 475,1350,402,1910,1589,1756
670: 2302,1152,577,90,2305,1834,2024
671: 1362,155,1176,1461,1024,503,1019,1838,2030,897
672: 1935,1032,1903,1940,485
673: 1703,1855,199,349,200,1371,1757,1265,859,1540,1871
674: 1378,41,1569,825,1253,1552,1252
675: 1303,777,2294,93,1765,1383
676: 1391,1771,1767
677: 1400,1425,2231,2419
678: 2273,1136,2272,111,1841,1336,1863,1406
679: 2079,904,405,2345,1409,308
680: 1712,1416,334,1556,1816,1158
681: 1916,668,1908,1380,1421,1168,2341,1170
682: 558,2107,605,266,2419,918
683: 75,1493,2493,1776,2074,1166,792,1429,1101,2203
684: 2124,1065,1360,2174,1089,134,1909,133,1432
685: 1711,1148,2301,2300,1496,1434,1876,200,1704
686: 284,1456,1442,268,750,1811
687: 2226,1446,138,1116,1388,407,1387,1529,820,2005
688: 437,1134,1502,1535,1937,1453,1783,875,1590,1772,335
689: 453,944,2283,1565,1445,556,2218,1467,901,2131,2220
690: 134,1909,1360,2127,2029,1472,1917,153,360,1941,876
691: 2135,1477
692: 963,408,1983,1483,534,1106,2210,1104,2212
693: 1490,1773,443,2468,856,1727
694: 498,1495,2009,1651,886,1428,1178,124
695: 951,1482,269,1479,2113,1830,921,754,957
696: 364,1500,662,1472,1921,366,1374,135,896,1344
697: 1502,495,835,1585,78,1144,2289,2161,875,1078
698: 1504,1824,465,899,1436,39
699: 833,299,298,1534,1505
700: 1508,1715,979,2309,2351,203,2352
701: 829,1412,750,1501,299,1534
702: 1142,1294,1541,2053,896,659,1314,137,136,1379,500
703: 1787,949,338,1883,1543,1275
704: 1550,1901,1453,79,1591,746,1793,1593,99
705: 1557,1561,466,1087,1827,479,1728
706: 907,1312,1314,137,1384,1933,1316,2085,1560,512,657
707: 1071,1563,1042,1151,2297,2296
708: 393,1987,1567,2354,339,1652,1794,1797,233
709: 512,1575,2085,1387,367,1529,1693,1570,2071,972
710: 1549,1832,1572
711: 2098,1351,1291,1290,646,254,272,1581,522,1976
712: 456,61,1217,2433,2431,848,1453,79,1591
713: 1597
714: 1189,468,2372,2487,1003,1716,1601
715: 1349,934,1197,2387,1604,1992,1385
716: 1377,932,257,1369,779,275,274,452,1605
717: 945,1865,368,1847,469,1400
718: 381,1579,779,275,383,2001,2460,1979,1610
719: 1905,2475,619,1236,1713,2477,1817,1658
720: 1980,1586,1029,1613,974,492
721: 228,1731,1609,985,1645
722: 401,82,1630,1347,83,1823,1916,668
723: 1635,1368,1934,1096,5,2286
724: 1606,2095,1938,1093,912,368
725: 1036,2077,65,1667,406,1214,609
726: 1623,209,384,1676,1668,189,1690
727: 1260,276,2025,1695,888,405,1409
728: 2343,804,1697,388,1396,2319
729: 665,1699,426,1074,86,2147
730: 1710,2020,171,1233,1248,2501,1806,2500,389
731: 1582,1576,1714,436,1627
732: 820,2005,785,407,1529,1717,483,1922,158,1473,140
733: 1680,1722,1874,473,317,318
734: 1414,1862,1934
735: 1807,468,1728,765,1986,2372
736: 900,243,2385,2399,991,1203,1733
737: 126,1281,474,1737,147,167
738: 1904,412,768,1955,125,1738,644,1286
739: 2039,1858,894,1700,1741,502
740: 1559,828,108,1766,1993,596,2375
741: 1027,1854,1476,297,280,1672,1398,1771
742: 2119,1248,2501,211,2020,1060,191,389,1774,2120
743: 1777,413,1354,1780,802,1968,652,744,1256
744: 1435,1092,1780,802,2175,1090,1777,743,413,2177
745: 1329,236,2078,1755,950,778,1058,1512,237,862,1788
746: 80,1804,456,79,1591,704,1550,1593,100
747: 476,1800,1706,62,1011,64,518
748: 1802,415,796,1328,416,1821,527,2108,1443
749: 1041,1212,1805,795,215,1749,1752
750: 1412,284,686,1501,1811,701
751: 1825,332,2057,343,87,1818
752: 1070,2136,2131,2063,222,2133,1802,1821
753: 410,1274,1830,1343,340,285
754: 921,269,695,1830,1842,1498
755: 1858,894,477,1910,421,321
756: 92,2014,786,2273,1863,1406,1829,1315
757: 988,1995,585,1651,123,144,1866
758: 1692,1047,385,984,414,1439,1868,1103,2040
759: 1308,242,2076,808,1826,1870
760: 921,372,270,1960,1498,1872,300,1424
761: 1873,817,1913,1401,11,2059
762: 1877,1464,651,869,1682,1856,1220,2440
763: 1887,345,1317,1128,658,152,2255,2254,491
764: 2008,385,487,1954,1587,1326,1694,1752,1893,1047,1868
765: 1986,1896,129,781,1728,1438,735
766: 1932,1926,873,772,1555,1899,2412,304
767: 1475,2055,897,946,2048,420,1902,1698,1781,950,778,1969
768: 105,1955,1005,1831,1904,738,2004
769: 406,1380,1724,480,65,1347,1908
770: 2118,2121,2453,613,1927,1837,531,2250
771: 2087,587,421,1485,321,1931
772: 1444,927,1346,376,2452,2089,612,1243,1932,766,1926
773: 351,2291,2287,734,1862,1934,5
774: 1952,852,1522,315,1654
775: 1958,1373,422,1488,1253,404
776: 1761,1013,1310,322,1963
777: 72,575,2294,675,1965,1759,1383
778: 1755,950,767,1781,1994,1969,745,236,1512,862
779: 275,1369,716,718,381,292,2460,1605,1979
780: 238,1812,2267,197,1982,1133,219,1478,218,1758
781: 1086,2173,129,765,1986,2380,1438
782: 1920,654,47,2102,524,1953,1990
783: 394,1478,218,420,1994,1512,237,862,2068,1845
784: 2002,598,2387
785: 407,1388,120,1984,820,2005,732,1717,483
786: 92,756,2014,2189,545,1829,2174,1315
787: 965,2021,1813,323
788: 1263,1043,238,1763,219,1265,2022,633
789: 1432,1340,1089,1909,153,360,1941,345,2041,1578,1836
790: 2236,68,2235,2057,1747,1818
791: 2067,1844
792: 2290,573,1776,2074,683,1493,1145,1429,2203
793: 847,17,1419,1375,2084,2027
794: 1324,1183,179,199,1521,349,2359,1703,1855
795: 1805,2425,2423,1213,1014,193,215,365,1212,749,1752
796: 1068,440,2139,2131,1621,222,1769,748,1802,415
797: 326,1746,324,961,1849,1022,1332
798: 3,1096,1337,1635,2192,4
799: 2194,1342,263,1098,2197,529
800: 73,2072,1157,1345,2032,504,1853
801: 2109,1768
802: 1780,1614,926,1335,1402,141,1354,1968,489,1777,743,744
803: 2346,1357,398,1463,2035,156,2350,1461,1367,155
804: 728,2343,1173,1882,472,1396
805: 10,1397,9,992,1407,461
806: 1259,734,1368,1934
807: 1075,1422,1486
808: 2076,1447,1308,418,1459,759
809: 1454,2074,490,1653,59,1657,2290,573,1145
810: 2393,24,1977
811: 1471,2204,2198,1313,1352,157,1461,1367,403,1848,177
812: 352,17,1632,1487,574,16
813: 246,1494,1284,245,2446,2195
814: 172,491,1887,345,1499,1578,173,1571,564
815: 2206,2208,77,76,2122,1139,1004,1506,2274,115,2279,96
816: 2437,44,2244,562,1015,1795,1577
817: 1981,1513,1913,761,1401
818: 226,2320,2324,580,2325,1320,1515
819: 1734,1849,1025,1526,325,649
820: 2005,732,687,785,1529,1717,1693,1570,158,139,1473
821: 1531,1224
822: 226,2320,1998,1536,1782
823: 2012,1533,1642,496,1628,1539
824: 1000,1702,640,1547,1786,1279
825: 831,1451,1569,1253,674,1378
826: 1554,1519,158,139,1300,1301,140,1392,629,428
827: 1558,830,1550,1593,100,99,559,1796
828: 740,1559,1069,2474,2305,108
829: 701,1564,1412,2228,1480,1534
830: 827,1558,559,837,1566,1796,1974,1592,342,975
831: 26,1451,1097,422,825,1253
832: 1573,1704,1711,200,855,1871,353,440
833: 699,299,1801,1582,1576
834: 999,972,515,1693,139,1392,1580,2358,428,1608
835: 2006,495,1585,2044,78,2292,1144,697,1502
836: 1410,1588,1958,1373,2159,1211,606
837: 1566,1796,100,81,2473,1972,830,2248,375,342
838: 1599,568,539,845,2150,520,1141,2265,615
839: 1563,2216,555,2214,1611,1042
840: 1975,1219,302,1616,1952,1522
841: 484,543,1618,1085,286,301,1839
842: 1620,982,849,1652,1794,1797,517,2073
843: 438,879,1628,493,910,1948
844: 1632,1725,1864,1487
845: 2152,2150,1411,1634,1615,1599,838
846: 15,2012,1146,1364,1860,1642
847: 793,16,1647,1600,2084
848: 1453,1783,608,2433,2431,712,1535,79
849: 1652,1794,2355,339,232,1640,1620,982,842
850: 83,1823,1817,1658,1612,82,101,1925,1972,401,102
851: 1663,2015,327,1035,497
852: 1522,1669,774,315,969,2056
853: 1767,2317,1672,1398,1164,1538
854: 1017,2199,519,234,2064,1798,1103,2205,1810,1006
855: 201,1711,1707,1876,832,1704,1467,2131,353,1068,440,2139
856: 2468,693,1234,1727,1200,2408,33
857: 2436,103,1950,1732,1751,858
858: 498,2023,2432,857,1732,1751,988
859: 1757,1265,349,423,673,1855,1763,1540
860: 1430,20,1094
861: 1484,1785,560,36,358,1648,983
862: 1512,237,1755,778,1994,1969,783,1478,745,2068
863: 1583,879,1790,30,1948,2031,1465
864: 1685,454,1510,1791,435,2097
865: 1416,2308,1770,1280,1155,1799,1556
866: 463,1816,1815,166,1321,205
867: 1524,1845,394,1758,2022,1263,1043,1040,2000,1395
868: 1542,1037,1956,392,1895,1850
869: 1682,987,54,1302,651,1877,762
870: 1886,590,1121,1334,1699,2360
871: 436,1775,313,1889
872: 624,2492,1923,1548,1247,881,1978,2490,628
873: 937,290,1450,2452,2089,1666,766,1926,1555
874: 2162,2170,1087,169,705,1561
875: 1078,1590,2086,697,1502,1937,688,437,1134
876: 690,1472,1917,153,1941,364,1500,645,1288,154,1344
877: 397,1944,1555,1399,943,2083,2412,304
878: 109,1766,89,1945,2375,110,1153,2303
879: 438,843,1790,2111,30,1948,863
880: 1037,1956,302,1528,361,1975
881: 611,1978,1923,1912,2439,872,628
882: 1985,241,527,2108,1046,1819,2382,2037
883: 1996,1571,346,564,2331,2251,2034,2423,1919,1213
884: 1463,2035,1325,1344,1999,2026,136,398,2080,156,1357
885: 363,1914,1051,634,2007,2491,1970,58
886: 2009,1651,694,1866,2361,1178,124
887: 2011,9,2245,1407,924,22
888: 307,1376,291,2025,727,1260,276,405
889: 1062,2282,2122,95,532,115,2029,1472,1921,366,1374
890: 1469,920,501,1790,618,2115,2031
891: 2251,1126,2034,531,2250,1971,346,564,1127,1740,2253,192
892: 2036,1436,38,1504,359,1729
893: 242,2038,1309,416,655,1308,1449,1046,1822
894: 1858,755,321,2039,739,1264
895: 2047,1359,930,1,1981
896: 135,2053,1142,696,662,702,1344,1999,2026,136,500
897: 2030,671,503,1848,1452,946,196,767,2055,1902,1698
898: 2333,2058,1578,1457,645,154,1289,1163,1161,2332,583
899: 2059,1873,1824,25,698,1537,39
900: 1826,243,2060,1870,2385,736,991
901: 1467,2131,689,453,1445,2218,201,2220,2063,222
902: 1383,1759,2072,71,1137,2270,2032
903: 2060,1870,2076,1852,1947,1942
904: 2079,679,308,477,1589,1485
905: 1161,2332,1289,398,2080,583,2329,176,2350,2347
906: 441,1624,1517,787,1018,1813
907: 1312,706,1316,2085,367,512,1575,657,157,2071,2201
908: 309,1311,1882,295,2087,1468
909: 1222,273,2450,2442,1450,442,2452,2089,612,290
910: 2240,493,843,30,1948,1462,1123,29
911: 1386,2093,2109,8
912: 1093,2184,471,724,2095,1879
913: 2196,1685,2097,1859,246,1284
914: 2099,66,1920,1327,1953,482,663
915: 369,947,1333,2101,266
916: 432,333,2103
917: 2182,653,2105
918: 1939,266,369,915,682,2107
919: 1348,1372,6,371,922
920: 2084,1600,2027,501,1790,2111,890
921: 754,695,2113,372,957,1498,760
922: 1957,1348,919,371,2109
923: 31,1072,2115,1427,2469,19,2142
924: 1407,461,2116,887,22,1967,374
925: 1492,249,471,1879,2101,1867
926: 1814,1614,1124,342,1335,1402,1354,1780,802
927: 1444,772,1346,376,1976,2452,1243,1030,1932
928: 136,1379,500,137,1560,2035,506,1313,1352
929: 1675,1355,378,1913,478,23
930: 598,2389,1197,1359,2047,895,1,1349
931: 2155,2016,1568,42,2417,1661,1739,1370
932: 716,1377,1106,2210,257,2212,448,379
933: 1497,1381,1660,446,1778,244,425
934: 1349,715,1385,1513,1405,13
935: 1389,1304,1595,1305,1603
936: 1622,1418,1394,731,1576,1714,312
937: 873,290,1358,1666,1555,1399
938: 1671,1404,1508,1174,1660,1381
939: 1530,1413,486,1723
940: 1624,313,1426,1924,1889,441
941: 1825,332,1034,50,1677
942: 1437,985,1645,1861,459,248
943: 1399,1358,1441,1353,1944,877,399
944: 689,453,2457,2283,161,971,1565,1683,1445,2218,1467
945: 1865,717,1437,248,1448,1847
946: 1452,196,1594,897,2259,2261,767,1902,1698,1133
947: 369,915,2101,1867,250,1338
948: 1460,1721,1005,958,511,2065
949: 1470,338,703,638,267,1275
950: 1755,778,508,767,1475,2055,1902,1781,2078,1994,1969,745
951: 695,1482,513,1890,952,269,1479,2113
952: 1890,2073,252,1810,1726,1006,951,1482
953: 1486,1961
954: 113,2327,1167,2187,2189,1489,2183,2124,1065
955: 505,510,391,249,1869,2052
956: 1773,336,1727,445,1474
957: 372,695,2369,2113,1507,1185,921,270,2366
958: 1509,1959,948,1460,511,642
959: 1510,205,1320,1515,449,661
960: 1788,2104,1512,1323,525,1808,1059,255,2450,1906
961: 324,1553,1516,1746,797,326,1022
962: 199,1521,179,2299,428,1608,1150,576,2295,1434,1703
963: 692,408,1524,2000,1395,1983,1483,534,2213
964: 2477,1907,1696,1527,1236,80,1804
965: 2021,1654,1530,323,1673
966: 1784,1532,1562,1701
967: 1997,1579,2211,554,601,2398,1545,381
968: 1481,1705,1832,354,467
969: 852,315,1516,2056,450,1553
970: 1562
971: 1023,1565,162,1846,2266,944,1445,556,182,1617
972: 834,999,515,709,1575,1693,1473,2081,2071,1107,1580
973: 383,2001,1579,2398,1545,2402,1936,1382,259
974: 470,1874,1613,1680,1586,720
975: 342,978,1558,830,1566,1796,375,1974,1592,1388,1614
976: 277,1261,260,1598,1193,2383,1936,259
977: 1690,1609
978: 342,975,1592,1388,1814,1614,120,1984,1354
979: 2307,1154,1292,2309,2353,1619,2351,1715,700
980: 1785,1629,2239,1884,1878,358
981: 329,1638,1688,2015,497,1691
982: 1620,842,232,849,1640,1787,1543,513
983: 1648,861,36,37,1520,1641
984: 214,1643,2008,1692,1047,758,234,2064,1798
985: 208,1731,721,1645,459,942
986: 1646,1420,167,2141,186,2130
987: 358,1878,1648,1302,869,1682
988: 757,1995,1751,585,858,2023,1651
989: 1659,1132,1735,460,2376,2381,648,1187
990: 464,1067,1637,187,1597
991: 262,900,2060,1870,736,1733,1670
992: 377,805,1675,461,1119
993: 188,1662,2169,168,2003,384,1676
994: 1021,2075,1577,514,1678,2471,1238,1527,619
995: 2439,1520,1641,1856,611,1220,2441,1221
996: 1684,2070
997: 2110,1686,262,2112,1048,1670
998: 1689,40,1007,627,2046,1914
999: 834,972,515,1575,1693,1570,158,139,1473,1392,428
1000: 824,209,1736,1702,228,1786
1001: 319,1760,328
1002: 206,1646,186,1712,1637,1159
1003: 1833,468,189,714,1736,1716
1004: 1719,1506,77,516,1590,2086,815,2206,540,97,96
1005: 1831,768,948,1721,2004,511,2065
1006: 1726,252,2088,1810,1017,854,952,2367,593,1482
1007: 1729,40,1504,39,1689,998
1008: 1739,1370,2050,507,60,2006,1585,2044,78
1009: 320,1688,2222,1112,1894,318
1010: 2007,1743,42,58,1052,1454,1653,59
1011: 1745,1706,747,2090,1851,518
1012: 2317,280,2042,528,1697,388
1013: 1761,776,321,1931,656,1264
1014: 1789,174,583,2331,2423,1919,1213,175,194,795,365,1326
1015: 562,1518,1511,2091,427,1795,816
1016: 1806,1710,1171,2339,1194,210,2392
1017: 2199,519,854,234,1810,1726,1006,593,2202
1018: 906,441
1019: 1694,195,2349,589,1362,1176,671,1954,216,1838,1753,2048
1020: 1841,2017,1336,526,1044,2013
1021: 2062,2075,2091,1843,427,1795,1054,514,994
1022: 324,961,1332,488
1023: 971,1565,1523,162,2269,2094,1846,1445,182
1024: 503,2346,1461,1367,403,1471,1362,155,671,1848,2030,196
1025: 1849,492,1980,1526
1026: 1724,480,2096,2090,1851,1057
1027: 741,1854,2110,2045,528,280
1028: 1595,1389,935,1607
1029: 1613,1850,1895,455,492
1030: 1241,1243,2396,1897,1346,600,927,2479
1031: 391,231,1181,2355,232,1900,1640
1032: 49,1603,1327,663,1903,1935,672
1033: 2258,568,164,2265,2100,1930,1131,2269,460
1034: 1664,447,1366,941
1035: 1949,497,327,1297,1754
1036: 725,1953,1990,2077,65,84,1667
1037: 880,1956,1975,868,1669,392
1038: 1262,502,2028,1760,1709
1039: 1973,53,710,1832,1572
1040: 2068,394,237,1524,1845,867,256,1808,1983
1041: 1212,749,1805,2422,1749,1752,2354,1987,1567,214
1042: 1991,2214,1611,1563,839,707,2297
1043: 1263,788,1758,2022,1524,867,2000,1395,1064
1044: 526,2447,1020,2257,132,2013,1227,151
1045: 996
1046: 1449,416,527,2108,893,2038,882,2382,2037
1047: 1692,758,2008,385,764,214,984,1643,1868,1798
1048: 1670,1393,2110,997,2042,1748,528
1049: 470,1206,305,2043,1722,1874
1050: 2197,529,2451,1686,2045,2049
1051: 2046,1914,1247,363,885,2492,2490,2491,1970
1052: 2050,1743,42,1010,1739,1653,59,2006
1053: 507,60,2054,2427,2044,431,608,2433
1054: 1055,1681,1021,2062,2075,62,1238,1800
1055: 1054,1681,45,434,2066,2062
1056: 1851,518,64,2069,480,1612,82,1630,1347
1057: 2077,65,2096,524,1724,1026
1058: 1803,2078,1329,745,236,2200,1322,1323,530
1059: 254,255,1323,530,960,1290,646,2450,1581
1060: 191,2253,742,2119,2424,192,2357,2120,607
1061: 1233,1248,2459,2501,2461,2118,2121,211
1062: 2282,889,2276,570,2275,2122,95,532,2274,1472,366
1063: 464,1067,1892,1477,2130
1064: 2125,2123,1263,1043,1273,633,1395,1270,408
1065: 2183,2124,1360,954,2327,1489,2129,114,684
1066: 2211,554,2125,2123,1270,258,2128,2405
1067: 1063,464,186,2130,1637,990
1068: 796,440,2139,855,1621,353,222,221,1769,415
1069: 2470,2474,1237,1277,2132,494,108,828
1070: 2136,752,2220,2063,1110,222,2133,2219,1821
1071: 707,1563,52,2134,620,2296
1072: 31,923,19,1073,2143,2142,2145
1073: 2066,2143,1544,31,1072,434
1074: 426,729,1422,1514,2147,106
1075: 1422,1514,538,2148,807
1076: 2153,2337,1170,2338,2335,585,122,2185,1995,123
1077: 539,2177,142,2188,1090,143,1092,2152,2150
1078: 875,1590,2086,1144,2161,697,1502,1937,516,437
1079: 2154,97,1130,98,1880,2160,116,1295,2264,567
1080: 387,1081,2157,27,2155,634,1568,1268
1081: 404,2157,1253,1378,41,2156,387,1080
1082: 2167,2163
1083: 2163,2169,168
1084: 2164,312,1714,1627,1426,2168
1085: 543,1618,2166,2165,300,1218,2164,312
1086: 781,2173,2172,1190,1191,129,1298
1087: 148,2499,874,1827,479,705,1561
1088: 2312,1853,1345,579,2187,2189,92,2014
1089: 2174,1315,2124,684,112,133,658,1432,1340,789
1090: 142,2188,1125,2185,2175,1092,744,1077,2177
1091: 2176,2181,2336,2340,546,1169
1092: 1435,744,1780,2175,1090,413,1077,2177,2151
1093: 912,2184,230,1938,2178,724
1094: 34
1095: 445,1474,2186,2180,548,1307
1096: 3,798,2193,1368,723,1635
1097: 422,1408,2192,26,831
1098: 550,799,2194,1494,2197,281
1099: 1497,1779,425,2196,2194,550
1100: 77,76,2290,1145,2293,2289,2203,551,2208,1139,2206
1101: 1429,683,1493,424,2328,2203,551,2277,2209,2276
1102: 657,157,2198,2201,2204,552,178
1103: 1798,1692,758,2205,553,2040,2199,854,2092
1104: 1369,2212,692,2128,534,554,1997
1105: 2092,2200,519,1322,235,1291,646
1106: 1929,2213,1983,1483,692,2210,1988,379,932
1107: 1182,2207,178,2081,2071,2201,972,515,1580,2358,2362
1108: 2217,2215,356,1109,54,1149
1109: 2214,1611,53,2215,2217,1108
1110: 183,1111,2218,2220,2063,1070,2133,2219
1111: 183,1110,1445,556,2218,1617,2220,2219
1112: 1885,2225,475,2222,1894,1009
1113: 2223,2421,2418,282
1114: 1480,283,298
1115: 1331,1885,557,2230,2464,2229,2225
1116: 119,2233,559,2232,1361,1388,400,2226,1446,687
1117: 458,1629,1433,2245,887,22,2239
1118: 2260,2268,1134,1793,335,1901,99,2227,2232
1119: 1762,992,1675,23,2234
1120: 85,2426,2241,1747,561,2243
1121: 2365,2243,2236,1334,2360,870
1122: 1123,2416,2238,29,1511,1210,2237,28
1123: 1122,43,2416,2240,910,2238,29,1511,2237
1124: 2248,375,101,1943,102,121,342,1814,926,1335
1125: 2249,141,563,2247,547,2185,1780,2175,2188,1090
1126: 2251,891,2034,346,1127,2253,2424,192,193
1127: 1740,2118,531,2250,1126,891,191,2253
1128: 1317,344,112,2257,132,2256,151,152,2254,763
1129: 613,1927,2256,2456,151,152,2254,2449,565
1130: 2262,98,1134,2158,2260,2268,1079,2154,2232,118
1131: 2269,2094,520,568,2265,2258,1033,163
1132: 989,1659,2258,1735,460,648,163
1133: 1982,1452,946,2267,2259,2261,420,1902,1698,780,1969,1478
1134: 688,437,875,1772,335,2158,2262,1130,2260,1118
1135: 566,177,2263,552,2207,1594,1452,196,2259,2261,198
1136: 2273,678,1137,2032,504,111
1137: 2270,902,71,2032,2272,111,1136
1138: 1489,424,2328,2327,2277,2209,2276,2129,114
1139: 2275,2122,2208,1100,76,570,815,2206,2282,2274,2279
1140: 181,2448,160,1225,1256,1228,629,2284,2280,2457
1141: 520,539,2177,2150,2285,2151,838,2455,615,1523
1142: 2278,1374,1143,366,572,1294,1541,135,2053,896,702
1143: 2274,115,2279,1506,96,2281,366,2278,1142,572,1294
1144: 2289,2161,1657,495,835,78,2292,2293,697,1078
1145: 2292,2293,809,1657,495,2290,792,573,2289,1100
1146: 1364,1635,2286,4,15,846
1147: 2291,2287,2288,574,1417,430
1148: 1150,576,2299,2301,2300,1496,2295,1434,685
1149: 1303,2217,1108,54,651,2298
1150: 1148,576,2299,1608,1496,199,962,2295,1434
1151: 2297,707,72,575,1356,2296,1835,1965
1152: 2302,670,1835,91,2271,2024
1153: 2304,110,1945,878,109,2303,2106
1154: 2307,979,1659,1187,185,2370,2309
1155: 2306,165,2379,1280,594,865,2308
1156: 2313,1255,74,584,2330,2311,579,509,2051
1157: 1345,2310,1857,419,74,73,800
1158: 2324,1712,680,463,1816,2325
1159: 1665,2314,1002,206,1637,580
1160: 1269,2315,494,1162,635,1993
1161: 905,2332,645,1288,1289,898,2058,2080
1162: 1250,2316,635,2322,2315,1160
1163: 173,1571,1578,2333,898,2058,1996,2331
1164: 1538,1697,2317,1012,296,2319
1165: 1602,581,2318,432,2103
1166: 2326,584,56,75,683,1493,2051,94,424,2328
1167: 509,2051,584,94,424,113,954,2327
1168: 2337,2341,681,668,1421,1363,563,1170,2338,2335
1169: 2117,1091,2340,2334,546,2033
1170: 2338,2335,681,1421,1950,1168,1076
1171: 2336,586,2339,2010,1016,2340,210
1172: 2345,1409,1318,1695,293,2344
1173: 660,1319,2407,2343,804,472
1174: 2352,1508,224,938,1660,1778
1175: 2221,2348,2353,1631,2351,202,588,224,203,418
1176: 1362,155,671,2350,2346,1357,2349,589,1177,1019
1177: 2349,589,176,2350,2347,2346,1674,175,1362,1176,195
1178: 2364,124,886,694,1428,125,1738,2488
1179: 2357,2120,213,2424,607,2422,1792,591,2354,339
1180: 409,1495,2365,498,1403,2360,1428
1181: 1031,231,2356,591,2355,232
1182: 2207,1107,178,2201,515,552,179,2358,566,592,1183,2362
1183: 794,1324,2362,1182,179,592,1491,2363,2359
1184: 287,1872,270,2366,2394,2368,271
1185: 1507,253,1726,2367,2369,957,2366
1186: 146,1242,2486,523,2379,1735,2381,594,165
1187: 1881,2376,594,989,1659,1154,2370
1188: 2371,616,2497,1299,650,1249,2494,625
1189: 714,2372,149,2487,1244,386,1601
1190: 1191,2373,1267,2378,2172,1086
1191: 1190,2373,2378,2374,1086,2173,1298
1192: 1822,2038,2382,243,261,2385,597
1193: 1598,2383,2384,277,976,1261,2404
1194: 389,1196,1806,1710,1016,1744,210,2392,599
1195: 24,0,2047
1196: 1194,389,1710,1744,2392,599,2391,2386
1197: 598,930,2387,1,1349,715
1198: 2395,2435,2489,623,2479,2430,2397,429
1199: 2368,2396,522,1507,1898,2394,1897
1200: 2408,32,856,33,1204,2400
1201: 278,2409,2399,279,1203,604
1202: 260,2402,601,2401,1819,1205,241,2398
1203: 1393,279,1733,2399,736,1201
1204: 2403,537,1200,32,33,2406,2400
1205: 1819,637,240,527,2401,241,1202
1206: 470,1049,316,305,2413,2411,1874
1207: 2410,316,2083,2412,397,303,603,2413
1208: 1209,558,1951,2421,2223
1209: 1208,265,2414,2421
1210: 2237,28,2244,1122,2415,562,60,2054,2427
1211: 606,1588,836,2159,43,2416,2238
1212: 1041,749,2252,193,1805,795,607,2422,1749,1567
1213: 2423,1919,883,174,2034,1014,1789,1805,2425,795,365
1214: 725,1667,406,1380,609,2436,103
1215: 1696,2437,1577,1678,456,61,1527
1216: 2434,609,2426,2436,1732,104
1217: 2437,44,2427,608,2433,2431,61,712
1218: 2428,610,2165,2435,1618,1085,286,2430
1219: 2429,2397,302,429,1616,840
1220: 2440,2441,1682,1856,995,1877,1464,762,419
1221: 55,2439,995,611,2441,628,1255
1222: 909,273,254,255,2450,1581,2442,612
1223: 2443,525,256,1808,1983,1906,1929,2213,1988
1224: 2444,2454,1531,821
1225: 2445,1256,160,2285,571,1140,181,2284
1226: 2446,281,2451,390,614,643
1227: 1229,2304,1044,2447,2257,2465,1231,2456,151,2449
1228: 159,629,160,1140,181,2448,180,1496,355
1229: 1227,2447,2465,1231,2456,151,650,2463,2449,150
1230: 664,399,1353,617,2458,2230,2464
1231: 2106,2465,2304,2447,1227,1229
1232: 1584,1458,617,2462,2458,2230,306
1233: 1248,1061,2459,2501,616,625,171,1245,2500,730
1234: 1235,1427,2469,18,443,2468,856,2408
1235: 1427,1234,2469,373,2467,2466,18
1236: 1527,619,2475,719,2477,1907,964,1658
1237: 2472,70,1239,90,2470,1069,2474
1238: 62,2471,2075,1054,994,476,619,2475
1239: 577,90,1356,2476,2472,1237,2474
1240: 622,2484,439,2361,2364,124,2478,2488
1241: 1243,1030,600,2395,2489,623,2479
1242: 146,1186,2484,2478,2486,2100,523
1243: 1241,1030,1346,1444,927,772,2479,288
1244: 386,149,2487,2480,2481,1189,2010
1245: 625,171,1249,2497,190,2483,2481,2494,1233,2500
1246: 1254,624,2492,57,2493,490,1776,2326,75
1247: 1548,40,1923,2046,1051,872,624,2492,2490
1248: 1233,1061,2459,2501,171,211,730,2020,742
1249: 595,170,1298,1299,650,1188,2497,190,2494,1245
1250: 2316,1162,635,626,2495,2499
1251: 2498,2496
1252: 1552,1537,674,41,1689,627,1266
1253: 831,1451,422,825,775,674,1378,1081,404
1254: 1246,1978,624,57,628,2493,584,56,2326,75
1255: 628,611,1221,55,2313,1156,2330,56
1256: 1225,2445,652,1777,743,413,160,1258,571,629,1140
1257: 1604,1992,2002,348,2,2191
1258: 160,1922,652,1777,1300,1301,140,1256,629
1259: 806,1840,630
1260: 727,276,383,1936,1382,259,277,1318,1695,888
1261: 277,976,1193,2384,1936,2404,1318,631
1262: 1038,502,632,1718,1709,1962
1263: 1043,788,1265,2022,1273,633,239,867,2000,1395,2123,1064
1264: 321,2039,1761,1013,1718
1265: 1757,859,423,673,1763,219,1263,788,633,239
1266: 627,1252,41,27,363,634
1267: 1993,1269,2378,596,544,2172,1190
1268: 1568,42,27,1080,2155,634,2007,1743
1269: 1160,494,635,1267,1993,2171,544
1270: 258,1273,636,220,2125,1064,2126,1066
1271: 220,221,1540,433,1871,1621,353,636,1769
1272: 637,2126,220,221,1328,1769,240
1273: 633,239,433,1263,636,2125,2123,1064,1270
1274: 410,753,638,1275,251,268,1343
1275: 949,703,1883,638,251,1274,1343
1276: 667,582,128,2323
1277: 1750,70,1237,88,639,2470,1069,2132
1278: 1702,1716,1601,386,229,640,2176
1279: 824,640,2181,1547,230,2178
1280: 641,1770,1287,2379,1155,165,865,2308
1281: 737,126,644,1286,641,1770,1280,147
1282: 474,1737,511,2065,642,1283
1283: 474,1282,2138,533,1892,2141
1284: 245,913,1859,813,246,1701
1285: 2454,2195,643,2444
1286: 644,125,1904,738,1287,145
1287: 145,125,2486,1286,146,2379,641,1280
1288: 645,154,1289,1941,876,364,1500,662,1325,1344,1161
1289: 645,1288,154,1500,1325,1344,898,905,1161,398,2080
1290: 1291,646,530,254,1059,255,272,2098,711,1581
1291: 1290,646,2092,1105,1322,235,1351,272,711
1292: 184,1293,648,1659,1617,2307,979,1619,1631
1293: 1292,184,1846,2266,648,163,182,1617,183
1294: 572,1541,1143,2281,1880,116,1142,1295,647,702,659,1314
1295: 647,2160,116,1079,2154,1294,117,666,2264,1314
1296: 1980,1586,851,1663,1526,327
1297: 327,1754
1298: 1299,130,1191,2374,2303,1086,2173,650,2380,170,1249
1299: 1298,130,650,595,170,1249,2371,1188,2497
1300: 1301,140,1717,483,1922,652,158,1258,826,629
1301: 1300,140,139,160,1258,1554,826,1519,159,629
1302: 54,651,356,1878,358,987,869
1303: 1149,651,2298,1877,2294,675,93
1304: 48,1595,444,1305,935
1305: 1304,444,66,935,1327,1603
1306: 2144,521,537,2406,47,2102,2096
1307: 444,66,1095,2180,548,654,2099
1308: 418,223,2348,655,242,893,759,808
1309: 416,1821,2136,535,655,1449,893
1310: 310,656,481,1963,1918
1311: 309,908,771,2087,1931,310,656
1312: 907,706,1384,2085,1560,2198,1352,657,157
1313: 2198,1352,928,506,156,157,1367,403,811,2204
1314: 659,137,1384,1294,1295,647,117,702,1933,1316,706
1315: 2174,1089,756,786,545,1829,344,112,133,658
1316: 1933,2085,647,117,666,1314,137,1384,367,907,706
1317: 344,1128,112,132,133,658,2256,152,2255,763,345
1318: 1695,277,1261,1260,631,293,1172
1319: 604,2407,2409,631,293,1173,660
1320: 1515,226,818,1510,959,1791
1321: 204,1815,463,866,205,1404,661
1322: 553,1803,1058,2092,2200,1105,530,1291,646
1323: 530,1058,1329,1512,960,1788,2104,646,1059,255
1324: 794,1183,2362,179,2358,1608,592,199,1521,2363,349,2359
1325: 1344,662,1288,1289,1999,2026,398,2080,884,1463
1326: 487,1954,1587,1014,1789,175,215,365,1752,764
1327: 66,1305,914,1603,1032,663
1328: 1769,221,748,415,637,1272,240,527,1443
1329: 745,236,1058,1512,1323,530,1788
1330: 677,265
1331: 1885,1115,557,664,2043,1722,473,2222
1332: 1022,1734,1966,488
1333: 1879,2095,2101,1655,266,915
1334: 2236,68,1121,665,1699,870
1335: 2247,1402,375,1124,102,121,2246,1814,1614,926,141,802
1336: 1863,1406,678,1020,1841,132,2013
1337: 380,3,798,1408,2192
1338: 250,369,947,1442,267,1456
1339: 1387,367,666,400,1446,138,1933,2085,1529
1340: 1432,789,1089,133,658,345,2041
1341: 2018,69,667,2140
1342: 799,2194,244,425,263,1947
1343: 1830,1275,269,251,753,1274
1344: 1325,876,696,1500,662,896,645,1288,1289,2026,2080,884
1345: 1157,2310,73,800,504,2312,1853,1088
1346: 1897,2098,2442,2396,376,1976,1243,1030,927,772
1347: 1908,1056,1724,480,1630,769,722,1916
1348: 919,801,922,2109
1349: 715,934,1197,930,1,1513
1350: 669,475,2229,306,402,1365,2225
1351: 235,519,2202,1291,253,272,1898,711
1352: 2198,1313,1379,928,1560,1312,506,657,157,811
1353: 1358,1679,1441,292,943,617,2458,1944,399,1230
1354: 978,1814,1614,926,120,802,483,1968,489,743
1355: 1440,24,1977,377,1675,929
1356: 620,2476,2296,1151,1835,577,1239,2302
1357: 2346,803,398,2080,884,1463,156,176,2350,2347,1461,1176
1358: 1666,274,937,1441,1555,1399,943,1353
1359: 2388,0,2389,930,2047,895
1360: 2124,1065,1489,2129,2127,684,690,134,1909
1361: 2232,118,2268,2154,1116,2233,666,567,400,2226,1446,138
1362: 155,1176,671,2346,589,1177,1024,195,1019,216,1838,2030
1363: 563,2246,1823,401,668,1943,121,2337,1168,2341,2249
1364: 1146,4,846,549,350,1860
1365: 402,1584,307,1376,2229,306,308,1350
1366: 447,49,1034,1935,1431,1764
1367: 1461,403,506,156,2198,1313,803,811,1471,1024
1368: 1259,806,2193,1096
1369: 1104,2212,554,2210,257,1997,716,779,275,381
1370: 1739,1008,931,1661,2415,2050,507,60,2044
1371: 200,673,1703,1855,1573,1704,1757,1540,433,1871,353
1372: 6,919
1373: 775,1958,836,404,2156,2159
1374: 2278,1142,889,115,1921,366,572,364,696,662,135,2053
1375: 1419,793,7,2027,1964
1376: 307,888,405,402,1365,308
1377: 716,932,257,448,379,1666,274,452
1378: 674,41,825,1253,1081,404,2157
1379: 136,928,500,702,659,137,1384,1999,1560,506,1352
1380: 769,406,65,1908,1214,681,1421,1950,103
1381: 1497,933,1671,938,1660,225
1382: 1936,259,383,973,2001,277,1260,276
1383: 902,777,675,1765,1759,2072
1384: 659,1314,137,1316,2085,1379,1560,1312,706
1385: 1992,715,934,380,13
1386: 911,2093,8,1633,2466,18,443
1387: 1339,367,687,138,1933,1529,709,512,1693,1570
1388: 1974,1592,1116,119,975,978,2226,687,785,407,1984
1389: 935,1607,49,1603,447
1390: 2011,9
1391: 1771,821,676
1392: 139,1473,140,834,999,826,1519,1580,2299,428
1393: 279,1203,1733,1048,1670,2019,1748
1394: 340,1415,1801,936,1418
1395: 2000,1263,1043,633,867,2125,2123,1064,963,408,534
1396: 728,804,1882,2319,1468,2321
1397: 1466,10,1977,377,805,992
1398: 1672,2317,280,1767,853
1399: 943,937,1358,1441,1555,304,1944,877
1400: 368,1606,469,1425
1401: 12,11,817,1513,1405,761
1402: 2247,1335,121,1814,926,141,1780,802
1403: 2360,2365,1180,1495,590,412,1428
1404: 1671,938,1508,1715,1321,204,661
1405: 1513,934,13,1401,12,26
1406: 1336,1863,678,756,1829,132,2013,344,112
1407: 924,461,2116,9,805,887
1408: 1337,380,13,2192,26,1097
1409: 2345,1172,727,1695,405,679
1410: 1588,836,350,1860,1958,14
1411: 123,143,142,144,439,845,2152,2150,1615
1412: 750,284,1564,370,2228,829,701
1413: 1673,1730,450,939,2067
1414: 1259,806,734
1415: 340,410,1501,1811,1801,1394
1416: 865,2308,1799,334,1556,680
1417: 430,1533,1147,574,16,1647
1418: 936,1622,340,1455,285,1394
1419: 371,352,17,793,1375
1420: 1646,986,147,167,1799,334
1421: 1950,1908,1380,681,103,1168,1170,2338
1422: 1075,1514,1074,807,106,1486
1423: 1625,1684,411,1636
1424: 2165,300,1960,760,287,1872,2166,2428
1425: 1655,605,1606,1400,677,2419
1426: 1924,2168,1084,1627,313,940
1427: 1235,1234,2469,2115,19,2408,32
1428: 412,1180,1495,1403,694,1178,1738
1429: 1101,683,1493,2290,792,2328,2203,551,2208,2209
1430: 20,860,1094,1490,2179
1431: 1764,1366,1034,1825,941,332
1432: 1340,789,1089,684,1909,133,360,2041
1433: 2245,35,1705,458,1117
1434: 2295,1148,1150,2301,962,685,1703,200,1704
1435: 1092,744,413,2177,2445,2285,2151,571
1436: 2036,892,2234,465,1504,698
1437: 942,459,248,1708,1448
1438: 2380,2377,781,2173,765,1986,595,149
1439: 414,1868,385,1692,758,2078,217,553,2040,396
1440: 1355,1195,24,2047,895,378,1981
1441: 1679,452,1358,1666,274,1399,943,1353,617
1442: 638,267,1338,1456,686,268
1443: 527,2108,1328,1769,748,1802,415,416,240
1444: 927,772,1243,1932,2479,288,289
1445: 556,2218,161,971,1023,1565,689,944,182,901,1111
1446: 2226,687,138,1361,1116,2233,567,400,1339,1529
1447: 2076,808,1459,446,1778,244,1852
1448: 1708
1449: 1046,1309,416,1821,655,2108,893,2038,2382
1450: 1626,1988,442,909,273,2089,873,290,1666
1451: 26,831,12,11,1569,825,1253
1452: 946,196,1848,1594,1135,177,897,2267,2259,2261,1133
1453: 848,1783,712,1535,79,688,1793,1772,335,704
1454: 2074,809,2491,1970,58,1010,490,1653,1657,573
1455: 285,1960,1842,1622,1418,417
1456: 284,686,369,1338,1442,1939
1457: 1836,153,1578,645,154,2333,898
1458: 1584,1232,292,2460,291,1979,1610,2462
1459: 588,224,418,446,1778,808,1447
1460: 948,1721,2147,106,1959,958
1461: 1367,403,156,2346,1357,803,811,155,671,1024,1848
1462: 30,1948,910,29,1518,1511,2091
1463: 884,2035,1325,1999,398,506,156,176,2346,1357,803
1464: 1877,762,1220,2440,93,1857,419
1465: 1843,45,30,863,1583,2091
1466: 10,1397,810,1977
1467: 901,2131,1707,1683,689,453,944,2218,855,201,2139
1468: 1882,1396,309,908,581,2321,1596
1469: 890,501,618,2115,1544,2031,31
1470: 949,338,1869,250,2052,267
1471: 811,2204,2198,1367,403,552,1024,1848,1594,177
1472: 2029,1917,2127,532,1062,889,690,1921,366,876,364,696
1473: 158,139,1529,820,732,1693,1570,140,999,972,1392
1474: 445,1095,1727,956,33,2186
1475: 767,2055,216,508,2048,1698,1781,217,1755,950,1969
1476: 297,1531,1391,1771,821
1477: 2135,2138,691,1063
1478: 783,394,218,420,1982,1133,780,1994,1969,1758,862,2068
1479: 269,251,1883,513,1890,695,951
1480: 283,2228,829,298,1534
1481: 968,1549,1705
1482: 695,951,1890,952,1726,1006,2369,2113
1483: 1983,963,692,408,1929,1106,2213,2210
1484: 861,2239,1967,374,1785,560,36
1485: 421,2079,904,587,2342,477,771
1486: 953,1422,807,106,1959
1487: 1864,844,1632,352,812
1488: 2190,549,1097,422,350,775,1958
1489: 1138,424,954,2327,2276,2183,1065,1360,2129,114,2127
1490: 1773,693,1633,1430,20,443
1491: 197,198,2363,2263,1183,349,423,2359,1812
1492: 925,249,2117,2033,505,471
1493: 75,683,1776,2326,1166,792,94,2328,1429,1101
1494: 813,246,550,1098,281,2446
1495: 1180,409,498,1403,2009,694,1428
1496: 180,2301,2300,1554,1519,159,1228,629,1148,1150,576,685
1497: 1381,933,1779,225,425,1099
1498: 1960,1842,921,754,372,760
1499: 2041,1578,1887,345,1836,491,814,173,1571
1500: 364,696,662,1917,1921,876,135,1288,1289,1344,2026
1501: 1811,750,1415,701,299,1801
1502: 697,835,2044,78,1649,2161,1535,1937,875,1078,688
1503: 653,1650,336,2182,956,445
1504: 698,1436,892,39,1729,1007
1505: 298,833,699,2224,1775
1506: 1719,1004,76,516,815,2206,540,2274,2279,1143,96,1880
1507: 1185,253,2367,1898,957,270,2366,2394,1199,2368,522
1508: 1715,700,204,1174,2352,938,1404
1509: 1959,958,1961,642,107
1510: 959,1320,449,1791,864,454
1511: 29,1518,1462,1123,1122,2237,562,1015
1512: 237,862,778,783,1329,745,236,1323,960,1788,2104
1513: 1405,1,1349,934,817,1401
1514: 1075,1422,2149,538,426,1074
1515: 1320,463,2324,205,818,959
1516: 2056,969,1746,1687,961,1553
1517: 2082,1624,1639,906,787,2021
1518: 29,1511,1462,2091,562,1015,427
1519: 1554,826,139,1301,1392,2299,428,1608,576,1496
1520: 37,983,1912,1641,1856,2439,995
1521: 199,962,179,1580,2299,1608,794,1324,2362,2295,1855
1522: 852,1669,840,1975,1952,774
1523: 615,162,520,1141,2455,2094,1023,1565,1846
1524: 1845,867,1043,2068,1040,2000,256,1983,963,408
1525: 560,36,38,359,37,362
1526: 1980,1296,1025,327,649
1527: 619,1236,1678,994,1215,1696,2475,2477,964
1528: 361,623,2485,2482,302,429,880
1529: 1446,687,138,407,1339,1387,820,2005,732,709,1570,1473
1530: 323,1413,1673,1723,939
1531: 390,614,2454,1476,297,1224,821
1532: 1784,435,2097,1859,966
1533: 1417,430,2012,1647,823,496
1534: 298,2228,829,701,299,1480,699
1535: 1937,2044,431,1649,608,2433,2431,1502,848,1453,1783,688
1536: 1546,1782,822,1998,207,227
1537: 39,899,25,1552,1252,1689
1538: 1164,296,853,2318,432,333
1539: 1628,493,1642,823,14,1989
1540: 433,1871,673,1703,1371,1573,1757,859,239,636,1271
1541: 572,1294,2281,2278,1142,647,135,2053,702,659,137
1542: 868,303,2410,316,1956,2411,1850
1543: 1883,513,1787,1620,982,703
1544: 2031,1469,1583,31,434,1073
1545: 2398,601,1997,1579,967,2402,973,2001,259
1546: 1536,1782,227,435,1784,1532
1547: 1861,1786,824,1279,247,2178
1548: 1247,1729,40,1923,1888,2046,872,2490
1549: 1481,968,710,1832
1550: 704,1901,746,1793,1593,99,827,1558
1551: 1634,1615,439,622,2484,164,2100
1552: 1252,25,1569,1537,674,41
1553: 324,961,969,1516,1730,450
1554: 826,1519,1301,159,629,576,1496
1555: 873,937,290,1358,766,1926,1399,304,877
1556: 2306,1416,865,2308,578,680,166,1816
1557: 705,1561,466,169,188,1662,341
1558: 827,830,1550,99,2227,559,1796,119,2233,1974,975
1559: 740,828,2305,1834,1766,89
1560: 137,1384,136,1379,928,1312,706,1352,157
1561: 1557,705,466,874,1087,169,1662
1562: 970,966,457
1563: 839,1636,1042,52,1071,707
1564: 370,2107,1951,1412,2223,2228
1565: 971,1023,2280,1523,162,2283,161,1846,689,944,1445,556
1566: 837,1796,81,830,2248,375,1974,342,975,1814
1567: 708,393,1987,2422,1041,1212,1749,2354,339
1568: 1268,42,387,1080,2155,2016,1743,931,1739
1569: 25,12,11,1451,825,1552,674
1570: 1693,1387,367,1529,820,2005,709,1575,158,1473,999
1571: 173,1163,1499,172,491,814,346,564,1996,883,2331
1572: 710,51,1039,53
1573: 832,1704,1711,200,1371,1540,1871,353,440
1574: 664,399,397,1944,305,2043
1575: 709,512,367,907,1693,1570,2081,2071,2201,999,972,515
1576: 1582,731,1801,1394,833,1714
1577: 514,1678,1795,816,2437,44,994,1215
1578: 2041,1499,789,153,1836,1457,814,173,1163,2333,898
1579: 1997,967,1545,718,381,973,2001
1580: 179,2358,834,972,515,1392,1107,2299,428,1608,2362,1521
1581: 2442,1290,254,1059,2098,711,1222,1976
1582: 731,1576,833,699,1505,436,1775
1583: 863,30,1544,2031,1465,45,434
1584: 1232,1458,291,2025,2462,307,2230,306,1365
1585: 2044,78,2050,1008,507,2006,495,835,697
1586: 1980,1296,720,974,1680,1663
1587: 487,1954,1326,1789,175,2349,365,1694,195,764
1588: 1410,836,14,1989,1211,43
1589: 477,1910,402,308,904,669
1590: 875,1078,2086,2161,688,437,1004,540,2158,97,2262
1591: 79,456,712,1696,80,1804,746,704
1592: 1974,1388,830,119,342,975,978,407,120,1984
1593: 80,1804,746,1907,704,1550,100,99,827,1796
1594: 1848,403,1471,2204,503,1135,566,177,1452,946,196
1595: 1891,48,1304,935
1596: 309,1468,581,310,1602
1597: 382,990,187,713
1598: 1193,1819,1985,2037,260,2383,1936,976
1599: 568,838,539,845,2150,1634,520,164,2265
1600: 496,1647,847,2084,920,438,2111
1601: 1716,1278,714,1189,386,229
1602: 1165,581,1596,481,311
1603: 49,1032,1305,1389,935,1327
1604: 1257,1992,784,2002,2387,715
1605: 292,2460,716,779,275,1679,452
1606: 724,2095,368,1400,1425,1655
1607: 1028,1664
1608: 2299,428,834,1519,179,1580,2358,1150,1324,199,1521,962
1609: 1731,977,1690
1610: 2025,718,383,2001,291,1979,276,1458
1611: 2214,1109,2217,839,1991,1042
1612: 1713,2069,1056,1817,82,1925,83,850
1613: 1029,1850,2411,470,974
1614: 1814,926,342,975,978,1335,120,1354,802
1615: 1634,1551,1411,144,439,845,622
1616: 1219,2429,347,1839,840,1952
1617: 182,971,2266,556,1292,184,1293,183,1111,1631
1618: 543,1085,2165,1218,286,2430,841,1839
1619: 2353,1631,1292,184,2307,979,2351
1620: 982,842,849,517,1543,513,1890,2073
1621: 353,1871,796,1068,440,220,221,1271,1769
1622: 936,1418,1455,417,1714,312
1623: 726,209,1690,1609,721,228
1624: 940,1517,2082,906,441
1625: 1684,51,1423
1626: 1450,1988,442,1929,448,379,290,1666,274
1627: 313,731,1714,1084,436
1628: 1539,493,823,496,438,843
1629: 458,1117,2239,1884,980
1630: 82,1056,480,1347,83,722,1916
1631: 2353,1619,1617,1292,184,183,2219,2221,1175
1632: 844,351,2291,1487,574,812
1633: 8,1386,1430,20,443,1490
1634: 1551,1615,845,1599,164,2265
1635: 723,1096,798,2286,4,1146
1636: 411,1423,555,1563,839
1637: 186,1067,1002,990,1159,1665
1638: 329,981,320,1688,1700,2028
1639: 314,301,347,1517,2082,2021
1640: 1787,1031,232,849,1900,982,338
1641: 1856,1648,983,1520,1682,995
1642: 2012,846,1860,823,14,1539
1643: 214,984,1749,1752,2008,385,1987,1047,2064
1644: 2180,653,1650,48,1304,444
1645: 721,228,1861,1786
1646: 986,1420,334,1712,1002,206
1647: 16,1417,1533,847,1600,496
1648: 983,1785,861,358,987,1682,1641
1649: 431,507,2044,78,2433,1502,1535,1937,1783
1650: 653,1503,445,2180,1644,48
1651: 2009,886,2023,757,988,694,1866,2361
1652: 849,1794,339,708,393,1797,842,517
1653: 59,1657,1970,58,1010,1052,1454,2074,809
1654: 315,314,774,965,2021,1673
1655: 1425,605,1606,2095,1333,266
1656: 187,1820
1657: 1653,59,1454,809,2006,495,573,2292,1145,1144
1658: 1817,1236,719,1713,2477,1907,2473,1925,1972,850
1659: 989,1132,2376,648,1187,1292,2307,1154
1660: 446,1778,224,1174,938,1381,933
1661: 2417,2415,2016,2420,931,28,1739,1370,60
1662: 993,188,2163,169,168
1663: 851,1680,317,1296,1586,2015
1664: 1607,447,1034
1665: 1159,2314,1637,990,1597,382
1666: 1358,274,1450,1626,448,1377,873,937,290,1441
1667: 84,1828,1036,725,1214,2434,609
1668: 189,188,341,1676,1833
1669: 852,1522,1975,1037,392,2056
1670: 1048,262,991,1393,1733,997,1748
1671: 938,1404,449,661,1381,225
1672: 1398,1391,1771,1767,853,676
1673: 1413,965,315,1654,1530,450
1674: 175,194,583,2329,2350,2347,1789,2349,589,1177
1675: 929,377,1355,992,1119,23
1676: 384,993,188,1668,1690
1677: 50,1825,941
1678: 1577,514,1795,2437,994,456,1215,1696,1527,619
1679: 1441,452,274,292,2460,1605,1353,617,2462
1680: 733,1874,974,317,1586,1663
1681: 1055,1054,2066,63,62,1800
1682: 869,987,1648,1641,1856,762,1220
1683: 1707,1876,2300,2457,355,2283,1711,453,944,1467
1684: 1625,1423,996,2070,411
1685: 864,454,1779,2097,913,2196
1686: 2110,997,2112,1050,529,2045
1687: 455,1746,392,1895,1516,2056
1688: 320,1009,317,318,2015,1638,981
1689: 998,1537,39,1252,1007,627
1690: 384,1676,977
1691: 319,2015,329,981,1949,497
1692: 1047,758,385,984,1439,2064,1798,1103,2205,2040
1693: 1570,1387,820,709,512,1575,139,1473,2081,834,999,972
1694: 195,1019,589,1954,1587,216,1838,764,1893,1753
1695: 1318,277,727,1260,1409,1172
1696: 1215,1678,456,1527,1591,80,1804,964
1697: 388,2042,728,2317,1012,2319,1164
1698: 1902,2030,897,946,196,767,1475,2055,1133,1969
1699: 665,729,1334,870,1886,86
1700: 1741,320,739,1638,2028,502
1701: 1859,966,1284,245
1702: 1716,1278,1736,1000,824,640
1703: 673,1855,794,199,962,2295,1434,200,1371,1540
1704: 832,1573,1434,1711,685,1876,200,1371,855
1705: 35,1481,968,458
1706: 1745,46,63,1800,747,1011
1707: 1683,1876,1711,453,855,201,1467
1708: 459,1437,1448
1709: 1760,1001
1710: 730,2020,1806,2500,1016,1194,389,1196
1711: 685,1707,1683,1876,832,1573,1704,855,201
1712: 680,334,1646,1002,206,1158,2325
1713: 64,2069,1905,2475,719,1817,1658,1612
1714: 936,1622,731,1576,312,1084
1715: 1508,700,979,185,2309,1815,204,2352,1404
1716: 1702,1278,1601,1003,714,1736
1717: 483,1922,785,820,732,489,652,158,1300,140
1718: 632,2039,1264,1761,1262,502
1719: 1004,1506,2086,2206,540,2158,97,96,1880,2160
1720: 1998,1597,382,713
1721: 948,1460,86,2147,1005,1831
1722: 1874,2043,1331,1049,473,733
1723: 486,1530,323,1946
1724: 1026,480,65,1057,1347,769
1725: 1862
1726: 1006,252,1017,952,2367,593,1482,2369,2113,1185
1727: 1773,693,856,956,33,1474
1728: 1827,1896,765,1986,1807,735
1729: 40,1007,892,1504,359,1888,1548
1730: 450,1413,324,1553,2067,1844
1731: 1609,208,985
1732: 609,1216,857,2436,104,1751,858,2432
1733: 1393,279,1203,736,262,991,1670
1734: 819,1332,1966
1735: 460,523,1930,1186,2376,2381,594,989,1132
1736: 189,1003,209,1702,1716,1000
1737: 474,1282,2004,511,2065,737,126
1738: 125,412,1428,1955,1178,2364,738
1739: 1008,1370,1568,42,931,1661,2050,1052
1740: 1127,2118,531,2250,211,891,191,2253
1741: 1700,1756,1894,1858,320,739
1742: 67,1903,84,1828,485,2241,85
1743: 634,2007,1568,1268,42,58,1010,1052
1744: 212,1774,1194,389,1196,2120,599,2386,2356,591
1745: 46,1706,2145,2144,521,1011,2090
1746: 455,1687,1516,961,797,326
1747: 2235,2241,1120,2236,790,2243
1748: 2042,1393,279,1048,1670,2019,528,388
1749: 1752,215,1041,1212,749,2008,1987,1567,214,1643
1750: 70,69,2137,2140,1277
1751: 585,1950,857,1732,2338,858,2023,988
1752: 1749,795,215,487,1326,1041,749,2008,764,1643
1753: 1893,1694,1019,216,508,2048,414,1868,217
1754: 1297,328
1755: 950,778,1475,1781,2078,217,1969,745,236,862
1756: 1894,669,475,1910,1858,1741
1757: 1265,859,673,1855,1371,1763,1540,433,633,239
1758: 2022,238,780,394,1478,218,1043,1845,867
1759: 1965,72,777,1383,902,91,71
1760: 2028,319,1709,1001
1761: 776,1013,1264,632,1718,322
1762: 1119,461,2116,2234,374,2242,2036
1763: 219,349,423,1812,1757,1265,859,788
1764: 1431,1366,1935,672,1940,2057
1765: 93,1857,675,1383,73,2072
1766: 89,740,1559,1945,596,2375,878,109
1767: 853,676,333
1768: 860
1769: 1328,1621,796,1068,221,1271,415,1272,1443
1770: 641,1280,147,865,1799
1771: 1391,741,1476,1672,1398
1772: 1793,335,1937,1453,1783,79,688,437,1134,2260
1773: 1490,693,2179,336,1727,956
1774: 1744,212,2020,742,2119,389,2120
1775: 436,1505,337,871
1776: 2493,490,1246,2074,75,683,1493,792,573
1777: 743,413,802,1968,489,652,744,1258,2445,1256
1778: 1660,446,588,224,1174,1459,933,1447
1779: 225,1497,1685,454,1099,2196
1780: 802,926,2247,1402,141,1125,2175,743,413,1092,744
1781: 2078,217,508,767,1475,414,1755,950,778,396
1782: 1536,1546,226,822,1791,435
1783: 848,1453,1649,2433,1535,1937,79,688,1793,1772
1784: 1532,1546,970,966,1562
1785: 980,2239,1967,1484,861,358,1648
1786: 1861,1547,228,1000,824,1645
1787: 1640,1900,982,338,703,1543
1788: 960,2104,1329,745,1512,237,1323,530,525,255
1789: 1014,174,1213,1674,175,194,365,1587,1326
1790: 2111,920,879,890,863,2031
1791: 1320,226,1510,864,435
1792: 591,2355,213,1179,2354,339,1794
1793: 1772,335,1453,1783,79,704,1550,1901,1118
1794: 849,1652,1792,2355,2354,339,708,232,842
1795: 427,562,1015,1021,2075,816,1577,514,1678
1796: 837,1566,1593,100,81,827,1558,830,975
1797: 233,708,393,1652,842,517,2088
1798: 1103,984,1692,1047,234,2064,1810,2199,854
1799: 334,1770,147,1416,865,1420
1800: 476,747,1054,1681,63,46,1706,62
1801: 299,1501,1415,1394,833,1576
1802: 748,415,796,222,2136,752,416,1821,1443
1803: 1058,396,2078,217,553,236,2200,1322
1804: 80,746,1696,1591,2477,1907,964,1593,100
1805: 2425,795,2034,1213,192,2252,193,215,2422,1041,1212,749
1806: 2500,171,621,730,1710,2339,1016,1194
1807: 468,735,466,1728,341,1833
1808: 525,256,237,2068,1040,1845,960,2104,1983,1223
1809: 2137,395,462,2134,536
1810: 233,234,1798,252,2088,1017,854,952,1006,593
1811: 1501,686,268,410,750,1415
1812: 238,780,2267,1491,197,198,423,1763,219
1813: 906,787,1018
1814: 1614,926,1566,2248,375,1124,121,342,978,1335,1402,1354
1815: 357,166,185,866,1715,1321,204
1816: 463,866,1556,680,166,1158
1817: 1658,1905,719,1713,2069,1612,2473,101,1925,850
1818: 87,2057,751,68,790,665
1819: 1205,1985,882,241,260,2402,1202,1598
1820: 1477,691,1063,464
1821: 1309,416,1070,2136,752,748,1802,535,1449
1822: 1192,242,893,2038,2382,1826,243,2385
1823: 83,850,101,1925,401,722,1943,102,1363
1824: 465,478,1873,2059,899,698
1825: 941,332,1677,751,343,451
1826: 900,243,242,759,1822,1870
1827: 479,1896,1915,1087,705,466,1728
1828: 84,1667,67,1742,2434,609,85
1829: 756,786,1863,1406,1315,132,344,112
1830: 1343,269,695,753,754,285,1842
1831: 1005,1886,86,105,768,1721
1832: 1549,968,710
1833: 1003,341,1807,468,1668,189
1834: 2024,670,2305,499,1559,89
1835: 1151,72,1356,2296,1965,2302,1152,91
1836: 1457,789,153,360,2041,1499,1578,154,173,2333
1837: 531,2250,1971,613,1927,565,770,2118,346
1838: 216,589,1362,671,503,1694,1019,2030,2048,2055
1839: 301,347,1618,286,2429,841,1616
1840: 348,630
1841: 1020,2272,111,678,131,2017,1336,2013
1842: 1960,1498,1830,754,1455,285
1843: 1465,45,30,2091,427,1021,2062
1844: 2067,1022,791
1845: 1524,867,783,394,1758,2068,1040,2000,1808,1983
1846: 2266,1523,2269,2094,971,1023,1565,163,182,1293
1847: 469,1448,945,717
1848: 1594,1461,403,811,1471,1024,503,177,897,1452,196
1849: 1025,797,326,1332,1734,819
1850: 1029,1613,868,1542,2411,1895
1851: 1056,518,1011,2090,1026,480
1852: 244,446,2076,1447,903,1947
1853: 2312,1088,800,1345,2310,504,2273,92,2014
1854: 741,1027,2045,2049,1476,297
1855: 673,1703,794,199,1521,349,2359,1371,1757,859
1856: 1641,1520,1682,995,762,1220,2440,2441
1857: 93,1765,1464,2440,419,73,1157
1858: 894,755,1910,1756,1741,2039,739
1859: 2097,1532,913,966,1284,1701
1860: 350,1364,846,1642,1410,14
1861: 1547,1786,1645,942,248,247
1862: 734,1725
1863: 1336,1406,2273,678,92,756,1829,2013
1864: 1372,1487,6
1865: 945,717,248,247,1938,368
1866: 2361,757,1651,886,144,439
1867: 2101,925,249,250,2052,947
1868: 414,1439,385,764,1893,1753,508,1047,758,217
1869: 1900,391,955,2052,1470,338
1870: 2060,903,759,2076,1826,900,243,991
1871: 1540,433,673,1371,832,1573,1621,353,1271
1872: 1184,287,372,270,760,1424,2428
1873: 761,1913,478,1824,2059,899
1874: 1722,470,1049,1206,974,1680,733
1875: 2215,354,467,1884,356,1878
1876: 1707,1683,2301,2300,355,1711,685,453,1704,855
1877: 1464,762,651,869,1303,1220,93
1878: 356,1884,980,358,987,1302
1879: 1333,912,471,925,2095,2101
1880: 2160,116,1719,1506,97,96,2281,1079,1294
1881: 1187,2376,594,2306,578,2370,357
1882: 295,472,804,1396,908,1468
1883: 1543,513,703,1275,251,1479
1884: 354,980,1875,356,1878
1885: 1331,1115,557,2225,473,2222,1112
1886: 870,590,1699,86,105,1831
1887: 763,345,658,2255,2041,1499,172,491,814
1888: 362,1923,359,1729,40,1548
1889: 871
1890: 952,2073,1620,252,513,1479,951,1482
1891: 1595,1028
1892: 2141,1283,2138,1477,2130,1063
1893: 1753,1954,1694,195,216,2008,385,764,414,1868
1894: 1756,475,1112,320,1009,1741
1895: 868,392,1029,1850,455,1687
1896: 1827,479,1915,129,1728,765
1897: 1346,2098,1199,2396,522,1976,1030
1898: 272,2202,1351,1507,253,2098,1199,522
1899: 1911,1932,766,289,2412,304,603
1900: 1869,1031,391,232,1640,1787,338
1901: 704,1550,1793,335,1118,99,2227
1902: 420,1698,897,946,2259,767,2055,1982,1133,950,1994,1969
1903: 663,1032,67,672,1742,485
1904: 738,768,1955,125,2004,644,1286,126
1905: 2475,719,62,2471,476,619,1713,64,2069,1817
1906: 2450,960,2104,525,255,2443,1223,273,442
1907: 2477,964,1236,80,1804,1658,1593,100,81,2473,1972
1908: 1347,769,406,1380,1916,681,1421
1909: 690,134,1360,2129,684,2029,1432,789,360,1941
1910: 477,1589,669,1756,1858,755
1911: 1899,2482,289,2412,361,303,603
1912: 362,1923,37,1520,2439,881,611
1913: 478,378,1981,817,929,761,1873
1914: 2046,1051,998,627,363,885,2490
1915: 1827,479,1896,2171,544,2172,129
1916: 681,668,1630,1347,1908,401,722
1917: 2029,1472,532,690,134,1921,360,1941,876,364,1500
1918: 1310,481,1963
1919: 2423,1213,564,1996,883,174,2331,1014
1920: 654,782,914,2099,1953,1990,482
1921: 366,532,2282,889,1472,1917,1374,364,696,1500,135
1922: 1717,483,120,732,1968,489,652,1300,140,1258
1923: 362,1912,1888,1548,1247,881,1978,872
1924: 1426,2168,484,1624,940,2082
1925: 101,1972,1817,1658,1612,81,2473,1823,850,2248
1926: 1932,766,2452,2089,873,290,772,1555
1927: 613,1129,2255,2254,565,770,2453,1837,1971
1928: 2170,1251,626,2495,542,2167,2499
1929: 1106,2213,256,1483,2443,1223,1626,1988,442,379
1930: 2100,523,164,2258,1033,1735,460
1931: 421,771,321,656
1932: 766,1926,1444,927,772,289,1899
1933: 1316,2085,117,666,400,1314,1339,1387,367,706
1934: 806,734,1368,773,2287,5
1935: 672,49,1032,1366,1764,1940
1936: 1382,259,260,1598,973,277,976,1261,1260
1937: 1535,78,1649,1502,1783,875,1078,688,1772
1938: 2178,247,1093,1865,368,724
1939: 918,369,2107,284,1456,370
1940: 2235,485,1935,672,1764,2057
1941: 153,360,690,1909,2029,1917,789,876,1288,154
1942: 263,1947,2060,903,262,2112
1943: 102,121,101,1823,401,1124,1363,2246,2247
1944: 397,877,1399,943,1353,2083,1574,399
1945: 131,2017,499,1766,89,878,110,1153,526
1946: 1813,323,1723
1947: 263,1942,244,1852,903,1342
1948: 30,1462,843,879,910,863,2091
1949: 1035,497,319,1691,1754,328
1950: 1421,1380,857,103,1170,2338,1751,585
1951: 558,2107,1208,1564,370,2223
1952: 774,347,1616,840,314,1522
1953: 1990,1920,782,914,482,67,2077,1036,84
1954: 487,1587,1326,175,1694,195,1019,2008,385,764,1893
1955: 105,768,412,1738,1904,738
1956: 1037,880,361,303,868,1542
1957: 922,371,1419,1375,2114,7
1958: 775,1373,1488,350,1410,836
1959: 1509,958,106,953,1486,1460
1960: 1842,1498,1455,760,417,300,1424
1961: 127,107
1962: 1262,1038,632,1709
1963: 1310,322,1918
1964: 2027,501,1375,7,373,2467,618
1965: 1759,1151,72,777,1835,91
1966: 488,1332,1734
1967: 22,2239,924,2116,374,1785,1484
1968: 489,652,120,1354,802,1922,1777,743,413
1969: 1994,767,1475,420,1902,1698,1133,1755,950,778,1478,862
1970: 58,1051,885,2007,57,2490,2491,490,1454,1653
1971: 1837,531,2250,1927,565,172,491,346,564,891
1972: 101,1925,1907,1658,81,2473,850,837,2248,375,102
1973: 1039,53,1832,467,2215,1875
1974: 1592,1388,559,1558,830,1566,119,2233,975
1975: 840,302,1037,880,1522,1669
1976: 376,2098,711,1581,2442,1897,1346,612,927
1977: 377,810,24,1466,1397
1978: 881,611,1923,872,624,2492,628,1254
1979: 291,779,718,2001,292,2460,2025,1610,1458
1980: 1296,1586,720,492,1025,1526
1981: 378,895,1,817,1913
1982: 1133,2267,2259,197,420,1902,238,780,1478,218
1983: 1483,1040,1524,1845,2000,256,1808,963,692,1223,1106,2213
1984: 120,1592,1388,978,785,407,2005,483
1985: 882,241,527,1819,2037,260,1598,2383
1986: 765,781,1728,1438,2377,468,735,2372,149
1987: 708,393,1567,1041,1749,214,1643,2064
1988: 1450,1626,442,2443,1223,1929,1106,448,379
1989: 14,1588,1539,493,43,2240
1990: 1953,1920,782,524,2077,1036
1991: 1042,1611,2217,2298,2297,575
1992: 1604,1257,2387,2191,715,1385,380
1993: 1267,494,108,740,1160,1269,596,544
1994: 1969,420,1902,950,778,783,394,1478,237,862
1995: 757,988,2338,585,1076,2153,123,143,144
1996: 883,172,173,1163,1571,2058,564,174,2331,2423,1919
1997: 1579,967,2211,554,1369,1104,2212,1545,381
1998: 1720,822,1536,207
1999: 2026,662,2053,896,1325,136,1379,500,884,1463,2035,506
2000: 1395,1263,1043,1524,1845,867,2123,1983,963,408
2001: 383,973,1579,1545,718,381,1382,1979,1610
2002: 784,348
2003: 993
2004: 768,1005,1904,2065,644,126,1737
2005: 820,732,2226,687,138,785,407,1984,1529,1570,158
2006: 495,835,2050,1052,1008,59,1657,1585
2007: 634,1743,363,885,1268,1970,58,1010
2008: 385,764,215,487,1954,1749,1752,1893,984,1643,1047
2009: 1651,886,498,2023,1495,694
2010: 621,2483,2481,1244,386,229,586,1171,2339
2011: 21,9,2245,887
2012: 15,846,430,1533,1642,823
2013: 2257,132,1020,1841,1336,1863,1406,526,1044,344
2014: 92,756,786,1853,1088,2189,2273,545
2015: 317,1688,851,1663,497
2016: 541,2155,2238,2420,1568,931,2417,1661
2017: 131,1945,2272,1020,1841,110,526
2018: 69,1045,1341
2019: 1393,279,2407,2042,1748,2343,388
2020: 730,1710,1248,2501,742,2119,389,1774
2021: 965,1517,1639,314,787,1654
2022: 1758,238,219,218,1263,1043,788,867
2023: 498,858,2432,1751,988,2009,1651
2024: 1834,2302,1152,670,2271,499,569
2025: 1610,383,291,1979,727,276,1584,307,888
2026: 1999,1500,662,135,896,1325,1344,500,398,884,2035
2027: 1964,501,793,1375,2084,920
2028: 1700,329,1638,1038,502,1760
2029: 1472,1917,2129,2127,95,532,889,690,134,1909,1941,364
2030: 897,1362,671,1024,503,216,1838,196,2048,2055,1698
2031: 1544,1790,1469,890,863,1583
2032: 504,902,2072,800,1137,111,1136
2033: 505,2390,2334,2117,1169,2061,1492
2034: 2251,1126,891,883,2423,1213,192,193,1805,2425
2035: 884,1463,1999,2026,136,928,500,398,506,156,803
2036: 1436,892,1762,2234,2242,38
2037: 2382,1046,2038,1985,882,241,1598,2383,261
2038: 242,893,1449,1046,2382,2037,1822,1192
2039: 739,321,1264,1262,502,1718
2040: 2205,553,1692,758,1439,1103,396
2041: 1499,1578,658,1432,1340,789,153,1887,345,1836,173
2042: 1748,1048,2019,528,1697,388,1012
2043: 664,1574,305,1331,557,1049,1722
2044: 1585,78,1008,1370,507,1053,835,431,1649,1502,1535
2045: 1050,2110,1686,2049,1027,1854
2046: 1914,1051,40,998,1548,1247,2490
2047: 895,0,1359,930,1195
2048: 508,1019,216,1838,2030,1753,767,1475,2055
2049: 390,1050,2451,2045,1854,297
2050: 1052,42,1739,1008,1370,59,2006,1585
2051: 1167,509,1156,584,2330,56,1166,2311,94,424,113
2052: 250,249,955,1869,1867,1470
2053: 135,896,1374,1142,572,1541,662,702,1999,500
2054: 2427,2415,1210,28,2244,507,60,1053,44,608
2055: 767,1475,1838,2030,897,508,2048,1902,1698,950
2056: 1516,852,1669,392,969,1687
2057: 1764,1940,2235,751,790,1818
2058: 2333,898,173,1163,1161,2332,1996,174,583,2331,2329
2059: 899,761,1873,11,1824,25
2060: 903,1870,900,1942,262,991
2061: 510,2390,2334,599,2391,2033,505
2062: 1021,2075,1843,45,1055,1054
2063: 2220,2218,901,2131,1110,222,1070,752
2064: 234,393,1987,214,984,1643,1692,233,1798,2088,854
2065: 511,1005,948,2004,126,1282,1737
2066: 1073,2143,434,1055,1681,63
2067: 1844,939,791
2068: 1040,783,394,1478,237,862,1524,1845,2104,256,1808
2069: 1713,64,1905,1056,518,1817,1612,82
2070: 996,1045,395,462
2071: 2081,2201,907,709,512,1575,657,972,1107
2072: 73,800,1765,1383,902,2032
2073: 1890,952,1620,842,517,252,2088,513
2074: 1454,809,2493,490,1776,1653,683,792,573
2075: 1021,2062,1795,1054,514,994,62,1238
2076: 808,1447,759,1852,903,1870
2077: 65,1057,524,1953,1990,1036,725,406
2078: 1781,217,1439,1755,950,553,1803,1058,396,745,236
2079: 679,904,2345,587,2342,1485
2080: 398,645,1289,1325,1344,905,1161,2332,884,176,2347,1357
2081: 2071,2201,512,1575,1693,657,972,515,1107,178,2358
2082: 1517,1924,484,301,1624,1639
2083: 2412,304,397,1944,877,603,1207,2413
2084: 920,793,847,1600,2027,501,2111
2085: 1933,1316,1384,1339,367,907,1312,706,709,512
2086: 875,1078,1590,2289,2161,516,1719,1004,540,2158
2087: 771,587,295,309,908,1311
2088: 517,252,1797,233,234,2064,1810,2073,1006
2089: 2452,612,909,1450,873,290,772,1926
2090: 2096,1745,521,1011,1851,1026
2091: 30,1948,1462,1518,1465,1843,1015,427,1021
2092: 2200,1105,1103,2205,553,2199,519,1322,235,1291
2093: 911,1386,2114,7,373,2466
2094: 1131,2269,520,568,615,1523,1023,1846
2095: 1606,724,912,1333,1879,1655
2096: 2090,1306,521,2102,524,1026,1057
2097: 435,864,1685,1532,913,1859
2098: 711,1290,272,1898,1581,522,1897,1346,1976
2099: 914,548,1307,66,1920,654
2100: 523,1930,1551,622,2484,2478,164,1242,1033
2101: 1867,925,1333,1879,915,947
2102: 47,1306,521,782,2096,524
2103: 432,916
2104: 960,1788,1512,237,2068,1323,525,256,1808,1906
2105: 917
2106: 2465,1231,2304,1153,2374,2303,130,650
2107: 558,682,1939,918,1951,1564,370
2108: 527,1443,748,416,1449,1046,882
2109: 1348,801,922,911
2110: 997,1686,1048,2045,528,1027
2111: 1790,1600,2084,920,438,879
2112: 263,1942,262,529,997,1686
2113: 2369,1726,695,951,1482,921,957
2114: 7,922,1957,2109,911,2093
2115: 618,2467,1469,890,1427,2469,31,923
2116: 1407,924,461,1762,1967,374,2242
2117: 1169,2334,546,2033,2184,471,1492
2118: 770,2121,2453,1837,531,1061,211,1127,1740
2119: 742,2501,211,2020,1060,191,2253,212,1774,2357,2120
2120: 2357,213,1179,742,2119,1060,1744,212,1774,591
2121: 770,2118,2453,150,613,2461,531,1061,2459,211
2122: 2275,1139,2208,2209,570,815,95,1062,2282,889,2274,115
2123: 2125,1064,1263,1273,2000,1395,408,2128,534,1066
2124: 2183,1065,1360,2189,954,545,2174,1089,684
2125: 2123,1064,1273,633,1395,1270,258,2128,1066
2126: 637,1272,636,220,221,1270,258,2405
2127: 2129,114,1489,2276,1360,95,532,690,134,2029,1472
2128: 534,2125,2123,408,2211,554,1066,1104
2129: 114,2127,1489,1138,1065,1360,95,134,1909,2029
2130: 186,1892,2141,986,1063,1067
2131: 1467,901,689,855,201,2220,2063,796,2139,222,752
2132: 2315,494,1277,2470,1069,108
2133: 202,2219,183,1110,1070,2136,752,2221,535,223
2134: 52,462,1071,1809,536,620
2135: 2138,533,127,1477,691
2136: 1070,752,202,2133,1802,1309,416,1821,535
2137: 1809,536,1750,70,2472
2138: 2135,533,1283,1892,1477
2139: 796,1068,440,855,201,1467,2131,222
2140: 1341,69,667,1750
2141: 1892,474,1283,167,986,2130
2142: 2145,923,1072,19,32,2143,2403
2143: 2066,1073,2142,2145,63,46
2144: 1306,521,2145,2403,537,1745,46
2145: 2142,2143,2403,537,63,1745,46,2144
2146: 343,451,2149,538
2147: 729,1074,86,106,1460,1721
2148: 538
2149: 343,2146,87,538,426
2150: 845,2152,1411,539,1077,2177,1141,1599,838
2151: 2285,571,1435,1092,539,2177,1141,615
2152: 845,2150,142,123,1411,143,539,1077
2153: 1076,585,122,2185,1995,142,123,143
2154: 1079,1130,98,2268,2160,118,1361,1295,2264,567
2155: 541,2016,387,1080,2420,1568,1268,931
2156: 2159,1373,1081,404,387,541
2157: 1081,1378,41,27,387,1080
2158: 540,97,1590,2086,437,1134,1719,2262,1130,98,2160
2159: 2156,1373,836,1211,606,541,2420
2160: 1880,116,1719,2158,97,98,2281,1079,2154,1295
2161: 1144,2289,2292,697,1502,77,516,1078,1590,2086
2162: 874,2167,2170,1082,2163,169
2163: 1082,1083,169,1662
2164: 312,1084,2166,543,1085,2168
2165: 300,1424,2166,1218,2428,1618,1085
2166: 417,2165,300,1424,2164,312,1085
2167: 542,1928,2170,1082,2162
2168: 1426,1924,2164,1084,543,484
2169: 168,993,2003
2170: 1928,2495,2499,2162,874,1087
2171: 635,1269,148,544,479,1915
2172: 544,1267,1190,1915,129,1086
2173: 1086,781,1191,2374,1298,2380,1438,170
2174: 1315,1089,786,545,2183,2124,684,133
2175: 2249,141,1125,1780,2188,1090,1092,744
2176: 2181,1091,1278,229,2336,640
2177: 539,1077,1090,1435,1092,744,2150,2151,1141
2178: 1938,1547,1279,230,247,1093
2179: 336,1430,1094,1490,1773
2180: 1644,445,1095,444,1307
2181: 2176,1091,640,1279,230,546
2182: 34,2179,336,917,653,1503
2183: 2124,1065,2187,2189,113,954,1489,545,2174
2184: 1093,912,230,546,2117,471
2185: 122,547,1125,1076,2153,142,2188,1090,143
2186: 33,1095,1474,2406,602,2400,548
2187: 2189,579,509,2312,1088,113,954,2183
2188: 142,1090,2249,141,1125,122,547,2185,2175,143,1077
2189: 2187,579,1088,954,92,2014,786,545,2183,2124
2190: 549,1488,1408,2192,4,1097,422
2191: 2,1257,1992,1385,1337,380,3
2192: 4,1337,798,1408,1097,2190,549
2193: 630,2,1368,3,1096
2194: 799,1342,425,1099,550,1098
2195: 813,245,264,643,1285
2196: 913,1779,1685,1099,550,246
2197: 1050,529,799,1098,281,2451
2198: 1313,1352,1312,657,1102,157,1367,811,1471,2204,552
2199: 1017,519,854,1798,1103,2205,2092,235
2200: 2092,1105,2205,553,1803,1058,396,1322,646
2201: 2081,2071,907,1575,657,1102,157,552,1182,1107,178
2202: 2367,593,1017,519,235,1351,253,1898
2203: 551,2208,683,2290,792,573,2293,1429,1101,1100
2204: 811,1471,2198,1313,1102,157,552,1594,566,177
2205: 553,2040,1692,1103,2199,519,854,2092,2200
2206: 815,1100,77,76,516,1139,1719,1004,1506
2207: 1182,1107,178,552,1135,566,177,2263,592,2362
2208: 2203,551,2290,1429,1100,77,76,2209,2275,2122,1139,815
2209: 2277,2276,570,1429,1101,551,2208,1138,2275,2122,95
2210: 257,1483,692,534,1106,1369,2212,379,932
2211: 554,1066,258,2128,601,2405,2401,1997,967
2212: 1369,1104,692,534,2210,257,1997,932
2213: 1929,1106,256,1983,1483,963,1223,379
2214: 1109,1611,53,2216,555,839,1042
2215: 1875,1973,53,356,1109,1108
2216: 555,51,1572,1039,53,2214,839
2217: 1108,1109,1611,54,1991,2298,1149
2218: 1445,556,689,944,1467,901,2220,2063,1110,1111
2219: 202,2133,183,1110,1111,1631,1070,2221
2220: 2063,689,2218,901,2131,183,1110,1111,1070
2221: 1175,2348,183,2353,1631,202,2133,2219,223
2222: 473,1331,1885,1112,318,1009
2223: 1113,1208,1951,1564,2421,2228
2224: 298,1505,337
2225: 2229,1885,1115,475,1350,1112
2226: 1446,687,138,1361,1116,119,2233,1388,407,2005
2227: 99,559,335,1901,1118,2268,1558,2232,119,2233
2228: 1564,1412,2223,829,1480,283,1534
2229: 306,2230,1365,1115,2225,475,1350
2230: 2464,2458,1584,1232,1230,2229,306,1115,557
2231: 2419,677,558,265,1209,1208
2232: 118,1361,1130,1118,2268,2227,559,1116,2233,567
2233: 1116,119,2268,99,2227,559,1558,2232,1361,1974,2226,1446
2234: 23,1762,1119,465,2036,1436
2235: 1940,485,2241,2057,1747,790
2236: 68,790,1747,1121,2243,1334
2237: 1210,28,2244,1123,1122,1511,562
2238: 2420,1211,606,2416,2016,1123,1122,2417,2415,28
2239: 22,1967,1117,1629,1785,980,1484
2240: 910,1989,493,43,2416,1123,29
2241: 2235,485,1742,85,1120,1747
2242: 38,1762,374,2036,560
2243: 2365,1121,1120,1747,2236,561
2244: 1210,2237,562,2054,2427,816,44
2245: 1433,2011,21,887,22
2246: 1363,563,1943,102,121,2341,2247,1335,2249,141
2247: 1335,1402,1943,121,563,2246,2249,141,1125,1780
2248: 375,1124,101,1925,1972,837,1566,102,1814
2249: 141,1125,121,1363,563,2246,2337,2247,547,2175,2188
2250: 1837,531,1971,770,346,1127,1740,2251,891
2251: 1126,891,2034,2250,346,564,883,2423
2252: 2424,192,193,1805,2425,607,2422,1212
2253: 1060,191,1127,1740,1126,891,2119,2424,192
2254: 152,2255,1128,2256,763,613,1129,1927,565,491
2255: 152,2254,1317,763,1887,1927,565,491
2256: 2456,151,2257,132,1317,1128,152,2254,1129
2257: 132,2013,1044,2447,344,1128,1227,2256,151
2258: 1033,1930,1131,2269,460,2266,648,163,1132
2259: 2267,2261,1135,1452,946,196,197,198,1902,1982,1133
2260: 1118,2268,437,1134,1772,335,2262,1130,118
2261: 2267,2259,1135,566,2263,1452,946,197,198,2363,1133
2262: 1130,98,1590,437,1134,2158,97,2260,2268
2263: 1135,566,177,2207,592,2261,1491,198,2363
2264: 117,666,1079,2154,118,1295,647,567,400
2265: 164,1634,1599,568,838,1131,1033
2266: 1846,2269,2258,971,648,163,182,1617,1293
2267: 2259,2261,1452,197,198,1982,1133,1812,780
2268: 2260,1118,335,2262,1130,2227,2154,2232,118,1361,2233
2269: 1131,2094,568,2258,1033,1023,1846,2266,163
2270: 1137,902,2271,71,569,2272,111
2271: 91,71,1152,2270,2024,569
2272: 111,1137,2270,499,569,678,131,2017,1841
2273: 1136,678,504,1853,92,756,2014,1863
2274: 115,2279,1143,2122,1139,815,1506,1062,2282,366
2275: 2122,1139,551,2208,76,2209,2276,570,1062
2276: 2277,2209,570,424,1101,1489,1138,2275,114,2127,95,1062
2277: 2209,2276,424,2328,1101,551,1138,114
2278: 1374,1142,2282,115,2279,1143,2281,366,572,1541,135
2279: 2274,115,1143,1139,815,1506,2282,96,2281,2278
2280: 2455,2284,2285,1140,181,162,2457,2283,161,1565
2281: 96,2279,1143,1880,2160,116,2278,572,1294,1541
2282: 1062,889,2122,1139,2274,115,2279,1921,366,2278
2283: 161,2280,2457,355,1565,1683,689,453,944
2284: 2455,2280,1225,2445,2285,571,1140,181,2457
2285: 2151,571,1435,1225,1141,2455,2284,2280,615
2286: 5,2288,723,1635,1146,15
2287: 773,2291,1934,5,2288,1147
2288: 5,2286,1147,15,430
2289: 1144,2161,2292,1145,2293,697,1100,77,516,2086
2290: 792,573,809,2292,1145,2293,1429,2203,2208,1100,77
2291: 773,351,2287,844,1632,1147,574
2292: 1145,2293,1657,495,835,2290,1144,2289,2161
2293: 2292,1145,2290,573,1144,2289,2203,1100,77,76,516
2294: 72,575,777,2298,1303,675
2295: 1434,1148,1150,199,1521,962,1703,200
2296: 620,1356,1071,707,1151,1835
2297: 1151,1991,1042,707,72,575
2298: 2217,1991,1149,1303,575,2294
2299: 428,1608,1392,1519,1580,1148,1150,576,1521,962
2300: 180,2301,1496,2448,1148,355,685,1683,1876
2301: 180,2300,1496,159,1148,576,355,1434,685,1876
2302: 1152,670,1356,1835,577,91,2024
2303: 2374,878,109,2304,1153,2373,2106,1298,130
2304: 110,1153,526,2447,2303,2106,1231,1227
2305: 90,670,2474,1834,1559,828
2306: 1155,165,594,2308,1881,578,1556
2307: 979,1154,648,1659,1292,2309,1619
2308: 1416,865,1155,2306,578,1556
2309: 185,2370,2307,979,1154,1715,700
2310: 1157,1345,419,74,2311,579,2312,1853
2311: 579,74,2313,1156,2310,509,2051,2312
2312: 1853,1088,1345,2310,2311,579,2187,92
2313: 1156,55,1255,74,2438,2330,2311
2314: 1159,1665,580,382,2320,822
2315: 2132,494,2322,1162,1160
2316: 1250,1162,635,2323,2322,626,2495
2317: 1012,280,1697,1398,1164,853
2318: 581,2321,296,1538,432,1165
2319: 296,728,1697,1396,2321
2320: 226,818,580,2314,822
2321: 581,2318,1396,296,2319,1468
2322: 582,639,2323,2315,2316,1162
2323: 1276,128,2322,2498,626,2316
2324: 1158,463,580,2325,205,1515,818
2325: 580,1712,206,1158,2324,818
2326: 1166,628,1254,1246,584,56,75,1493,94
2327: 113,954,1167,94,424,1489,1138,1065
2328: 94,424,1166,1493,1429,1101,1138,2277
2329: 2058,905,2332,174,583,176,2347,1674,194
2330: 584,56,55,628,1255,2313,1156,2051
2331: 174,583,1163,1571,2058,2332,1996,883,1919,1014,194
2332: 905,1161,645,898,2058,2080,583,2331,2329
2333: 898,2058,1578,1836,1457,645,173,1163
2334: 2390,210,2392,2340,2117,1169,2033,2061
2335: 1170,2338,2337,1168,2341,585,122,1076
2336: 586,1171,229,2176,1091,2340
2337: 1168,2341,1363,563,2335,2249,122,547,1076
2338: 1170,2335,1421,1950,1168,1751,585,1076,1995
2339: 586,1171,2010,621,1806,2500,1016,210
2340: 2336,1171,1091,2334,210,1169
2341: 2337,1168,401,681,668,1363,563,2246,2335
2342: 587,294,2345,2344,660,2079,295,1485
2343: 728,804,2407,2019,1173,388
2344: 293,2345,1172,660,2342,294
2345: 1409,1172,2344,2079,679,2342
2346: 1357,803,1463,2350,1461,1177,1362,155,1176,1024
2347: 176,2350,905,2080,2329,1357,1674,194,2349,1177
2348: 2221,1175,202,588,1308,418,223
2349: 589,1177,2347,1674,175,194,1176,1587,195,1019
2350: 176,2347,905,398,2346,1357,803,1674,589,1177,155,1176
2351: 979,2353,1619,700,1175,203,2352
2352: 1174,2351,1508,1715,700,224,203
2353: 1619,1631,184,979,2351,2221,1175,203
2354: 339,213,1179,607,2422,1041,1792,708,1567,1794
2355: 1792,591,213,2356,339,1031,1181,232,849,1794
2356: 1744,212,2391,2386,591,2355,231,1181
2357: 2120,213,1179,2119,1060,2424,212,607
2358: 179,1580,2081,834,515,1182,1107,1608,1324,2362
2359: 349,423,794,1324,1183,1491,2363,1855
2360: 1403,2365,1121,1180,870,590
2361: 1866,1651,886,144,439,124,622,1240
2362: 1324,1183,1182,2207,1107,179,1580,2358,592,1521,2363
2363: 1491,197,198,2263,592,1324,1183,2362,2261,2359
2364: 1178,124,125,1738,1240,2488,145
2365: 1121,2243,561,1180,409,1403,2360
2366: 270,2394,2369,1507,1185,372,957,1184
2367: 593,2202,1726,1006,2369,1507,1185,253
2368: 1199,2396,522,1507,2394,1184,287,271,600
2369: 2113,1726,2367,1482,1185,957,2366
2370: 185,2309,1881,1187,1154,357
2371: 1188,616,2497,1299,650,2463,150,2461
2372: 1986,468,735,149,2487,714,1189
2373: 1190,1191,2378,2375,109,2374,2303
2374: 2303,109,1191,2373,2106,2173,1298,130
2375: 2378,596,740,1766,878,109,2373
2376: 2381,594,1735,989,1659,1881,1187
2377: 2380,1438,1986,595,149,2487,2480,190,2494
2378: 596,2375,1267,109,1190,1191,2373
2379: 1287,146,1186,641,1280,1155,165
2380: 1438,2377,781,2173,1298,595,170
2381: 2376,594,523,146,1186,1735,165,989
2382: 2037,1449,1046,2038,882,1822,1192,2383,261
2383: 2384,261,1985,2382,2037,1598,1193,976
2384: 2383,261,1193,597,1261,2404,278
2385: 2399,597,1822,1192,900,243,261,736,278
2386: 599,2391,1196,1744,212,2356,231
2387: 784,598,1197,715
2388: 0,1359,2389
2389: 598,930,2388,1359
2390: 2334,210,2392,599,2033,2061
2391: 599,2386,1196,2356,510,2061,391,231
2392: 2390,2334,210,1016,1194,1196,599
2393: 0,810,1195
2394: 270,2366,1507,1199,2368,1184,271
2395: 2435,1198,2489,287,271,600,1241,610
2396: 1199,2368,522,1897,1346,271,600,1030
2397: 1219,2429,2435,1198,2430,429
2398: 1545,601,2405,2401,967,2402,1202,973
2399: 2385,597,736,278,1201,1203
2400: 2406,602,1200,33,2186,1204,537
2401: 601,2405,637,240,2211,1205,2398,2402,1202
2402: 260,1202,2401,1819,2398,1545,973,259
2403: 1204,537,19,32,2142,2145,2144
2404: 1193,2384,597,1261,278,2409,631
2405: 601,2401,258,637,2126,2211,1066,2398
2406: 602,2400,2186,1204,537,1306,47
2407: 604,1319,279,2019,1173,2343
2408: 1200,32,1427,1234,2468,856,19
2409: 278,1201,2404,279,631,604,1319
2410: 1207,316,303,603,1542,2411
2411: 2410,316,1542,470,1206,1613,1850
2412: 2083,304,766,1899,1911,877,603,1207
2413: 305,2083,397,1207,316,1206
2414: 1209,2421
2415: 2417,1661,2238,1210,28,1370,60,2054
2416: 43,1211,606,2240,2238,1123,1122
2417: 1661,2415,2016,2238,2420,931,28
2418: 2421,282
2419: 2231,1425,605,677,558,682
2420: 2238,2159,606,541,2155,2016,2417,1661
2421: 1209,1208,1113,2223,2418
2422: 607,2252,1805,1179,1041,1212,2354,1567
2423: 1919,1213,1996,883,2251,2034,1014,193,2425,795
2424: 192,2252,193,1126,1060,2253,2357,1179,607
2425: 1805,795,2034,2423,1213,2252,193,365
2426: 85,1120,2434,1216,561,104
2427: 2054,1210,2244,1053,44,1217,608
2428: 1218,610,287,1872,2165,1424
2429: 1219,2397,286,2430,1839,1616
2430: 286,1218,610,2435,1198,1618,2429,2397
2431: 608,2433,1217,61,712,1535,848,79
2432: 498,858,2023,1732,104,409
2433: 608,2431,1053,1217,431,1649,712,1535,848,1783
2434: 609,1216,1828,1667,85,2426
2435: 2395,1198,2489,287,1218,610,2430,2397
2436: 857,103,1214,609,1216,1732
2437: 816,44,1217,1577,1678,456,61,1215
2438: 419,74,2440,2441,55,2313
2439: 995,1520,1912,881,611,1221
2440: 1220,2441,1856,1464,762,55,1857,419,74,2438
2441: 1220,2440,1856,995,1221,55,2438
2442: 1581,254,909,1222,1346,376,1976,612
2443: 1223,525,1906,1929,273,1988,442
2444: 1224,1285,2454
2445: 1225,1256,1777,413,1435,160,571,2284
2446: 1226,813,1494,281,643
2447: 526,1044,2304,2257,1231,1227,1229,151
2448: 1140,181,160,159,1228,180,2300,2457,355
2449: 2463,150,1227,1229,2456,613,1129,2453
2450: 1906,960,254,1059,255,909,1222,273
2451: 281,1050,2197,1226,2049,390
2452: 2089,612,909,376,873,927,772,1926
2453: 770,2118,2121,2463,2449,150,613,1927,2461
2454: 1285,614,643,1531,2444,1224
2455: 2284,2280,2285,1141,181,615,1523,162,161
2456: 2256,151,1227,1229,2449,613,1129
2457: 355,1140,181,2448,2284,2280,2283,161,1683,944
2458: 617,2462,1353,1232,1230,2230,2464
2459: 1233,1248,1061,616,2461,2121,625,171
2460: 292,1605,779,718,1679,1979,2462,1458
2461: 150,2371,616,2121,2453,625,1061,2459
2462: 617,2458,1679,292,2460,1584,1232,1458
2463: 2449,150,2465,1229,650,2371,2453
2464: 2230,2458,664,399,1230,1115,557
2465: 2106,1231,1227,1229,130,650,2463
2466: 18,1386,2093,373,2467,1235
2467: 373,1964,2466,618,2115,1235,2469
2468: 856,18,443,693,1234,2408
2469: 1235,1427,1234,2467,618,2115,923
2470: 1069,2474,70,1237,1277,2132
2471: 62,1238,994,476,619,1905,2475
2472: 1237,2137,536,2476,70,1239
2473: 100,81,2477,1907,1817,1658,1925,1972,837
2474: 2470,1069,1237,1239,90,2305,828
2475: 1905,719,2471,1238,1527,619,1236,1713,2477
2476: 620,1356,536,2472,577,1239
2477: 1907,964,1527,1236,2475,719,1804,1658,2473
2478: 2488,2486,622,2484,1240,145,2100,146,1242
2479: 623,2485,1241,1243,1030,1444,1198,2489,288
2480: 149,2487,2377,595,190,2483,2481,1244
2481: 190,2483,2487,2480,1245,1244,2010,621,2500
2482: 288,289,2485,1911,1528,361
2483: 190,2481,2494,2480,171,1245,2010,621,2500
2484: 622,1240,1551,2478,2486,164,2100,523,1242
2485: 623,2479,288,2482,289,429,1528,361
2486: 2478,2488,125,2484,1287,145,146,1186,1242
2487: 149,2480,2377,2372,2481,714,1189,1244,386
2488: 2478,2486,1178,2364,124,125,1240,145
2489: 2395,2435,1198,271,600,1241,623,2479
2490: 57,2491,1548,1247,2046,1914,1051,872,2492,1970
2491: 57,2490,1051,885,2492,1970,490,1454
2492: 872,624,1247,1051,1978,57,2490,2491,1246
2493: 490,1776,57,1254,1246,2074,75,683
2494: 190,2483,2377,595,170,1249,1188,2497,625,1245
2495: 626,1250,2316,1928,2170,2499
2496: 128,1251,2498
2497: 2371,1188,616,1299,1249,2494,625,171,1245
2498: 1251,128,2496,2323,626
2499: 148,2495,1250,635,1928,2170,1087
2500: 1806,2483,2481,171,1245,1233,621,730,1710,2339
2501: 1233,1248,1061,211,730,2020,742,2119