0: 1195,2047,1359
1: 930,1349,895,1981,1513,817
2: 348,1257,630,2191,2193,1096,3
3: 2193,1096,2191,1337,380,798
4: 1635,2286,798,2192,549,1146,1364
5: 2287,723,1635,2286,2288
6: 919,371,1864,1372,352,1487
7: 373,1957,2114,1375,1964
8: 20,801,1768,911,1386,1633
9: 1407,805,1390,10,2011,887
10: 1466,1390
11: 1569,761,1401,12,2059,1451,25
12: 1401,761,26,11,1451
13: 1385,380,26,1408
14: 1642,1539,1860,1410,1588,1989
15: 2288,2286,430,1146,2012,846
16: 812,1417,17,847,1533,1647
17: 847,352,1487,812,16,1419,793
18: 1386,2093,373,443,1235,1234
19: 32,2142,923,1427,1200,1072
20: 8,1768,860,1633,1430
21: 35
22: 1117,924,1967,1629,2239
23: 1119,929,1675,478,465,2234
24: 810,1195,1977,1355
25: 1552,1537,2059,11,1569,899
26: 13,12,1408,1097,1451,831
27: 634,41,1266,2157,1080,1268
28: 1661,606,1211,2238,1123,2016,1122,2237,1210,60
29: 910,2240,1123,1462,1518,1511
30: 1462,2091,879,1948,863,1465,1843
31: 2115,923,1469,1544,1072,1073
32: 19,2142,1200,1204,2145,537,2144
33: 1727,1474,856,1200,1204,2186
34: 1094,2179,2182
35: 21,1705
36: 37,983,1484,374,560,861,1525
37: 36,983,362,1525,1520,1912
38: 892,359,2242,2036,560,1525
39: 899,698,1537,1504,1689,1007
40: 1888,1548,1729,1007,998,2046,1247
41: 1266,1552,674,1378,1252,2157,1081,27
42: 1052,2050,1268,1568,1743,1010,1739
43: 2238,1123,1588,1989,2240,1211
44: 816,2244,1577,1217,1215,61
45: 1465,1583,434,2062,1843,1055
46: 2145,2143,2142,63,2144,1706,1745
47: 602,1306,654,2102,782,524
48: 2105,1891
49: 1389,1603,1034,447,1935,1366
50: 
51: 555,2216,1572,1625
52: 1563,1071,1636,411,462,2134
53: 2214,1039,1973,2215,1109
54: 356,1108,1302,2217,1149,651
55: 2313,74,1856,1220,1221,419,1255,2330,2311
56: 1255,2330,584,628,1978,1254,2326
57: 1051,1247,2046,885,1970,624,1246,490,1454
58: 885,1970,2007,1743,1010,1454,1653,809
59: 1653,809,1657,1010,1052,2050,2006,495
60: 1370,507,28,1661,1210,2054,431,1217,1053
61: 1215,44,1217,608,848,456,712,1591
62: 1054,1238,1055,1681,2075,1800,747,1905,476
63: 2143,2066,1681,46,1706,1800
64: 518,747,1905,476,1713,1612,2069
65: 2077,1057,1724,725,406,769
66: 914,1307,444,2099,1305,1327
67: 1742,84,1953,482,663,1903,1828
68: 1818,2057,790,2236,665,1334
69: 395,2018,1341,1809,2140,1750
70: 2137,1750,1239,88,1277
71: 902,1137,1965,1759,91,1152,2271,2270
72: 1965,1835,2297,575,1151,777
73: 1157,1345,1857,1765,2072,800
74: 2313,55,1220,419,1157,2311,2310
75: 1776,683,1254,1246,2326,1166,1493
76: 1139,815,2208,1100,77,2293,516,2275,2206,2274
77: 1100,2293,2290,2208,2161,516,2289,76,815,2206
78: 697,1502,1585,2044,835,1649,1937
79: 456,712,1591,848,1793,1453,1772,704,746
80: 964,1215,1696,456,1591,1907,1804,746
81: 100,1236,1658,1907,1817,1804,101,1925,1972,1796,837
82: 1612,2069,480,1630,1056,83,850,722
83: 1823,850,1612,82,1630,101,401,722
84: 1742,67,1953,482,1036,1667,1828
85: 1828,609,1742,2241,1216,1120
86: 2147,729,1699,1886,1831,1721
87: 751,343,1818,2149,665,426
88: 582,639,667,2140,1750,70,1277
89: 1559,1834,499,1945,1766,878
90: 1069,1237,1239,577,2305,670,828,1559
91: 1152,2271,1965,1835,1759,2302,71
92: 756,1853,504,1088,2273,1136,2014,1863,786
93: 1303,1877,2294,675,1464,1857,1765
94: 1167,2328,584,2326,1166,2051,1493,424
95: 532,2127,1138,2209,2276,570,114,1062,2122,2029,889
96: 1143,815,1004,1506,1719,115,2279,1880,2160,572,2281,116
97: 540,2158,1590,1004,1719,2262,1880,2160,1079,98
98: 1079,2154,1130,2158,97,2262,2160,118
99: 2227,704,1550,1901,1118,827,1558,559,2233
100: 81,1907,1804,1593,746,1972,827,1796,837
101: 1925,1972,1817,81,83,1823,850,2248,1943,102
102: 1943,2246,121,101,1972,1823,2248,375,1124,1335
103: 1380,1421,406,857,1732,1214,1950
104: 498,857,1732,1216,561,858,2023,409
105: 412,590,1886,1831,1955,768
106: 1422,1074,2147,1486,1959,1460
107: 642,1509,1961,127,533
108: 828,740,1277,1069,2132,494,1993,596
109: 1766,596,878,1153,1190,1191,2303
110: 878,1153,2304,1945,131,2017,526
111: 2272,2270,1137,2273,1136,1841,678
112: 658,133,1406,1829,1315,1089,1317,344,1128
113: 2187,954,509,2051,1167,579,2327,424,2183,1489
114: 2129,1489,2327,1138,2277,2276,1065,95,532,2127,134
115: 2274,2279,815,2282,2122,96,1143,889,366,1374,2278,572
116: 647,1295,96,1880,2160,1079,2281,1294,659
117: 666,2264,647,1295,567,1314,1933,1316
118: 2232,2260,2268,98,2154,1130,2264,1361,567
119: 559,2233,1116,1558,1974,1592,2226,1388,407
120: 1592,978,1614,1984,1354,785,489,483,1922,1968
121: 1943,102,2246,2248,1124,1363,1814,2247,1335
122: 2335,2337,547,2153,1076,2188,2185
123: 1411,143,1995,2153,2185,757,144
124: 886,2361,694,1866,2364,1178,1240,622
125: 145,1738,2364,1178,738,1240,1286,1287
126: 644,2004,2065,737,1737
127: 2135
128: 2323
129: 781,1086,2172,1896,1915,765
130: 1299,650,1191,2303,2106,1227,1231,1298
131: 2017,1841,569,2272,499,1945,110,1020
132: 2257,1044,2013,1336,1406,1829,1317,344,1128,2256
133: 112,658,1315,2174,1089,1317,1432,1340,345
134: 1360,1909,690,2129,114,532,2127,2029,360,1917
135: 2053,1921,1374,1142,2278,696,1500,662,1541,2026,896,500
136: 1379,928,500,702,1999,896,1560,884,506,156,2035
137: 659,1314,647,702,1541,1316,1379,928,500,1560,1384
138: 1529,1361,400,2226,1446,687,1339,1387,367,2005,1570
139: 158,820,1473,1301,140,834,999,1392,1519,826
140: 1300,1301,732,1922,1717,158,139,1258,1392,826
141: 1780,1402,2247,1335,2249,802,1125,2175
142: 2188,2185,1125,1090,1411,143,1092,2150,2152,1077
143: 123,1411,2153,142,2188,2185,2152
144: 1866,757,123,1411,2361,439,1615
145: 125,2364,1240,1242,1286,146,165,1287
146: 165,1240,1242,145,523,1287,1280,1186
147: 167,737,1281,1770,1799,1420,986
148: 2171,1250,635,2170,1087,479
149: 1189,1986,1438,595,190,1244
150: 1229,1231,650,613,1188,616,2121
151: 2256,2257,1044,1128,1227,1231,1229,613,1129,2254
152: 2257,1317,1128,658,2256,763,2254,565,2255
153: 789,360,1941,2041,1836,1457,645,154
154: 645,1288,360,153,1941,876,1917,1500,1836,1457,1289,898
155: 1362,1176,2346,803,1461,403,1024,503,671
156: 506,2035,136,884,1463,1313,1357,803,1461,1367
157: 657,1102,2201,1560,1312,907,2198,1313,1352,2204
158: 139,820,2005,732,1717,1473,1300,140,999,826
159: 1228,629,1301,160,1554,1496,576,180,2301,355
160: 1256,1258,1301,1225,159,1228,629,1140,181,2284
161: 944,1565,181,162,615,2280,2283
162: 615,2280,1523,944,1565,161,971,1023
163: 648,1132,1131,2269,460,2258,2266,1846,1293
164: 1551,622,1634,2265,2100,1930,1033
165: 146,145,1287,1280,1186,2306,594,1155
166: 1556,578,357,1881,1816,1815,866
167: 147,737,474,2141,1420,986
168: 2163,169,1083,2169,993
169: 168,2163,2162,874,1662,1561
170: 595,781,2173,1298,1299,1438,1249
171: 1245,616,1233,1248,621,1806,730
172: 491,1971,565,814,1571,346,564,1996
173: 814,1571,1163,1887,2041,1499,1836,2333,1578
174: 1919,2331,2058,1996,583,194,2329,1014,1789
175: 1674,1789,194,1177,2349,589,1954,1587,1326,195
176: 1177,2350,2347,905,398,2080,2329,1357
177: 1135,1452,566,1471,2204,552,1848,1594,2263
178: 552,657,1102,2201,2081,2204,1182,2207,1107,566
179: 1580,2358,515,1182,428,1608,794,1324,1183,2362,1521,962
180: 2301,2300,159,1228,629,181,1148,1496,1683,355,685
181: 1140,2284,160,1228,615,2280,180,1683,355,2283,944,161
182: 2266,1846,971,1023,1445,556,1293,1617
183: 2219,556,184,1293,1617,1110,2220,1111,1631,2133,2221
184: 1293,1617,1292,183,2353,1619,1631
185: 1815,1187,357,2309,1154,1715
186: 2130,986,1646,1067,1002,1637
187: 1656,990,1597,1665,713
188: 1557,1662,993,341,1676,1668
189: 1833,726,1668,1003,209,1736
190: 595,149,1245,1244,386,2010,621
191: 1740,1127,211,2253,742,2120,2119,1060
192: 607,2253,1126,891,2034,1060,2252,193
193: 1805,2252,795,1126,2034,1213,365,607,192,1212
194: 583,2329,2058,174,1919,2347,1014,1674,175,1789
195: 1694,175,2349,589,1954,1587,1019,1893
196: 1698,946,503,1848,1594,1452,897,2259
197: 1491,198,2363,2267,2259,2261,1982,1812,780
198: 1491,197,1135,2363,592,2263,1183,2267,2259,2261,2359,1812
199: 1521,962,1608,1150,794,1324,2295,673,1855,1703,200
200: 1573,1371,199,2295,1434,685,1704,673,1703,832
201: 2139,855,1711,453,1707,1467,440,901,2131,222
202: 2219,2136,2133,2348,2221,535,223
203: 2352,224,2353,1619,2351,700,588,1175
204: 661,1404,1321,1815,866,1508,1715
205: 959,866,463,2324,661,1321,1515
206: 2314,580,1712,1002,1159,2325
207: 1998,1720,1536,227
208: 985,459
209: 1000,726,189,1623,1736,228
210: 1171,1016,1194,2340,2334,599
211: 1061,2118,531,1233,1248,1740,191,2020,742
212: 2357,213,1774,2120,2119,1744,2356,591
213: 2357,212,2120,607,1179,2354,591,2355,1792
214: 1643,1041,1749,708,393,1987,984,1047,233,2064
215: 749,1213,365,1805,795,487,1587,1326,1752
216: 1838,2048,1019,1694,2030,1753,1893,414,508,1475
217: 396,2078,1781,1868,1753,414,508,1475,1439,1755
218: 1982,2267,420,238,1812,780,394,1478,1758,2022
219: 1763,1265,1491,423,238,1812,780,2022,788
220: 1272,221,433,1621,1271,636,1270,2126
221: 1272,220,1621,1271,1068,1328,1769,2126
222: 752,1802,2139,201,2063,2131,796,1068
223: 535,655,2133,202,2348,2221,1309,418,1308,242
224: 2352,203,588,1175,1174,1778,1459
225: 1497,1381,1671,449,1779,454
226: 2320,818,1515,1320,1791,1782
227: 1536,1546,207,1784,970
228: 1786,1623,209,1000,721,1645
229: 586,2336,1601,386,2010,1278,2176,640,1091
230: 2178,1279,2181,2184,546,1093
231: 2356,1744,599,2061,1196,1181,591,1031,391,510
232: 1640,1181,2355,1794,1031,391,849,1900
233: 234,2064,708,393,214,1797,517,1810,2088
234: 233,2064,984,1798,854,252,1810,2088,1017
235: 2092,519,1105,2202,1351,1291
236: 1329,745,396,2078,1755,778,1803,1058,1512
237: 1512,862,1994,783,745,1808,2068,1788,2104
238: 1812,780,218,219,1758,867,2022,788
239: 1757,1265,1540,433,1273,633,636
240: 1272,1443,1328,637,527,1205,241
241: 1819,1205,637,240,1046,527,1202,882
242: 1822,655,223,1308,893,759,1826
243: 1826,1822,1192,900,736,597
244: 1342,1447,933,446,1947,1852,425
245: 1284,813,264,643,2195
246: 913,550,2196,1494,1284,813
247: 1547,1861,2178,248,1865,1938
248: 1437,942,1861,247,1865
249: 1867,2052,955,1492,505,925
250: 947,1867,2052,267,1470,1338
251: 1343,1275,1883,1479,1274,269
252: 1810,1006,2088,234,517,2073,1890,1726,952
253: 2202,1351,2367,593,1507,1185,1898,272
254: 1059,1323,1290,273,255,1976,1222,1581
255: 273,1906,1323,960,1788,254,1059,1222
256: 525,1808,1040,2213,1983,1223,1929
257: 2210,932,692,2212,1369,1377,716,275
258: 637,2126,1272,1270,1066,554,2211,601,1205
259: 973,1545,1202,601,1579,260,1936,383,1382,1260
260: 1936,1202,1819,1205,1985,259,976,1598
261: 278,1985,2037,1192,1193,1598,597,1261
262: 997,1670,2060,1942,991,2112
263: 1947,1342,1942,799,529,2112
264: 245,1284,457,2195
265: 2231,677,1330,1209
266: 605,682,1655,1333,915,918
267: 1470,250,949,1338,1442,638
268: 686,1811,1442,638,1274,410
269: 695,951,1479,1343,251,1830,754
270: 2366,957,1507,372,2368,1199,1872,1184
271: 600,2368,287,1184,1241,1218,1198,610
272: 522,1898,1351,253,711,1291,2098,1199,1897
273: 1906,255,960,254,442,1223,1222,612,909,1450
274: 1358,1666,448,452,1377,937,1679,1441
275: 779,1605,257,1369,381,716,718
276: 383,1382,1260,888,2025,1695,727
277: 1936,976,1193,1260,631,1261,1695,1318
278: 261,1192,1193,1203,597,1201,631,1261
279: 1203,1733,1201,1393,604,2019
280: 528,1027,1012,741,2317,1398
281: 1050,2197,1098,1494,390,1226,2049
282: 1113
283: 2228,1113,282
284: 1939,1456,370,686,1412,750
285: 1830,753,1343,1842,340,1418,1455
286: 1839,1618,1218,1198,610,841,1616,1219
287: 1424,1872,1184,2368,271,1218,610
288: 1528,361,1444,1243,289,623,1911
289: 1899,1932,772,1444,1243,766,361,288,603,1911
290: 873,937,1450,1626,448,1926,2089,1666
291: 1458,1979,1610,292,888,2025,1584,307
292: 452,779,1605,718,1679,291,1458,1979,1232,617
293: 660,1319,631,1318,1172,2344
294: 2344,660,2342,472,587,295
295: 587,2087,2342,294,472,1882,908
296: 2318,2319,1164,1697,2321
297: 1854,2049,1531,1476
298: 1480,1534,1505,699
299: 701,1501,1534,833,1801
300: 760,1960,417,1424,2166,2165
301: 1639,347,841,1839,2082,484
302: 840,429,1528,1219,880,1975
303: 1956,1542,361,603,1911,1207
304: 1555,766,1899,877,603,2083
305: 1206,1049,397,664,1574,1722,2043
306: 1584,1232,1365,2230,2229,1350
307: 1365,1376,291,888,2025,1584,405
308: 679,405,1365,1376,402,904,1589
309: 1468,908,1311,1596,656,310
310: 1310,656,309,1602,1596,481
311: 1602,1165,481
312: 417,936,1714,1622,2166,1084,2164
313: 1627,871,436,1889
314: 1654,774,1639,347,1952,2021
315: 969,852,1654,774,1673,450
316: 1207,1542,1206,1850,1613,470
317: 1663,1680,733,318,2015
318: 2222,473,733,1009,317,1688
319: 328,329,1691,1760,1001
320: 1638,1688,1894,1009,1741,1700
321: 1264,755,421,1931,771,894,1858
322: 1718,1761,1963,632
323: 965,787,1813,1946,1723
324: 1844,1022,1553,961,1730,797
325: 819,649,1734
326: 1746,455,492,961,1025,797,1849
327: 1297,1526,1296,851,649
328: 319,1949,1754
329: 1691,981,1638,1760,2028,319
332: 751,2057,1366,1431,1764,1825
333: 1538,853,1767,916,432
334: 1420,1646,1799,680,1416,1712
335: 1793,1453,1772,688,1901,1134,2260,1118,2268,2227
336: 2179,2182,1430,1490,1773,956,1503
337: 2224
338: 1787,1900,391,1640,1869,1470,703,949
339: 1794,1792,1179,2354,708,1567,849,1652,1797
340: 1394,1415,410,285,753,1418
341: 1833,1807,1557,466,188,1668
342: 975,978,830,1566,375,1124,1592,1814,1614,926
343: 1825,751,2146,451,87,2149
344: 1317,1128,1406,1829,1315,132,112,658
345: 2041,1499,658,133,1340,789,763,1887,1836,814
346: 2251,172,1971,1571,1837,2250,564,883,891
347: 301,1639,1839,1616,1952,314
348: 1257,2,1840,2002,630
349: 423,2359,794,1324,1183,1491,673,859,1855,1763
350: 1860,1410,549,1364,1488,1958
351: 1862,773,844,2291,1632
352: 1487,6,371,812,17,1419
353: 1621,1271,1573,1371,440,832,855,433,1871,1068
354: 1629,1117,458,968,467,1875,1884
355: 1683,2283,159,1228,1140,181,180,2301,2300,1876
356: 54,1875,1884,1878,1108,1302
357: 1881,1187,578,166,1815,185,866
358: 980,1878,1785,1648,1302,987
359: 38,892,1729,362,1525,1888
360: 789,153,134,1909,690,1432,1941,1917,2041,154
361: 1528,288,289,1911,880,1956,303
362: 1525,359,37,1888,1520,1912,1923
363: 627,1914,1266,634,885,2007
364: 696,1500,662,2029,1472,1921,889,876,1917,1288
365: 1014,1919,1213,1789,193,795,215,487,1326
366: 1374,1142,2278,1062,2282,2274,115,1143,1921,889,696
367: 1339,1387,1933,1316,138,907,2085,709,512,1570
368: 717,1400,1865,724,1938,1606
369: 1456,1338,915,947,918,1939
370: 2107,284,1939,1564,1951,1412
371: 919,6,352,1348,922,1957,1419
372: 1498,921,957,270,2366,760,1872
373: 7,1964,2093,18,618,1235
374: 1484,2116,1967,2242,560,861,36
375: 2248,1124,1972,837,1566,102,342,975,1814
376: 927,772,1976,1222,612,1346
377: 1397,1977,1355,929,1675,992
378: 1440,1981,1355,929,1913,478
379: 1106,1929,2213,1988,932,1626,448,1377
380: 1337,1992,2191,3,1385,13,1408
381: 1997,1579,1369,779,275,2001,718
382: 1597,1665,2314,2320,1998,822
383: 276,1382,259,973,1610,2001,718,2025
384: 993,2003,1676,1690
385: 2008,764,1954,1868,1753,1893,1643,1047,758
386: 2010,190,1244,1601,1278,229,586
387: 2157,1081,404,2156,541,1080,1568,2155
388: 2019,2343,1748,2042,728,1697
389: 1194,1710,2020,1774,1744,1196
390: 1226,643,2049,297,614
391: 1031,510,231,232,2052,955,1869,338,1900
392: 1669,1037,1895,868,2056,1687
393: 708,1987,1567,214,1652,1797,233,2064
394: 783,1478,218,1994,1758,867,2068,1845
395: 69,1045,2070,462,1809
396: 2078,217,1781,414,1439,2040,553,1803,2200,236
397: 877,1944,2083,1574,1206,305
398: 2080,1289,1325,2026,905,884,1463,2350,176,1357
399: 1353,1944,943,1230,664,1574
400: 1361,567,1116,666,2264,1446,1933,1339,138
401: 722,668,83,1823,1943,1363,2341
402: 669,1365,1376,308,1350,1589
403: 1461,1367,1313,811,1471,2204,155,1024,503,1848,1594
404: 1253,1378,775,1373,387,1081,2156
405: 308,679,888,1409,727,1376,307
406: 725,769,65,1667,103,1380,1214
407: 1388,1984,119,1592,2226,687,785,2005,732,483
408: 1395,2000,2123,1064,1483,963,692,2212,534,2128
409: 1180,2365,1216,561,104,498,1403,1495
410: 1274,1811,268,753,340,1415
411: 462,1684,1423,1636,52
412: 105,590,1428,1403,1738,1955
413: 744,743,1777,1435,1256,1225,571
414: 508,216,1868,1753,1893,758,1439,396,217,1781
415: 1443,1328,1769,796,1068,1802,748
416: 748,1821,1802,2136,1309,1046,2108,1449,893
417: 1960,1455,300,1622,312,2166
418: 808,1308,588,1175,2348,223,1447,1459,759
419: 1464,1857,1220,55,74,1157
420: 1969,1902,2267,767,1982,218,1133,778,1994,783,1478
421: 1485,755,477,1931,771,321
422: 1097,2190,831,1488,775,1253
423: 349,2359,1491,859,1812,1763,1265,219
424: 2327,1138,2051,94,1167,2328,1493,1101,113,2277,2276,1489
425: 2194,1099,933,446,1497,244,1342
426: 729,87,2149,665,1514,1074
427: 2091,1518,1015,1021,2062,1843,1795
428: 2299,1608,834,999,1392,1519,826,179,1580,576,962
429: 623,1198,1528,1219,302,840
430: 1417,1147,2288,15,2012,1533
431: 60,507,2044,1217,1053,608,1649,1535
432: 916,2103,2318,333,1538,1165
433: 1540,1871,1371,1757,239,353,1271,1273,636,220
434: 1544,1583,45,1073,1055,2066
435: 1782,1791,2097,864,1532
436: 871,1775,1582,731,1627,313
437: 688,875,1078,1590,1772,540,2158,2262,1134,2260
438: 1600,496,1628,2111,879,843
439: 1551,1615,1866,144,2361,622,1634
440: 832,1711,1573,2139,201,855,1621,353,796,1068
441: 1889,1018
442: 1988,1223,273,1906,909,1450,1626
443: 1633,1386,18,1490,1234,693
444: 2180,1644,1307,1304,66,1305
445: 2180,956,1503,1474,1650,1095
446: 933,1660,1447,1778,1459,1852,244,425
447: 1664,1034,1028,1607,49,1389
448: 1988,379,932,1626,452,1377,290,1666,274
449: 1510,661,959,1671,225,454
450: 315,969,1673,1553,1413,1730
451: 2146,1677,1825,343
452: 1377,716,448,1605,274,1679,1441,292
453: 1876,1707,1683,2283,944,689,1467,201
454: 1779,1510,449,225,1685,864
455: 1687,1895,492,1029,326,1746
456: 712,1591,79,1215,61,1696,80
457: 1701,966,1562,264
458: 1433,1117,1705,968,1629,354
459: 1708,208,985,942
460: 1033,2258,1930,1735,1132,163,989
461: 992,1407,805,1119,2116,1762
462: 411,2070,52,395,1809,536,2134
463: 1158,680,1816,866,2324,1321,205
464: 1063,1067,1820,990,1656
465: 478,23,1824,1873,2234,1436,698
466: 705,1827,1557,1561,1728,341,1807
467: 2215,1832,968,354,1973,1875,1884
468: 735,1833,1807,1189,1003,714
469: 717,1400,1847,677,1330
470: 974,316,1206,1049,1613,1874
471: 925,2184,2117,1492,912,1879
472: 804,660,1173,294,295,1882
473: 1331,1885,1722,733,318,2222
474: 1282,737,1737,167,2141
475: 1756,1350,669,1112,2225,1894
476: 1905,62,1238,1800,747,619,518,64,1713
477: 755,1910,904,1589,1485,2079,421
478: 465,929,378,1913,23,1824,1873
479: 1827,1087,148,2171,544,1896,1915,705
480: 1630,1056,1851,1026,1724,82,1347
481: 1602,311,1918
482: 663,914,1920,1990,1953,67,84
483: 489,1922,1717,407,1984,120,1354,785,732,652,1300
484: 2082,2168,543,841,1924,301
485: 672,1903,1742,1940,2241,2235
486: 1723,939
487: 1954,1587,1326,365,749,215,1752,2008,764
488: 
489: 483,1922,1717,120,802,1354,1968,1777,652
490: 1246,57,1970,1454,1776,2074
491: 172,1971,763,1887,565,2255,814,1571
492: 1029,455,720,326,1746,1025,1980
493: 910,2240,1539,1628,1989,1948,843
494: 2132,2315,108,1160,1269,1993
495: 1144,835,1657,59,2006,1585,2292,1145,697
496: 1600,438,1533,1647,1628,823
497: 981,2015,851,1691,1035,1949
498: 104,858,2023,409,2009,694,1495
499: 1945,1834,2024,569,2272,89,131
500: 136,1379,928,135,2053,702,1541,137,1999,2026,896,2035
501: 1964,2027,920,890,618,1469
502: 2039,1700,2028,1262,1038
503: 1024,671,403,155,1848,1594,1838,2055,897,2030,1698,196
504: 800,1853,2032,2273,1136,92
505: 599,2061,1492,2033,510,249,955
506: 156,2035,136,928,1463,1313,1352,1367,811
507: 1370,60,1661,1008,2044,431,1053
508: 414,216,2048,2055,1753,1475,217,1781
509: 1156,2051,2311,2310,1167,579,113,2187
510: 1031,391,2061,231,505,955
511: 948,958,2065,1737,1282
512: 709,1575,1387,367,907,2085,706,657,2081,2071
513: 1883,1479,1543,982,1620,2073,1890,951
514: 1577,1795,1021,2075,1215,1678,994
515: 834,999,972,1575,2081,1182,1107,179,1580,2358
516: 2161,2289,77,2293,1078,2086,76,2206,1004,1506,540
517: 2073,842,1797,233,1620,252,2088
518: 64,747,1011,476,1851,2069,1056
519: 235,2092,854,2205,1017,2199,1105,593,2202
520: 1523,838,539,1141,568,1599,615,1131,2094,1023
521: 2102,2096,1306,2144,2090,1745
522: 1898,272,1507,2098,600,1199,1897
523: 2100,1930,622,1242,146,1735,1186
524: 782,47,2102,2096,1990,1057,2077
525: 256,1808,1040,960,2104,1906,1223
526: 1020,2017,110,2304,1044,2013,1227
527: 1046,2108,1443,748,240,1205,241,882
528: 280,1048,2110,1027,1012,2042
529: 1686,2112,263,2197,799,1050
530: 1323,1058,1329,646,1322,1788,1059
531: 1837,2250,2118,770,211,1740,1127,891
532: 95,2127,570,114,1062,2282,134,2029,1472,1921,889
533: 2138,1283,107,642,1282,2135
534: 2212,1104,2128,408,2123,692,554
535: 655,223,2136,2133,202,1309
536: 1809,2134,620,2137,1239
537: 1306,2144,32,1204,2145,602
538: 2149,2146,2148,1514,1075
539: 838,1141,2177,2150,1077,2285,2151,1599,520
540: 2158,97,516,1590,2086,437,1004,1506,1719,2160
541: 2156,2159,387,606,2155,2016
542: 2167,1928,1251
543: 841,1085,2168,2164,1618,484
544: 1269,1267,2171,2172,1190,479,1915
545: 2014,2189,1088,2183,2124,786,1315,2174
546: 2184,2181,1091,1169,230,2117
547: 563,2249,2337,122,1125,2188,2185
548: 1095,1307,2186,602,2099,654
549: 2192,2190,4,1364,1488,350
550: 2196,1779,2194,1099,246,1098,1494
551: 2203,2208,1101,1429,1100,2277,2209,570,2275
552: 178,2198,1102,2201,1471,2204,2207,1135,177,566
553: 2205,1439,2040,396,2078,1103,1803,2200,2092,1322
554: 967,2211,1066,258,1104,534,2128,601,1369,1997
555: 51,2216,2214,1423,1636,839
556: 1445,2218,1565,971,182,689,1617,1111,183
557: 1115,2230,1230,664,2229,2043,1331,1885
558: 605,682,2231,2107,1208,1951
559: 119,2233,1116,99,2227,827,830,1558,2232,1974
560: 2242,374,38,861,36,1525
561: 2243,1120,1216,104,1180,409,2365
562: 1518,1511,1015,1122,2237,816,2244
563: 547,2249,1943,2246,1363,2341,1168,2337,2247
564: 883,1996,172,1971,1571,1163,346,2251,891,2034
565: 2254,1927,2255,152,172,491,1971,1837,2250
566: 1135,177,2204,552,178,1182,2207,592,2263
567: 1361,400,2154,2232,118,117,666,2264,1446
568: 1634,2265,1599,838,520,1523,1131,2269,2094,1033
569: 2024,2271,2272,2270,499,131
570: 2275,551,2277,2209,2276,1139,95,532,1062,2122
571: 2285,2151,413,2177,1435,1225,2284
572: 2281,1294,115,96,1143,1374,1142,2278,2053,1541,659
573: 2074,792,2290,1454,809,1657,1776,1145,2203,2293
574: 1632,2291,1417,1147,812,16
575: 2297,1991,2298,2294,72,1965,777
576: 1148,1496,1150,1519,1554,159,2299,428,2301,962
577: 1356,2302,1239,1237,90,2305,670
578: 1556,166,2306,594,1155,2308,357,1881
579: 2312,1088,1345,2311,2310,509,113,2187,2189
580: 2314,206,1159,2325,818,2320
581: 1602,1596,1468,1396,2321,2318,1165
582: 88,639,1276,2323,2322
583: 194,2329,2058,898,905,2332,174,2331,2347,1674
584: 2330,56,2326,1166,1156,2051,94,1167
585: 1950,2338,1751,2023,1995,1076,988
586: 229,2336,386,2010,621,2339,1171
587: 2087,295,2342,294,1485,2079,771
588: 1175,2348,2221,224,203,808,418,1778,1459
589: 2349,1177,175,1362,1176,1694,195,1838,1019
590: 105,412,1180,870,2360,1886,1403
591: 1181,2355,1744,2357,212,213,231,2356,1792
592: 2363,2263,1182,2207,566,1324,1183,2362,198
593: 2367,1810,1006,1017,519,1726,2202,253
594: 1186,2306,165,1735,989,1187,1659,1881,578
595: 170,1986,1438,1249,149,190,1245
596: 1993,1267,108,740,1766,109,1190,1191
597: 736,1203,1192,243,900,278,261
598: 784,1359,930
599: 2061,1196,210,1194,2340,2334,231,2033,505
600: 2368,1199,522,1030,1897,1346,1184,271,1241
601: 1202,637,258,967,554,2211,1205,259,1545
602: 47,1204,2186,548,537,1306,654
603: 1911,289,1899,304,2083,303,1207
604: 1173,1201,279,1393,660,1319,2019,2343
605: 266,682,1655,677,1425,2231,558
606: 1211,836,2156,2159,541,2238,2155,2016,28,1661
607: 192,2253,2120,1060,1805,2252,193,2357,213,1179,2354,1212
608: 1217,1053,431,61,1783,1535,848,712
609: 85,1828,1667,1732,1214,1216
610: 1198,287,271,1218,1618,286,1219
611: 628,1520,995,1912,881,1221,1978,1255
612: 909,273,1976,1222,1450,772,376,1926,2089,873
613: 1129,151,150,1229,2254,1927,616,2121,2118,770,1837
614: 390,643,297,1531,1224
615: 162,2280,2285,2151,1141,181,2284,520,1523,1565,161,1023
616: 650,150,613,625,1188,2121,2118,171,1233,1061
617: 1230,1232,1679,1441,292,1458,1353
618: 1964,373,501,1235,1469,2115
619: 1527,994,1238,1678,1905,476,1236,1658,719,1713
620: 2134,1071,536,2296,1239,1356
621: 2339,1806,190,1245,171,2010,730,586
622: 1240,1242,1866,124,2361,439,1551,164,2100,523
623: 429,1241,1243,1198,1528,288
624: 1978,1254,881,872,1247,57,1246
625: 1249,1188,616,1245,171,1233
626: 2316,1250,128,2323,1251,542,1928
627: 363,1914,1689,1252,1266,998
628: 611,1912,881,1221,1978,1254,1255,2330,56
629: 159,1228,1300,1301,1256,1258,160,1554,826,1496,180
630: 1840,348,2,1368,2193
631: 1201,1261,278,277,1318,293,1319
632: 1718,322
633: 1273,1265,1757,239,1263,788,636,1395,2125,1064
634: 27,1266,363,1080,1268,885,2007,1743,1010
635: 1162,1160,1250,1269,148,2171
636: 239,1540,433,1871,1271,1273,633,220,2125,1270,2126
637: 2126,258,1272,1328,240,2211,1202,601,1205,241
638: 1274,267,949,1275,1442,268
639: 88,582,1277,2322,2315,2132
640: 1279,2181,1702,1278,2176,229,824
641: 1287,1280,1286,644,1281,1770,865
642: 107,958,1509,511,1282,533
643: 245,813,390,1226,2195,614
644: 126,738,2004,1904,1286,641,1281
645: 1288,154,153,876,1457,1289,1578,898,1161,2332,2080
646: 1105,1322,2200,1058,1323,530,1290,1291,1059
647: 116,1295,1079,1294,117,2264,1541,659,1314,137,1316
648: 1132,163,2258,2266,1659,1293,1292,2307
649: 1297,327,325
650: 130,1299,2106,1231,1298,150,1229,1249,1188,616
651: 1877,54,1302,869,1149,1303,762
652: 1968,1777,489,483,1922,1717,743,1300,1256,1258
653: 1644,1650,917,2105,48
654: 2099,548,1307,602,47,782,1920
655: 535,223,1309,1308,1449,893,242,1822
656: 1310,310,1311,309,776,1013
657: 1102,2201,157,1312,907,706,512,2198,1352,2081,2071,178
658: 112,133,1317,344,1340,152,763,1887,345
659: 1314,137,572,1294,116,647,702,1541,1379,1384
660: 293,1319,1173,604,294,2344,472
661: 204,1404,1321,205,959,1671,449
662: 364,696,1500,1374,135,2053,1288,1344,1325,1999,2026,896
663: 482,914,1327,1032,67,1903
664: 1574,399,1230,557,305,2043,1331
665: 1334,1818,68,87,426,729,1699
666: 117,2264,1295,1361,400,567,1933,1316,1339
667: 1276
668: 401,722,681,1916,1363,2341,1168
669: 402,1350,1589,1756,475,1910
670: 1834,2305,1356,2302,577,1152,2024
671: 1024,503,1461,1362,155,1848,1838,897,2030
672: 485,1903,1032,1935,1764,1940,2235
673: 859,1855,1703,199,349,1371,200,1763,1757,1540,1871
674: 1569,825,1552,1253,1378,1252,41
675: 2294,1303,93,777,1383,1765
676: 1391,1672,1771
677: 1425,469,1330,265,2231
678: 1336,2272,111,2273,1136,1841,1406,1863
679: 308,405,1409,1172,1376,2345,904,2079
680: 1416,1816,334,1556,1712,463,1158
681: 1908,1916,668,1421,2341,1170,1168
682: 605,266,918,558,2107
683: 75,1776,1246,1166,2074,792,1493,1101,1429
684: 1089,2124,1065,1315,2174,1360,1909,1432,1340
685: 1711,1704,1148,180,2301,2300,1434,1876,200,832
686: 1811,268,1456,1442,284,750
687: 2226,1446,1116,1388,407,1387,1529,820,138,2005
688: 437,1502,1783,1937,875,1590,1453,335,1772,1134
689: 1467,944,1565,453,1707,1445,556,2218,901
690: 134,1909,2127,2029,1472,360,1941,876,1917
691: 2135
692: 963,408,2000,2123,1483,2212,1104,534,2210,257
693: 443,1490,1234,1773,856,1727
694: 2009,498,1651,1428,1495,886,124,1178
695: 269,951,1482,957,2113,754,1498,921
696: 364,1500,662,1472,1921,366,1374,135,1344,896
697: 78,1502,495,1144,835,2161,2289,875,1078
698: 1436,465,1824,899,39,1504
699: 1505,1534,299,833,298,1582
700: 2351,2309,979,1508,1715,2352,203
701: 1412,1501,750,1534,829,299
702: 1541,1142,1294,2053,659,1314,137,896,136,1379,500
703: 949,1275,338,1787,1543,1883
704: 1550,1901,1591,79,1793,1453,1593,746,99
705: 466,874,1827,1087,479,1557,1561
706: 907,2085,1314,1933,1316,1560,1312,1384,512,657
707: 1042,1563,1071,2297,2296,1151
708: 393,1987,1567,2354,339,214,1652,1797,233
709: 512,1575,1387,367,1529,2085,1693,1570,2071,972
710: 1549,1832,1572,1039,1973
711: 1290,1291,1351,272,2098,1976,1581
712: 456,1591,79,608,1215,61,848,1453
713: 1720
714: 1003,1716,468,1189,1244,1601
715: 1197,1349,1604,1992,934,1385
716: 452,1377,2210,932,257,779,1605,275
717: 368,1400,1865,945,1847,469
718: 1610,2001,1579,381,779,275,383,292,1979
719: 1713,1817,619,1905,1236,1658
720: 1586,1613,974,492,1029,1980
721: 1609,1623,1731,228,985,1645
722: 401,668,82,1630,83,1823,1916
723: 1368,806,2193,1096,5,1635
724: 1938,1093,912,1606,2095
725: 406,769,2077,65,1036,1667,1214
726: 1676,1668,189,1623,209
727: 1695,1409,276,1260,888,2025,405
728: 2319,388,2343,804,1697
729: 426,665,1074,1699,2147,86
730: 1710,171,1233,1248,621,1806,2020
731: 1582,1576,833,1714,1627
732: 785,2005,407,1529,820,483,1922,1717,1473,158,140
733: 1874,1722,473,318,2222,317,1680
734: 1934,1414,1862,773
735: 468,1728,1986,765,1807,1189
736: 1203,597,243,900,1733,991
737: 1737,126,474,1281,167,147
738: 1955,1738,2364,1904,125,1286,644
739: 894,1858,1741,1700,2039,502
740: 108,828,1559,1993,596,1766
741: 1027,1854,280,1771,1398
742: 2020,1774,1248,211,1740,191,2120,2119
743: 744,413,802,1780,1402,2175,1968,1777,652,1435,1256
744: 743,413,1780,1090,2175,1777,2177,1092,1435
745: 1329,236,2078,1755,862,778,1058,1512,237,1788
746: 1804,1593,1591,79,80,704,1550,100,827
747: 1706,1800,62,1011,476,518,64
748: 416,1821,796,1802,415,1443,1328,2108,527
749: 215,1805,795,487,1041,1212,1749,1752
750: 1501,284,686,1811,1412,701
751: 332,2057,1825,343,1818,87
752: 222,1802,2063,2131,796,1070,2136,2133,1821
753: 1830,285,1274,1343,410,340
754: 1842,695,269,951,2113,1830,1498,921
755: 1910,477,421,894,1858,321
756: 92,2273,2014,1406,1829,1863,786,1315
757: 1866,144,1995,2153,1651,988,123,886
758: 1439,2040,385,1868,414,984,1047,1692
759: 2076,808,418,1308,242,1826,1870
760: 300,372,1498,1960,1424,1872
761: 817,1913,1401,12,1873,2059,11
762: 1856,1220,869,1682,651,1877,1464
763: 1887,1317,658,152,345,2254,2255,491,814
764: 2008,385,487,1954,1587,1694,1752,1868,1893,1047
765: 1986,1438,1896,129,781,1728,735
766: 304,1555,1926,873,937,289,1899,1932
767: 950,1475,2048,2055,897,1698,420,1969,1902,1781,778
768: 2004,1904,105,1831,1955,1005
769: 725,406,1724,65,1347,1908,1380
770: 2121,2118,613,1927,1837,531,1061
771: 1311,1931,1485,587,2087,421,321
772: 927,376,612,1346,1926,1444,289,1932
773: 1862,351,734,1934,2287,2291
774: 1654,314,1952,1522,315,852
775: 1488,1958,422,1253,404,1373
776: 1013,1310,656,1761,1963
777: 1759,1383,575,2294,675,72,1965
778: 862,1994,767,950,420,1969,1755,745,236,1512
779: 1605,275,381,716,1610,718,292,1979
780: 238,1812,2267,1491,197,1982,218,219,1478,1758
781: 129,1086,2173,1986,765,1438,170
782: 524,47,654,2102,1920,1990,1953,2077
783: 394,1478,420,862,1994,1512,237,2068,1845
784: 598,1604
785: 2005,732,1388,407,1984,120,820,483,1922,1717
786: 1315,2174,92,756,2014,2189,545,1829
787: 323,965,906,1517,2021,1813
788: 1263,1043,238,1763,1265,219,2022,633
789: 360,153,1909,1432,1340,1941,2041,345,1836
790: 2235,1940,2057,1747,1818,68,2236
791: 
792: 2074,573,2290,809,1776,683,1493,1429,2203
793: 2084,17,847,1419,1375,2027
794: 1324,1183,179,199,1521,962,349,2359,859,1855
795: 1805,2252,193,2034,1213,365,749,215
796: 1068,440,2139,1621,752,222,1802,415,1769,748
797: 1332,961,326,1746,1022,324,1849
798: 1096,3,1337,1635,4
799: 2197,1098,1342,2194,263,529
800: 1853,504,2072,73,1345,2032,2312
801: 1768,911,8
802: 926,1354,1614,1335,1780,141,1402,489,1968,1777,743
803: 2346,1357,1463,156,2035,2350,1461,1367,155,1024
804: 472,1173,2343,2319,728,1882,1396
805: 9,1407,10,1397,992,461
806: 1368,1259,1414,734,1934
807: 1075,1422,1486
808: 418,1308,588,1447,1459,759,2076,1852
809: 1653,1657,59,58,1454,2074,792,573,2290,1145
810: 1195,1466,1977
811: 1471,2204,506,2198,1313,1461,1367,403,1848
812: 16,1632,574,352,1487,17,847
813: 245,1284,246,1494,1226,643
814: 173,1571,1163,763,1887,345,1499,172,491
815: 76,1139,77,2206,1004,1506,2122,2274,115,2279,96
816: 2244,44,1015,562,1577,1795,1217,1215
817: 1913,761,1,1513,1401
818: 1515,2325,2324,580,226,2320,1320
819: 1849,1025,1526,649,1734,325
820: 1529,687,1387,785,2005,732,1693,1473,1570,158,139
821: 1531,1224,1391
822: 1998,2314,226,2320,1782,1536
823: 1628,2012,1533,1642,1539,496
824: 1000,1702,1786,1279,640,1547
825: 1451,831,1569,674,1253,1378
826: 1554,158,139,1300,1301,140,1392,1519,629,428
827: 1796,830,1558,1550,1901,1593,746,100,99,559
828: 108,740,1069,90,2305,1559
829: 1480,1534,1564,1412,701,2228
830: 827,1796,1558,837,1566,559,1974,1592,342,975
831: 1451,825,26,1097,422,1253
832: 440,1711,685,1704,1573,200,855,1871,353
833: 1576,1801,299,699,1582,731
834: 999,972,515,1693,139,1392,1580,2358,428,1608
835: 495,1144,2006,1585,697,78,1502
836: 1588,1958,1410,1373,2159,606,1211
837: 1566,100,81,1972,1796,830,2248,375
838: 539,1141,2150,845,2151,568,1599,520,1523
839: 1042,555,2216,2214,1636,1611,1563
840: 302,429,1616,1219,1952,1522,1975
841: 543,1085,1839,1618,286,484,301
842: 849,1652,1797,982,1620,517,2073
843: 879,1948,1628,438,493,910
844: 1864,1632,1487
845: 1411,2150,2152,1615,838,1634,1599
846: 2012,15,1146,1364,1860,1642
847: 17,812,16,1647,793,2084
848: 608,61,1783,1535,712,79,1453
849: 1652,842,1794,339,232,1640,982
850: 83,1823,1817,1612,82,101,1925
851: 1663,2015,497,327
852: 315,969,1522,1669,774,2056
853: 2317,1164,1672,1398,333,1538,1767
854: 1798,1103,1692,234,2205,1810,1017,2199,519
855: 2139,201,1711,1704,1876,1707,1467,440,832,2131,353,1068
856: 1200,1234,693,1427,1727,33
857: 1732,1214,103,1950,858,1751,104
858: 1751,2023,857,1732,104,498
859: 673,1855,1703,794,349,423,2359,1763,1265,1757,1540
860: 1094,1430
861: 1785,1648,1484,374,560,36,983
862: 778,1994,1969,783,745,1512,237,2068
863: 1790,879,1948,2031,30,1465,1583
864: 2097,1685,1510,1320,1791,435,454
865: 1799,641,1280,1770,1155,2308,1416
866: 357,166,1816,1815,463,204,1321,205
867: 1758,2022,238,394,1263,1043,1040,2068,1524,1845,2000
868: 1895,1956,1542,392,1037,1850
869: 1302,987,1682,651,1877,762
870: 2360,1121,1334,2365,1699,1886,590
871: 1775,436,313,1889
872: 1548,881,1923,1247,624,1978
873: 937,290,612,1926,2089,1666,1932,1555,766
874: 2170,2162,1087,169,1561,705
875: 1078,1590,2086,697,1502,1783,1937,688,437,2158
876: 1941,1917,690,1472,364,1500,645,1288,154
877: 1944,1399,304,1555,2083,397
878: 110,1153,89,1945,1766,109
879: 1948,843,438,2111,863,1790,30
880: 1528,361,302,1956,1975,1037
881: 1912,1923,872,628,611,624,1978
882: 1985,1046,2108,527,1819,241,2037
883: 564,1996,346,2251,1919,2331,1126,2034,1213
884: 1463,1344,1325,1999,2026,896,136,398,2080,156,2035,1357
885: 58,1970,363,1914,634,1051,57,2007
886: 124,2361,1651,2009,694,1866,757,1178
887: 2011,2245,9,1407,22,924
888: 2025,276,291,727,1376,307,405
889: 1921,95,532,1062,2282,2122,115,2029,1472,366,1374,364
890: 920,2111,501,1790,1469,2031
891: 2253,1126,531,2250,346,2251,564,1127,2034,192
892: 38,359,2036,1436,1729,1504
893: 1449,2038,416,1309,655,242,1822,1192
894: 739,1858,755,1264,321,2039
895: 1440,1981,2047,1359,930,1
896: 1999,2026,696,662,135,2053,702,1344,136,500,884
897: 2055,2030,503,671,1848,2048,1698,946,196,767,1902
898: 2333,1578,2058,1457,645,154,1161,2332,583
899: 39,1824,2059,698,25,1537
900: 2060,1870,243,1826,736,597,991
901: 2063,2131,689,1467,1445,2218,201,2220,1111
902: 71,1137,1759,1383,2072,2032
903: 1942,2076,1947,1852,2060,1870
904: 1589,308,679,1485,2079,477
905: 1161,2332,1289,398,2080,583,2329,2347,176
906: 1624,441,1517,1018,1813
907: 2085,706,1316,367,1312,1384,512,657,2201,157,2071
908: 1468,1882,2087,295,1311,309
909: 612,273,442,1222,1450,2089
910: 493,2240,1989,1948,843,29,1462
911: 2109,2114,8,1386,2093
912: 1879,2184,724,1093,471,2095
913: 246,2097,1685,2196,1859,1284
914: 66,2099,1327,1920,482,663
915: 2101,1333,947,266,918,369
916: 2103,432,333
917: 1503,2105
918: 915,266,682,369,2107,1939
919: 6,371,1372,1348,922
920: 2111,890,2084,2027,1600,501,1790
921: 372,1498,695,957,2113,754,2366
922: 1348,919,371,1957,1419,2109,2114
923: 31,2115,1235,1427,1072,19
924: 2116,1967,887,1407,22
925: 471,1492,1879,1867,249,2101
926: 802,1354,342,1814,1614,1335,1780,1402
927: 772,376,1976,1030,1897,1346,1444,1243
928: 136,1379,500,137,1560,1312,506,2035,1313,1352
929: 1355,1675,378,23,478
930: 598,1359,1197,1349,1
931: 2155,2016,1568,1661,1739,1008,1370
932: 2210,257,1483,379,1106,448,1377,716
933: 446,1660,1497,1381,244,425
934: 1513,1405,715,1349,1992,1385,13
935: 1595,1304,1028,1305,1603,1389
936: 1714,1622,1394,1418,1576,312
937: 873,290,1358,1666,274,1555,766,1399
938: 1174,1508,1404,1671,1660,1381
939: 1413,1530,1723,2067,486
940: 1924,1426,313,1889,441
941: 1677,1664,1034,50,1431
942: 1861,1645,985,459,1437,248
943: 1944,1399,1358,1441,399,1353
944: 1565,161,181,162,1683,2283,453,689,1467,1445
945: 1437,248,1865,717
946: 1698,196,1594,1452,897,2267,2259,2261,1902,1133
947: 250,1867,2101,915,369,1338
948: 1721,958,1460,2065,1005,511
949: 703,1275,338,267,1470,638
950: 767,1475,2055,1969,1902,1781,1755,778
951: 695,269,1479,513,1890,1482,952,2113,754
952: 1726,1482,2073,252,1810,1006,1890,951
953: 1509,1486,1959,1961
954: 113,2187,1167,2327,2189,2183,2124,1065,1489
955: 249,2052,505,391,510,1869
956: 1773,1503,1727,1474,445
957: 2113,2369,695,1507,1185,372,921,270,2366
958: 1959,1460,948,1509,511,642
959: 205,661,1515,1510,449,1320
960: 1788,2104,1808,1323,525,1059,273,1906,255,1223
961: 1553,1516,326,1746,324,797
962: 199,1521,179,2299,428,1608,1148,576,1150,794,2295,1703
963: 692,1524,408,1395,2000,2213,1483,1983,2210
964: 80,1696,1527,1236,1907,1804
965: 323,787,2021,1654,1673
966: 1701,1859,1532,1784,1562
967: 554,2211,601,1997,1579,1545
968: 1481,1705,1832,354
969: 315,852,2056,450,1553,1516
970: 1784,1562
971: 1023,162,1565,182,1846,1445,556
972: 834,999,515,709,1575,1693,1473,2081,2071,1580
973: 259,1545,1202,1579,1610,2001,383,1382
974: 470,1613,1874,1586,720,1680
975: 342,978,830,1558,1566,375,1974,1592,1614,1388
976: 1193,1598,260,1936,1260,277,1261
977: 1731,1690
978: 342,975,1974,1592,1814,1614,1388,1984,120,1354
979: 2309,1154,2307,1292,2353,1619,2351,700
980: 358,1878,1629,2239,1884,1785
981: 2015,1638,1688,497,329,1691
982: 1543,1620,1640,849,842,1787,513
983: 36,37,861,1648,1641,1520
984: 1047,1692,2008,214,1643,758,234,2064,1798
985: 1731,721,208,942,1645
986: 186,2130,167,147,2141,1420,1646
987: 1302,869,358,1648,1641,1682
988: 1651,585,1751,2023,1995,1076,2009,757
989: 1187,1659,460,1735,1186,594,1132
990: 1637,464,1067,187,1656,1665
991: 1733,2060,900,736,262,1670,1393
992: 461,377,1397,1675,805,1119
993: 168,188,384,1676
994: 1527,619,514,2075,1238,1678,1236
995: 1520,1641,1682,1912,1856,1220,1221,611
996: 1045,2070
997: 262,1670,1686,2112,1048,2110
998: 2046,1689,1007,40,627,1914
999: 834,972,515,1693,1473,1570,158,139,1392,1580,428
1000: 209,1702,1736,1786,228,824
1001: 328,319
1002: 1159,1646,186,1712,206
1003: 1716,714,1833,468,189,1736
1004: 2206,1506,1719,516,1590,2086,815,540,97,96
1005: 2065,1831,948,1721,2004,768
1006: 252,1810,2088,1017,1726,952,2367,593
1007: 1689,39,1729,1504,40,998
1008: 1739,931,2050,1370,507,1585,2044
1009: 1894,1112,318,2222,1688,320
1010: 2007,1743,634,58,42,1052,1454,1653,59
1011: 2090,1745,1706,1800,747,518,1851
1012: 2042,280,528,1164,1697,2317
1013: 776,1311,1931,1264,321,1761
1014: 365,174,1919,2331,194,1213,1789,1326
1015: 1518,1511,562,2091,427,816,2244,1577,1795
1016: 1171,210,2339,1806,1710,1194
1017: 2199,234,854,1810,1006,519,593,2202
1018: 441,906,1624,1813
1019: 216,1838,2048,2349,589,1362,1176,1694,195,1753
1020: 526,131,2017,1841,1336,1044,2013
1021: 2062,1843,427,1795,514,2075,1054
1022: 1844,324,1332,797,488
1023: 971,162,615,520,1523,2269,2094,1565,182,1846
1024: 503,671,803,1461,1367,403,1471,1362,155,1848,2030
1025: 492,326,1526,1980,1849,819
1026: 1057,1724,2090,2096,1851,480,1056
1027: 2110,1854,2045,280,528,741
1028: 1891,1607,1389
1029: 492,1895,1850,1613,455,720
1030: 1897,1346,600,927,1241,1444,1243
1031: 391,510,231,1181,2355,232,1640,1900
1032: 1603,1327,663,1935,672,1903
1033: 460,2258,568,2265,164,1930,1131,1735
1034: 1664,447,49,1366,1431
1035: 1949,851,497,1297,327
1036: 1990,1953,2077,84,725,1667,1828
1037: 1669,392,880,1956,1975,868
1038: 1262,1760,2028,1709,1962
1039: 1973,1572,51,2216,53
1040: 1808,2068,867,1524,1845,525,256,2213,1983
1041: 1212,1805,2252,749,1749,1987,1567,214
1042: 839,1611,1991,1563,707,2297
1043: 1263,788,1758,867,2022,1524,1845,1395,2000
1044: 2257,2013,132,526,1020,1227,151
1045: 2070,996,2018,395
1046: 2108,527,416,1449,2038,241,1985,882,2037
1047: 984,1692,2008,385,764,1868,214,1643,758,1798
1048: 997,1670,1748,1393,2110,2042,528
1049: 1206,305,1722,2043,470,1874
1050: 281,2197,1686,529,2049,2045
1051: 1247,57,2046,1914,885,1970
1052: 42,2050,1268,1743,1010,1739,1653,59,2006
1053: 1217,608,60,507,2054,431,1535
1054: 62,1238,1021,2062,1055,1681,2075
1055: 2066,1681,45,434,2062,62,1054
1056: 480,1630,518,1851,1026,2069,82
1057: 1026,1724,2102,2096,524,2077,65
1058: 1803,2200,2078,1329,745,236,646,1322,530
1059: 254,646,1323,530,960,1290,255,1581
1060: 2120,2119,191,2253,1126,607,192,2357
1061: 211,616,2121,2118,770,1233,1248,1740
1062: 2282,2122,2276,570,2275,95,532,2127,2274,1472,889,366
1063: 464,1067,1477,1892,2130,1820
1064: 2125,2123,1263,1273,633,408,1395,1270
1065: 2183,2124,954,2327,2129,114,1489,684,1360
1066: 1270,1273,2125,2123,2126,258,2128,554,2211
1067: 464,1063,186,2130,990,1637
1068: 796,440,2139,855,1621,353,222,221,415,1769
1069: 1237,90,70,1277,2132,108,828
1070: 2136,2133,2063,1110,2220,2219,752,1821
1071: 52,1563,707,2134,620,2296,1151
1072: 1073,2143,31,923,19,2142
1073: 1072,2143,1544,31,434,2066
1074: 1514,1422,426,729,2147,106
1075: 807,538,2148,1514,1422
1076: 1995,2153,1170,2335,2337,2338,585,122,988,2185
1077: 2150,2152,1090,142,2177,1092,2151,539
1078: 875,1590,2086,1144,697,1502,2161,516,437
1079: 98,2154,1130,97,1880,2160,116,647,1295,2264
1080: 1268,1568,387,2157,1081,27,634,2155
1081: 387,2157,1253,404,1378,41,2156,1080
1082: 2167,2162,2163
1083: 168,2163,2169
1084: 2168,2164,1714,312,1627,1426
1085: 543,841,2166,2165,1218,2164,1618
1086: 129,781,2172,1190,1191,2173,1298
1087: 1827,479,2170,148,874,705
1088: 2312,579,1345,1853,2187,92,2014,2189,545,2183
1089: 684,2124,1315,2174,112,133,1432,1340
1090: 1125,2175,142,2188,2185,744,2177,1092,1077
1091: 2176,229,2336,2181,1169,2340,546
1092: 2177,1435,1780,1125,1090,2175,142,744,1077,2151
1093: 724,1938,2178,230,2184,912
1094: 860
1095: 548,1307,1474,445,2180,2186
1096: 2193,3,723,798,1635
1097: 1408,26,2192,2190,831,422
1098: 2197,799,2194,1099,550,1494
1099: 2194,425,1497,1779,550,2196,1098
1100: 77,2293,2290,1145,2203,551,2208,2289,76,1139,2206
1101: 1493,1429,683,2328,2203,551,424,2277,2209,2276
1102: 657,2201,157,2198,2204,552,178
1103: 1798,854,1692,2040,2205,553,2199
1104: 2212,534,2128,692,554,1369,1997
1105: 646,1322,2200,235,2092,519,1290,1291
1106: 379,1929,2213,1483,2210,932,1377
1107: 1182,2207,2201,2081,2071,515,178,2358,2362
1108: 1109,2215,1875,356,54,2217
1109: 1108,53,2214,1611,2217
1110: 2220,1111,2063,183,2219,1070,2133
1111: 1110,2220,1445,556,2218,1617,901,183
1112: 2225,1885,475,2222,1894,1009
1113: 1208,2223,283,2228
1114: 298,2224
1115: 557,2230,2229,1331,1885,2225
1116: 559,119,2233,2232,1361,400,2226,1446,687,1388
1117: 1433,458,22,1629,354
1118: 2260,2268,1793,335,1901,1134,99,2227,2232
1119: 23,1675,992,461,1762,2234
1120: 561,2243,85,1747,2241,1216
1121: 2236,2243,1334,2365,870,2360
1122: 2237,1210,2238,1123,28,1511,562
1123: 43,2238,2240,29,28,1122,1511
1124: 2248,375,102,121,342,1814,1335
1125: 1090,2175,2247,547,2249,1780,141,142,2188,2185,1092
1126: 2253,891,2251,883,1127,2034,1060,192,193
1127: 1740,191,531,2250,2253,1126,891
1128: 1317,344,2257,2013,132,112,151,2256,152
1129: 613,151,2256,1229,2254,1927
1130: 1079,98,2154,2262,1134,2260,2268,2232,118
1131: 2269,2094,568,2265,520,1033,2258,163
1132: 648,163,460,2258,989,1659
1133: 1982,1698,946,2267,2259,420,1902
1134: 2262,688,437,335,1772,2158,2260,1118,1130
1135: 1452,177,566,552,2207,1594,2263,2259,2261,198
1136: 2273,1137,2032,504,2270,111,92,678
1137: 71,902,2032,2272,2270,111,1136
1138: 2327,424,1167,2277,2209,2276,2129,114,1489,95
1139: 76,815,2208,1100,570,2275,2206,2282,2122,2274
1140: 181,2284,1256,160,1225,1228,2280,355
1141: 838,539,2285,2151,615,520,1523
1142: 366,1374,2278,1143,572,1294,135,2053,702,1541
1143: 96,1506,2274,115,2279,1880,366,1142,2278,572,2281,1294
1144: 495,835,1657,2292,697,2161,2289,1078
1145: 2292,809,1657,2074,573,2290,495,1100,2293,2289
1146: 1364,1635,2286,4,15,846
1147: 1417,430,2287,2291,2288
1148: 1496,576,1150,2299,180,2301,962,2295,1434,685
1149: 2298,1303,54,2217,651,2294
1150: 1148,1496,576,2299,1608,2301,199,962,2295,1434
1151: 2296,1071,707,2297,72,1965,1835
1152: 91,2271,1835,2302,71,670,2024
1153: 878,110,2304,109,2303,2106
1154: 2309,979,2307,1187,1659,185
1155: 2308,165,1280,2306,865,1556,578
1156: 509,2051,2313,1255,2330,584,2311
1157: 73,1345,419,1857,74,2310,2312
1158: 463,680,1816,1712,2325,2324
1159: 1002,1637,2314,580,206,1665
1160: 1162,635,2315,2132,494,1269
1161: 905,2332,645,1288,1289,898,2080
1162: 635,1160,2322,2315,2316,1250
1163: 173,814,1571,2333,1578,2058,564,1996,2331
1164: 1697,1012,853,2317,296,1538
1165: 2318,1602,581,2103,432,311
1166: 2326,1254,584,75,683,94,2328,1493
1167: 94,2328,584,509,2051,113,954,2327,1138,424
1168: 1170,2335,2337,668,681,1421,1363,2341,2338,563
1169: 2340,2334,1091,546,2117,2033
1170: 1168,2335,1908,681,1421,1950,2338,1076
1171: 210,1016,2339,586,2336,1194,2340
1172: 1318,1695,1409,293,679,2342,2345,2344
1173: 604,660,1319,2343,804,472
1174: 938,1508,2352,224,1778,1660
1175: 588,2348,2221,2353,1631,2351,224,203,418
1176: 1362,155,1177,2350,2347,2346,1357,2349,589,1019
1177: 2350,2347,176,2329,2346,1674,175,2349,589,1176
1178: 1738,2364,694,1428,886,124,1240,125
1179: 2354,607,2252,2357,213,1212,339,1792,1567
1180: 409,2365,561,2360,1403,1495,590
1181: 591,2355,231,2356,1792,1031,232
1182: 2207,1107,515,178,179,2358,566,592,2362
1183: 794,1324,2362,179,2363,592,1521,1491,198,349,2359
1184: 1424,287,1872,270,600,2368,1199,271
1185: 1507,1726,2367,253,957,2113,2369,1898,2366
1186: 2306,594,523,1930,146,165,1735,989,1881
1187: 989,1659,594,357,1881,2309,1154,2307,185
1188: 1249,625,130,1299,650,150,616,1245,1233
1189: 149,1986,468,735,714,1244,1601
1190: 2172,1267,596,109,544,1191,1086
1191: 596,109,1190,2303,1086,2173,1298,130
1192: 2037,2038,893,1822,243,1826,278,261,597
1193: 976,1598,1985,2037,278,261,277,1261
1194: 389,1710,1171,210,1016,1744,599,1196
1195: 810,24
1196: 599,2061,1194,389,1744,231,2356
1197: 715,1349,598,784,930
1198: 610,271,1241,429,623,1219
1199: 600,2368,1507,522,1898,272,270,2366,1897,1184
1200: 856,1234,1427,33,32,19,1204
1201: 631,1261,278,1203,279,1319,604
1202: 601,637,1819,1205,241,259,973,1545,260,1936
1203: 736,597,278,1733,1201,279,1393
1204: 1200,33,32,2186,537,1306,602
1205: 1819,241,637,258,240,527,1202,601,260
1206: 1049,305,2083,397,316,1207,470
1207: 316,603,2083,1542,303,1206
1208: 2223,2231,558,1209,1951,1113
1209: 265,2231
1210: 1122,2237,28,1661,1370,60,2054,2244
1211: 606,1588,836,1989,2159,43,2238,28
1212: 1041,607,1805,2252,193,749,1179,2354,1987,1567
1213: 2034,2251,883,1996,1919,1014,365,193,795,215
1214: 857,1732,725,406,1667,609,103,1380
1215: 61,816,44,1577,514,1217,1678,1696,456,712,80
1216: 85,1828,609,2241,1732,561,1120,104,409
1217: 1053,608,60,2054,816,2244,44,431,1215,61
1218: 1424,287,271,2165,610,1085,1618,286
1219: 1616,1198,610,429,286,302,840
1220: 762,1856,1682,995,1877,1221,1464,419,1857,55,74
1221: 995,1856,1220,628,611,2313,55,1255
1222: 1976,1581,254,273,255,612,909,376
1223: 442,1988,960,525,256,2213,273,1906,1929
1224: 614,1285
1225: 1777,413,1435,1256,1258,160,2285,571,1228,1140,2284
1226: 390,1494,813,643
1227: 1231,2304,526,2257,1044,2106,151,130,1229
1228: 159,629,160,1225,1140,181,1496,180,2300,355
1229: 150,1227,1231,151,2256,650,613,1129
1230: 1232,617,399,1353,664,557,2230
1231: 1227,2304,2106,151,130,650,150,1229
1232: 1230,617,292,1458,306,1584,2230,2229
1233: 1248,625,1188,616,2121,171,211,1061,730
1234: 1235,18,443,693,1427,856,1200
1235: 1234,373,618,2115,923,1427
1236: 1658,1907,1696,1527,994,619,1905,964,719,1817,1804,81
1237: 1069,90,70,2137,1239,577,1277
1238: 62,1054,2075,994,619,1905,476
1239: 536,620,70,2137,1356,577,1237,90
1240: 622,1242,124,2361,2364,1178,145,125,146
1241: 600,2368,1030,271,1243,1198,623
1242: 1240,622,145,2100,523,146
1243: 1444,1030,927,1241,289,623,288
1244: 1601,1189,149,190,714,386,2010
1245: 171,595,1249,625,1188,190,2010,621
1246: 490,1247,57,624,1978,1254,75,1776,683,2074
1247: 1051,57,40,1548,2046,1914,872,624,1246
1248: 1233,2118,171,211,1061,730,1710,2020,742
1249: 625,1188,1299,650,595,170,1245,171
1250: 626,2316,1162,635,2170,148
1251: 128
1252: 1552,1537,674,1689,41,1266,627
1253: 404,1378,831,825,422,775,674,1081
1254: 624,1978,628,1246,56,2326,1166,75
1255: 2330,56,1221,628,611,2313,55,1156
1256: 1258,160,1968,1777,652,743,413,1300,1225,629,1140
1257: 348,2,2002,1604,1992,2191
1258: 1256,160,1922,1777,652,1300,1301,140,1225,629
1259: 630,1368,806
1260: 259,1936,976,276,1382,277,1695,727,1318
1261: 1201,631,976,1193,278,261,277,1318
1262: 1038,2039,502,1718,632
1263: 1043,788,1265,867,2022,1273,633,1395,2000,1064
1264: 321,1931,1013,1718,1761
1265: 1763,219,423,859,1757,239,1263,788,1273,633
1266: 41,1252,2157,627,363,27,634
1267: 1993,596,1269,544,2172,1190
1268: 1080,1568,2157,27,634,2155,2007,1743,42,1052
1269: 494,635,1160,1993,1267,2171,544
1270: 1066,1273,636,1272,220,2125,1064,2126,258,2128
1271: 1621,353,1540,433,1871,636,221,220
1272: 221,220,1443,1328,1769,1270,637,2126,258,240
1273: 633,1265,239,433,1263,636,2125,2123,1064,1270,1066
1274: 638,1275,1343,251,268,410,753
1275: 703,949,1883,638,1274,1343,251
1276: 667,128,2323,2322
1277: 70,88,639,1069,1237,2315,2132,108
1278: 2176,1716,1601,386,1702,229,640
1279: 640,2181,824,1547,2178,230
1280: 641,1287,146,165,1770,1155,2308,865
1281: 1770,126,644,737,641,147
1282: 474,511,642,1737,533,1283
1283: 2138,533,474,1282,2141,1892
1284: 245,813,913,246,1701,1859,264
1285: 643,2195,614,1224
1286: 738,1904,145,125,644,641,1287
1287: 641,1280,145,125,1286,146,165
1288: 645,154,1941,876,364,1500,662,1457,1289,1344,1325,1161
1289: 1344,1325,1500,645,1288,154,2026,905,1161,398,2080
1290: 711,1291,1105,646,254,1059,1581
1291: 711,1290,235,2092,1105,646,2202,1351,272,1581
1292: 648,1659,184,1293,979,2307,1619,1631
1293: 184,1617,182,2266,1846,648,163,1292,183
1294: 572,2281,1143,1880,1142,116,647,1295,702,1541,659,1314
1295: 116,647,2160,1079,2154,1294,117,666,2264,1314
1296: 1526,1980,1586,1663,851
1297: 327,649,1035,1754
1298: 2173,1191,2303,2106,1086,130,1299,650,170
1299: 130,650,2173,1298,170,1249,1188
1300: 1301,140,483,1922,1717,652,158,1256,1258,826,629
1301: 1300,140,139,1258,160,1519,1554,826,159,629
1302: 987,869,358,1878,356,54,651
1303: 1149,2298,651,1877,2294,675,93
1304: 935,1595,653,1644,48,444,1305
1305: 1603,1327,444,935,1304,66,1389
1306: 537,2144,1204,602,47,2102,521
1307: 548,1095,2180,444,2099,654,66
1308: 808,418,2348,655,223,242,759,2076
1309: 2136,416,1821,535,655,223,1449,893
1310: 656,310,481,1963,1918
1311: 1931,771,2087,908,309,1013,656
1312: 1560,1384,1316,928,907,2085,706,2198,1352,657,157
1313: 2198,1352,928,506,156,157,1367,403,811,2204
1314: 659,137,1294,647,1295,117,702,1933,1316,1560,1384,706
1315: 786,2174,756,545,1829,1089,684,344,112,133
1316: 1933,647,117,666,1314,137,367,1312,1384,907,2085,706
1317: 344,1128,132,112,658,133,2256,152,763
1318: 1172,1260,277,631,1261,1695,1409,293,2344
1319: 660,293,1201,631,1173,604
1320: 1791,959,818,1515,226,1510,864
1321: 661,204,1404,1815,866,463,205
1322: 1105,646,553,1803,2200,1058,1329,2092,530
1323: 530,1329,646,960,1788,2104,254,1059,1906,255
1324: 794,1183,2362,179,2358,1608,2363,592,199,1521,349,2359
1325: 1289,1344,662,1288,1999,2026,398,2080,884,1463
1326: 487,1954,1587,1014,365,175,1789,215
1327: 1305,1603,66,914,663,1032
1328: 415,1443,1769,1272,221,748,637,240
1329: 745,236,1058,1512,1322,1323,530,1788
1330: 469,677
1331: 473,1885,664,1115,557,1722,2043
1332: 797,1849,488,1966,1734
1333: 1655,2095,1879,2101,915,266
1334: 665,68,2236,1121,870,1699
1335: 2247,1124,102,2246,121,1814,1614,802,926,141,1402
1336: 678,1841,1406,1863,1020,2013,132
1337: 380,2191,3,798,1408,2192
1338: 369,1456,947,250,267,1442
1339: 1387,367,666,400,1446,1933,1529,138,2085
1340: 1432,1089,684,658,133,789,2041,345
1341: 2018,69,667,2140
1342: 244,1947,1852,2194,425,263,799
1343: 251,1275,1479,1274,269,1830,285,753
1344: 1289,1325,696,1500,662,1288,2026,896,2080,884
1345: 1157,73,2072,2310,800,1853,2312,1088,579
1346: 1030,1897,2098,1976,600,927,772,376
1347: 1724,480,1630,769,1908,1916
1348: 922,801
1349: 1197,715,930,1,1513,934
1350: 2229,306,1365,669,402,2225,475
1351: 2202,253,235,711,1291,1898,272
1352: 2198,1313,1379,928,1560,1312,506,657,157
1353: 399,1679,1441,943,1230,617
1354: 802,926,978,1614,120,1402,489,483,1968
1355: 929,1675,1977,24,1440,377,378
1356: 2302,577,620,2296,1835,1239,670
1357: 2346,803,398,2080,884,1463,156,2350,2347,176,1176
1358: 1666,274,937,1441,1555,1399,943
1359: 2047,0,598,930
1360: 134,1909,2183,2124,1065,2129,1489,684,1432
1361: 400,567,2232,118,2233,1116,666,2226,1446,138
1362: 155,1176,2346,589,1024,671,1838,1019,2030
1363: 2341,1823,401,668,1943,2246,121,1168,2337,563
1364: 1146,4,549,846,350,1860
1365: 1376,307,306,1584,308,2229,1350,402
1366: 1935,49,1034,1431,1764,332
1367: 1461,403,506,156,2198,1313,803,811,1471,1024
1368: 806,1259,630,2193,723
1369: 2212,1104,554,257,1997,381,275
1370: 60,507,2016,931,1661,1210,1739,1008,2044
1371: 1573,200,1704,673,1855,1703,1540,433,1871,353
1372: 
1373: 1958,775,404,836,2156,2159
1374: 366,1142,2278,115,1921,889,572,696,662,135,2053
1375: 1964,2027,1957,1419,793,7
1376: 1365,307,888,1584,308,679,405,402
1377: 452,716,379,1106,932,257,448,1605,1666,274
1378: 1253,404,825,674,41,2157,1081
1379: 136,928,500,2053,702,659,137,1999,1560,1384,1352
1380: 103,1421,406,769,1908,1214
1381: 1497,225,938,1671,933,1660
1382: 383,276,259,973,1936,1260
1383: 777,1759,675,1965,1765,2072,902
1384: 1560,1312,659,1314,137,1316,1379,907,2085,706
1385: 13,715,1992,2191,934,1405,380
1386: 2093,18,911,8,1633,443
1387: 1339,367,687,1933,1529,820,138,709,512,1693,1570
1388: 407,1984,119,1116,1974,1592,975,978,2226,687,785
1389: 49,935,1028,1305,1603
1390: 10,2011
1391: 676,1531,1476,821
1392: 1519,1473,139,140,834,999,826,1580,2299,428
1393: 1748,1203,1733,991,1670,279,1048,604,2019
1394: 340,1415,1418,1576,1801,936
1395: 408,2000,1263,1043,633,2125,2123,1064,963
1396: 2321,804,2319,1468,1882,581
1397: 377,1466,1977,10,992
1398: 1672,1771,280,741,853,2317
1399: 877,1944,943,937,1358,1555
1400: 717,368,1606,469,677,1425
1401: 12,1513,1405,817,761,11
1402: 1780,141,2247,1335,802,926,1354,2175,743
1403: 1428,1495,1180,409,2360,412,590
1404: 661,204,1321,1508,1715,938,1671
1405: 1513,934,1385,13,1401,12,26
1406: 1829,1863,756,1336,678,2013,132,344,112
1407: 9,805,887,461,924,2116
1408: 1097,13,1337,380,26,2192,2190
1409: 1695,727,1318,1172,679,405,2345
1410: 350,1860,1958,14,1588,836
1411: 123,143,142,144,2150,2152,845,1615
1412: 701,370,284,1564,750
1413: 939,1530,1673,450,2067,1730
1414: 1259,806,734
1415: 340,1394,1811,410,1501,1801
1416: 680,1816,2308,1799,865,334,1556
1417: 1147,430,16,1533,1647
1418: 285,340,1394,1455,936,1622
1419: 1957,352,371,17,793,1375
1420: 1646,334,1770,167,147,1799,986
1421: 103,1380,1908,681,1170,1168,1950,2338
1422: 1514,1074,1075,807,106,1486
1423: 1684,1625,51,555,1636
1424: 287,1872,1184,300,760,2165,1218
1425: 677,1400,1606,1655,605
1426: 940,1924,1627,1084,2168,313
1427: 1235,1234,856,1200,19
1428: 1403,1495,694,412,1738,2364,1178
1429: 1493,1101,683,792,2290,2328,2203,551,2209
1430: 1490,20,860,1633,2179,336
1431: 1034,941,1764,332
1432: 1340,1089,684,1360,1909,133,789,360,2041
1433: 1117,458,35,21,1705
1434: 2295,1148,1150,2301,685,1704,1703,200
1435: 2177,1092,744,743,413,1225,2285,2151,571
1436: 698,465,2234,2036,892,1504
1437: 248,942,1708,459,1448,945
1438: 1986,765,781,595,170,149
1439: 758,2040,1868,414,1692,396,2078,217,553
1440: 895,1981,2047,24,1355,378
1441: 1679,452,1358,274,943,1353,617
1442: 267,1456,1338,638,686,268
1443: 415,1328,1769,1272,748,240,2108,527
1444: 1243,1030,927,772,289,1932,288
1445: 556,2218,944,1565,971,182,689,901,1111
1446: 2226,687,2233,1116,1361,400,567,1339,1529,138
1447: 1778,1459,808,418,446,2076,1852,244
1448: 1708,1437,945,1847
1449: 2038,893,416,1309,655,1046,2108
1450: 1626,273,442,1988,612,909,2089,290
1451: 831,825,12,26,11,1569
1452: 1135,177,1848,1594,946,196,2259,2261
1453: 1793,335,1772,1783,1535,848,712,79,688,704
1454: 57,58,1970,1010,490,1653,809,1776,2074,573
1455: 1960,417,285,1842,1418
1456: 369,1338,1442,284,1939,686
1457: 1836,153,1941,645,1288,154,2333,1578,898
1458: 291,1979,292,1232,617,1584
1459: 1447,1778,588,224,808,418,446
1460: 958,1959,2147,106,948,1721
1461: 1367,403,156,2346,803,811,155,1024,671,1848
1462: 30,2091,910,1948,29,1518
1463: 884,1325,1999,398,506,156,2035,2346,1357,803
1464: 419,1857,1877,762,1220,93
1465: 1583,45,863,30,2091,1843
1466: 1977,10,1397
1467: 689,944,453,1707,2218,201,855,901,2131
1468: 1882,908,1396,309,1596,581
1469: 2031,1544,890,501,618,31,2115
1470: 267,2052,1869,338,250,949
1471: 811,2204,2198,1367,403,552,1024,1848,1594,177
1472: 2029,532,2127,1062,690,1921,889,876,1917,364,696
1473: 1693,1570,1529,820,732,158,139,999,972,1392
1474: 1727,33,956,445,2186,1095
1475: 767,950,216,2048,2055,2030,508,217,1781,1755
1476: 1531,1854,297,741
1477: 1892,2138,691,1063,1820
1478: 783,394,420,1982,218,780,1994,1758
1479: 1883,513,1543,1890,1343,251,269,951
1480: 1534,829,283,2228,1114,298
1481: 1705
1482: 1726,952,1890,695,951,2113,2369
1483: 2213,1983,408,963,692,1106,1929,2210,932
1484: 374,1967,2239,1785,861,36
1485: 2079,904,587,2087,477,421,771
1486: 1422,807,106,1959,953
1487: 352,844,1864,1632,812,17
1488: 1958,775,549,2190,422,350
1489: 2129,114,113,954,2327,1138,424,2183,1065,2127,1360
1490: 1430,1633,443,693,1773
1491: 197,198,2363,1183,2261,349,423,2359,1812,780,219
1492: 2117,2033,505,471,925,249
1493: 1101,1429,1166,75,1776,683,792,94,2328,424
1494: 550,246,1098,813,1226
1495: 1428,1403,498,1180,409,2009,694
1496: 1148,576,1150,1519,1554,159,1228,629,180,2301,2300
1497: 225,1381,933,1779,2194,1099,425
1498: 372,921,695,1842,754,1960,760
1499: 2041,345,1887,1836,173,814,1571,1578
1500: 364,696,662,1921,876,1917,135,1288,154,1289,1344,2026
1501: 750,1811,701,1415,299,1801
1502: 697,78,835,1649,1937,2161,875,1078,688
1503: 2182,336,1773,956,917,445,1650
1504: 1729,1436,698,39,892,1007
1505: 699,298,2224,337
1506: 2206,1004,1719,516,815,540,2279,96,1143,1880
1507: 1185,253,957,522,1898,270,2366,1199
1508: 1715,700,204,1404,2352,1174,938
1509: 953,958,1959,1961,107,642
1510: 449,959,1515,1320,1791,454,864
1511: 1518,1015,562,1123,29,1122,2237
1512: 237,862,778,783,1329,745,236,1788,2104
1513: 934,1405,1,817,1401
1514: 1422,1074,538,2149,426,1075
1515: 818,2324,205,959,226,1510,1320
1516: 1553,961,969,2056,1687,1746
1517: 2021,2082,1639,906,1624,787
1518: 1511,1015,562,29,1462,2091,427
1519: 1392,139,1301,1554,826,2299,428,1608,1496,576
1520: 995,37,983,362,1641,1912
1521: 199,962,179,1580,2299,1608,794,1324,1183,2362,1855
1522: 1975,840,1952,1669,774,852
1523: 520,2285,838,1141,568,162,615,2094,1023
1524: 1845,867,1043,1040,2068,2000,1983,963
1525: 362,560,38,359,36,37
1526: 1296,1980,1025,819,649,327
1527: 994,619,1678,1696,964,1236
1528: 361,288,429,623,302,880
1529: 820,138,1446,687,1339,1387,2005,732,709,1473,1570
1530: 939,1413,323,965,1673,1723
1531: 1476,297,614,1224
1532: 435,2097,1784,966,1859
1533: 1417,430,16,2012,1647,823,496
1534: 1480,829,701,299,298,699
1535: 1649,1783,1937,2044,431,1053,608,848,1453
1536: 227,1546,1998,822,1782,207
1537: 25,1552,899,39,1689,1252
1538: 333,1164,853,2317,2318,296
1539: 1642,14,1628,823,1989,493
1540: 433,1871,673,859,1573,1371,1757,239,1271,636
1541: 702,1142,2278,572,2281,1294,647,135,2053,659,137,500
1542: 1956,303,316,1207,868,1850
1543: 982,1620,1640,1787,703,1883,1479,513
1544: 1469,2031,31,1583,434,1073
1545: 259,973,967,2211,1202,601,1579,2001
1546: 1536,227,435,1782,1532,1784
1547: 247,1786,824,1279,1861,2178
1548: 40,1888,2046,1923,872,1247
1549: 1832,710,1481
1550: 704,1901,1793,1593,746,99,827,1558
1551: 439,1615,622,1634,164,2100
1552: 25,1537,1569,674,1252,41
1553: 961,1516,969,450,1730,324
1554: 826,1301,1519,159,629,1496,576
1555: 304,766,873,937,1358,1899,877,1399
1556: 578,166,1155,2308,680,1416,1816
1557: 1662,1561,466,705,188,341,1807
1558: 827,1796,830,1550,99,2227,559,119,2233,1974,975
1559: 89,90,1834,2305,828,740,1766
1560: 1312,1384,1314,137,136,1379,928,706,1352,157
1561: 1557,1662,874,1087,169,466,705
1562: 1784,970
1563: 52,1071,1636,839,1042,707
1564: 1951,370,1412,2228,829
1565: 944,161,162,615,2283,971,1023,689,1445,556
1566: 837,1972,1796,830,375,342,975,1814
1567: 708,393,1987,1179,2354,1041,1212,339
1568: 1080,1268,387,2155,931,42,1739
1569: 11,1451,825,25,1552,674
1570: 1693,1473,1387,367,1529,820,138,2005,709,1575,999
1571: 173,814,1163,1499,172,491,346,564,1996,2331
1572: 51
1573: 1371,200,1711,1704,1703,440,832,1540,1871,353
1574: 664,1944,399,397,305,2043
1575: 709,512,1693,1570,2081,2071,972,515
1576: 833,1801,1394,936,1714,731
1577: 1795,514,1015,816,44,1215,1678
1578: 2333,2058,898,2041,1499,1836,1457,645,173,1163
1579: 1997,381,967,259,973,1545,2001,718
1580: 179,2358,834,999,972,515,1392,428,1608,2362,1521
1581: 1976,1222,711,1290,1291,254,1059,2098
1582: 731,833,1505,699,1775,436
1583: 1465,45,863,1790,2031,1544,434
1584: 306,291,1458,1232,1365,1376,307
1585: 2044,2050,1739,1008,2006,495,835,78,1649
1586: 720,974,1663,1680,1296,1980
1587: 487,1954,1326,175,1789,2349,215,1694,195,764
1588: 836,1410,14,1989,1211,43
1589: 904,308,669,402,1910,477
1590: 875,1078,2086,2161,688,437,1004,540,2158,97
1591: 456,712,79,61,80,1793,704,746
1592: 1974,830,119,342,975,978,1388,407,1984,120
1593: 1804,746,1907,704,1550,100,827,1796
1594: 1848,403,1471,2204,503,1135,1452,177,946,196
1595: 935,1304,48,1891,1028
1596: 1602,581,1468,309,310
1597: 1665,382,713,1998,1720
1598: 976,1193,1819,1985,260,1936,261
1599: 1634,568,2265,2150,845,1615,838,539,520
1600: 496,438,1647,2084,920,2111
1601: 1244,1189,1716,714,386,1278,229
1602: 1596,581,1165,481,311
1603: 1305,1327,49,1389,1032,1935
1604: 2002,784,1197,715,1992
1605: 779,275,452,1377,716,1679,292
1606: 724,368,1400,1655,2095,1425
1607: 1028
1608: 2299,428,834,1519,179,1580,2358,1150,1324,199,1521,962
1609: 1623,1690,977,1731,721
1610: 2001,718,973,779,383,291,1979,2025
1611: 1991,2217,2214,1109,839,1042
1612: 2069,82,64,1713,1817,83,850
1613: 1850,316,974,470,1029,720
1614: 1814,342,975,978,1335,120,802,926,1354
1615: 439,1551,1411,144,845,1634,1599
1616: 1219,1839,286,840,347,1952
1617: 184,1293,182,2266,556,1111,183
1618: 1839,286,2165,1218,610,543,841,1085
1619: 2353,1631,184,1292,979,2307,2351,203
1620: 1543,982,842,517,2073,513,1890
1621: 353,1271,440,1871,796,1068,221,220,1769
1622: 936,1714,1418,417,1455,312
1623: 1609,726,209,721,228
1624: 906,940,1924,2082,484,441
1625: 
1626: 1450,442,1988,379,1929,448,2089,290,1666
1627: 731,1084,436,313
1628: 823,1539,496,438,493,843
1629: 354,1117,458,22,2239,1884,980
1630: 480,1056,82,1347,83,722,1916
1631: 2353,1619,184,1292,183,2219,1175,2221
1632: 574,351,844,2291,812
1633: 443,8,20,1386,1430,1490
1634: 568,2265,1599,845,439,1551,1615,164
1635: 2286,4,1096,723,5,798,1146
1636: 1423,839,411,52,1563
1637: 990,186,1067,1002,1159
1638: 1688,320,981,1700,329,1691,2028
1639: 301,347,2082,1517,2021,314
1640: 232,1794,1031,849,338,1787,1900,1543,982
1641: 1682,1648,983,987,1520,995,1856
1642: 1539,14,2012,846,1860,823
1643: 214,1749,1752,2008,385,1987,984,1047,2064
1644: 653,1650,2180,48,444,1304
1645: 942,1861,721,1786,228,985
1646: 1420,334,186,986,1712,1002
1647: 1417,16,847,1533,2084,1600,496
1648: 1785,861,358,983,987,1641,1682
1649: 1783,1937,1535,1585,2044,431,78,1502
1650: 653,1644,1503,917,445,2180
1651: 988,2023,1995,2009,694,1866,757,886
1652: 849,842,1794,339,708,393,1797
1653: 809,1657,59,58,1010,1052,1454
1654: 774,314,2021,315,965,1673
1655: 2095,1333,1606,1425,605,266
1656: 187,1820
1657: 1653,809,59,2006,573,2292,1145,495,1144
1658: 1236,1907,619,719,1817,81,1925
1659: 989,1187,594,648,1132,1292,1154,2307
1660: 933,446,1174,938,1778,1381
1661: 28,606,2016,931,1210,1370,60,507
1662: 1557,1561,168,169,993,188
1663: 317,1680,1586,2015,1296,851
1664: 1034,447,1607,50
1665: 1597,382,1159,990,1637,187,2314
1666: 1358,274,1626,448,1377,873,937,290
1667: 1036,84,725,406,1828,609,1214
1668: 1676,726,188,341,1833,189
1669: 392,1037,1522,1975,852,2056
1670: 997,262,1733,991,1748,1393,1048
1671: 661,1404,938,449,225,1381
1672: 1771,1398,853,676,1767
1673: 1654,315,450,1413,1530
1674: 175,1789,583,194,2329,1177,2350,2347,2349
1675: 1355,929,377,992,23,1119
1676: 726,1668,993,188,384
1677: 941,50,1825
1678: 1696,1577,1795,514,1215,1527,994,619
1679: 1441,452,1605,274,292,1353,617
1680: 1663,317,974,733,1874,1586
1681: 1055,2066,63,62,1054,1800
1682: 1641,1648,987,869,995,762,1856,1220
1683: 355,2283,181,180,2300,944,453,1876,1707
1684: 1423,1625,996
1685: 2097,864,1779,454,2196,913
1686: 529,2112,997,1050,2110,2045
1687: 455,392,1895,2056,1516,1746
1688: 1638,320,318,2222,1009,981,2015
1689: 1007,39,1537,1252,998,627
1690: 384,1676,726,1609,1623
1691: 329,981,1638,497,1949,319
1692: 984,1047,758,1439,2040,1798,854,1103,2205
1693: 1473,1570,1387,820,709,1575,2081,834,999,972
1694: 195,589,1954,1587,216,1838,1019,764,1753,1893
1695: 1409,727,276,1260,277,1318,1172
1696: 1678,1215,1527,456,80,964,1236
1697: 1164,388,1012,2042,2319,728,296
1698: 946,196,503,2055,897,2030,2259,767,1969,1902,1133
1699: 1886,665,1334,729,870,86
1700: 1741,1638,320,502,2028
1701: 966,1859,1562,1284,264,457
1702: 1736,1716,1000,1278,824,640
1703: 673,859,1855,199,962,2295,1434,1573,1371,200
1704: 1711,685,2295,1434,1876,1573,1371,200,832,855
1705: 35,1481,1433,458
1706: 1800,747,63,46,1745,1011
1707: 453,1876,1683,1711,689,1467,201,855,2131
1708: 459,1448
1709: 1962,1760,1038,1001
1710: 730,1248,1806,2020,1016,1194,389
1711: 685,1704,2300,1876,1707,1573,440,832,201,855
1712: 1646,334,680,1002,1158,2325,206
1713: 719,1817,619,1905,476,64,1612,2069
1714: 936,1622,1576,312,731,1627,1084
1715: 1508,2309,1815,185,700,204,1404
1716: 1003,714,1601,1702,1736,1278
1717: 489,483,1922,785,732,652,158,1300,140
1718: 1264,2039,1761,632,322
1719: 1004,1506,540,97,96,1880,2160
1720: 713
1721: 948,2147,86,1831,1460,1005
1722: 2043,1049,305,1331,473,733,1874
1723: 1946,939,1530,486
1724: 1057,1026,2096,65,480,1347,769
1725: 1862,351,844
1726: 1482,952,252,1006,2367,593,2113,2369,1185
1727: 1474,33,693,1773,956,856
1728: 1827,1896,466,1986,765,1807,735
1729: 1504,892,359,1007,40,1888
1730: 2067,450,1553,1844,324
1731: 977,721,208,985
1732: 857,1214,609,103,1216,858,104
1733: 991,736,1203,1670,279,1393
1734: 1966,1332,1849,819,325
1735: 523,1930,460,1033,1186,594,989
1736: 1702,189,1003,1716,209,1000
1737: 737,2065,511,126,474,1282
1738: 2364,1178,1428,412,738,1955,125
1739: 1008,1568,931,42,1052,2050,1370,1585
1740: 191,1127,2118,531,211,1061,2253,742,2119
1741: 1756,1894,739,1858,320,1700
1742: 67,84,485,1903,85,1828,2241
1743: 2007,1010,634,1268,58,42,1052
1744: 2020,1774,1194,389,212,1196,231,2356,591
1745: 2090,1011,2145,46,2144,1706,521
1746: 326,1687,455,492,961,1516
1747: 2241,790,2235,2243,1120,2236
1748: 1393,1670,1048,388,2019,2042
1749: 1752,1805,749,1041,2008,1987,214,1643
1750: 2140,69,1809,70,2137
1751: 858,2023,857,1950,2338,585,988
1752: 1749,749,215,487,2008,764,1643
1753: 1868,1893,1954,1694,216,2048,1019,385,414,508,217
1754: 1297,1035,1949,328
1755: 950,1475,1969,2078,217,1781,778,745,236
1756: 475,669,1910,1894,1741,1858
1757: 239,673,859,1763,1265,1540,433,633
1758: 867,2022,218,238,780,394,1478,1043,1845
1759: 777,1383,1965,91,71,902
1760: 2028,329,1038,319,1001,1709
1761: 1264,776,1013,1718
1762: 2242,461,1119,2116,2234,2036
1763: 1265,219,349,423,2359,673,859,1812,1757,788
1764: 1940,1935,1366,1431,672,332,2057
1765: 2072,675,93,1857,1383,73
1766: 109,740,1559,89,596,878
1767: 853
1768: 801,8,20
1769: 415,1443,1328,1621,796,1068,1272,221
1770: 1281,641,1280,147,1799,865,1420
1771: 1672,1398,741,1476,676,1391
1772: 1793,1453,335,1783,1937,79,688,437,1134,2260
1773: 956,1490,336,693,1503,1727
1774: 2020,742,2120,2119,389,1744,212
1775: 871,436,1505,1582,337
1776: 75,683,1246,490,1454,2074,792,573,1493
1777: 1968,652,802,489,744,743,413,1256,1258,1225
1778: 1447,1459,588,2352,224,1174,446,1660
1779: 454,1497,225,1685,1099,550,2196
1780: 141,1402,802,926,1125,2175,1968,744,743,1092
1781: 396,2078,217,414,508,767,950,1475,1755
1782: 435,226,2320,822,1791,1536,1546
1783: 1649,1937,1535,608,848,875,688,1453,1772
1784: 1532,970,1562
1785: 861,1648,2239,1484,980,358,1878
1786: 228,1000,824,1861,1645,1547
1787: 338,1900,1640,1543,982,703,1883
1788: 960,2104,1329,745,1512,237,1323,530,255
1789: 1674,175,174,194,1014,365,1587,1326
1790: 863,920,2111,890,879,2031,1583
1791: 1320,226,1510,435,1782,2097,864
1792: 1794,339,2357,213,1179,2354,1181,591,2355
1793: 1453,335,1772,1591,79,704,1550,1901,1118
1794: 339,1792,2354,2355,232,1640,849,1652
1795: 1577,514,1015,427,1021,816,1678
1796: 827,830,1558,1593,100,81,837,1566
1797: 339,708,393,1652,842,233,517,2088
1798: 854,1103,984,1047,1692,234,2064,1810,2199
1799: 865,1770,147,2308,1420,334,1416
1800: 1706,747,1681,63,62,1011,476
1801: 1576,833,1501,1394,1415,299
1802: 752,222,796,415,416,748,1821
1803: 2200,1058,396,2078,553,236,1322
1804: 1593,746,80,964,1236,1907,100,81
1805: 2252,193,795,607,749,215,1041,1212,1749
1806: 621,2339,171,730,1710,1016
1807: 341,1833,466,1728,468,735
1808: 1040,2068,237,1845,960,2104,525,256
1809: 536,69,395,2134,1750,2137
1810: 252,1006,2088,234,233,1798,854,1017,952,593
1811: 686,268,410,1501,750,1415
1812: 238,780,2267,1491,197,198,423,2359,218,1763,219
1813: 1018,323,787,1946
1814: 1614,1566,2248,375,1124,121,342,978,1335,926
1815: 185,357,166,866,1715,204,1321
1816: 680,1416,1556,166,866,463,1158
1817: 719,1713,1236,1658,1612,81,101,1925,850
1818: 68,751,2057,790,87,665
1819: 1205,241,1202,1985,882,260,1598
1820: 691
1821: 416,748,752,1802,1070,2136,1309,2108
1822: 242,655,2038,893,1192,243,1826
1823: 83,850,101,1925,401,722,1943,102,1363
1824: 1873,2059,478,465,698,899
1825: 343,1431,1677,941,332,751
1826: 243,242,1822,759,1192,900,1870
1827: 1087,479,1896,1915,466,705,1728
1828: 85,609,1036,1742,67,84,1667,1216
1829: 1406,1863,756,786,1315,132,344,112
1830: 285,753,1343,269,1842,754
1831: 1886,86,105,1721,768,1005
1832: 1549,710,968,1973,467
1833: 341,1807,468,1668,189,1003
1834: 2305,670,2024,1559,89,499
1835: 72,1965,2296,1151,1356,2302,91,1152
1836: 1457,789,153,2041,345,1499,154,173,1578
1837: 531,2250,613,1927,565,1971,2118,770,346
1838: 216,2048,1019,589,1362,503,671,1694,2055,2030
1839: 1618,286,841,1616,301,347
1840: 348,630
1841: 131,2017,2272,111,1336,678,1020,2013
1842: 754,1830,285,1498,1960,1455
1843: 1021,2062,30,2091,1465,45,427
1844: 1022,324,2067,1730,791
1845: 1524,783,394,1758,867,1043,1808,1040,2068,1983
1846: 182,2266,2269,2094,971,1023,163,1293
1847: 945,717,469
1848: 1594,1461,403,811,1471,1024,503,671,1452,177,897,196
1849: 819,326,1025,1332,797
1850: 1613,1542,316,1895,868,1029
1851: 2090,1011,2096,518,1026,480,1056
1852: 1947,808,1447,446,2076,244,1342,903
1853: 800,504,1345,2312,1088,92,2014
1854: 2049,2045,1027,297,741,1476
1855: 673,859,1703,794,199,1521,2295,349,1371
1856: 762,1220,1641,1682,995,1221,55
1857: 1464,419,1220,93,1765,1157,73
1858: 739,894,1756,755,1910,1741,321
1859: 1701,966,2097,1532,913,1284
1860: 350,1410,1364,846,1642,14
1861: 942,1645,1786,247,1547,248
1862: 351,773,734
1863: 1406,1829,2273,92,756,1336,678
1864: 844,1372,352,1487
1865: 247,248,1938,945,717,368
1866: 757,144,1651,886,124,2361,439,622
1867: 249,2052,925,2101,947,250
1868: 1753,1893,385,764,414,1047,758,1439,217
1869: 391,2052,955,338,1900,1470
1870: 2060,900,759,2076,1826,903
1871: 1540,433,673,1573,1371,832,1621,353,1271,636
1872: 1424,287,1184,372,270,2366,760
1873: 1824,2059,1913,761,478,465
1874: 733,1049,1722,974,470,1680
1875: 1884,354,2215,467,1878,1108,356
1876: 453,1707,2301,2300,1683,355,1711,685,1704,855
1877: 651,869,1303,762,1220,93,1464
1878: 980,358,1875,1884,1785,356,1302
1879: 912,471,925,2095,1333,2101
1880: 2160,1506,1719,97,96,1143,1079,2281,1294,116
1881: 357,1186,2306,594,1187,578,166
1882: 1468,908,804,472,295,1396
1883: 1479,513,1787,1543,703,1275,251
1884: 1875,1629,354,980,1878,356
1885: 1331,473,1115,557,1112,2225,2222
1886: 1699,870,2360,86,105,590,1831
1887: 763,658,2041,345,1499,2255,491,173,814
1888: 40,1548,359,1729,362,1923
1889: 871,313,441
1890: 1620,2073,252,1479,513,1482,952,951
1891: 48,1028
1892: 1477,2138,1283,2141,2130,1063
1893: 1868,1753,1954,1694,195,216,2008,385,764,414
1894: 1009,1112,1756,475,1741,320
1895: 868,392,1850,1687,455,1029
1896: 1915,1827,479,129,1728,765
1897: 1030,1346,522,272,2098,1976,600,1199,927
1898: 522,272,1351,253,1507,1185,1199
1899: 289,1932,304,1555,766,603,1911
1900: 338,1787,1031,391,232,1640,1869
1901: 704,1550,1793,335,1118,99,2227,827
1902: 420,1969,2055,897,1698,946,2259,767,950,1982,1133,1994
1903: 672,485,663,1032,1742,67
1904: 2004,768,738,1955,1286,644
1905: 476,62,1238,619,64,1236,719,1713
1906: 273,255,1323,960,525,442,1223
1907: 1236,1658,80,964,1804,1593,100,81
1908: 681,1916,1347,769,1380,1421,1170
1909: 1360,134,690,2129,684,1432,789,360
1910: 755,477,669,1589,1756
1911: 603,289,1899,361,288,303
1912: 881,1923,37,362,1520,995
1913: 817,761,1981,378,478,1873
1914: 627,363,998,2046,1051,1247,885
1915: 1896,2171,544,2172,1827,479,129
1916: 1908,681,1630,1347,722,668
1917: 1941,876,134,690,2029,1472,360,364,1500,154
1918: 481
1919: 174,2331,883,1996,194,2034,1213,1014,365
1920: 1990,1953,2099,654,914,782,482
1921: 889,532,2282,1472,366,1374,364,696,1500,135
1922: 489,483,1717,120,785,732,1968,652,1300,140,1258
1923: 1912,881,362,1888,1548,872
1924: 940,1426,2168,2082,484,441,1624
1925: 101,1972,1658,1817,81,1823,850,2248
1926: 2089,612,772,873,290,1932,766
1927: 2254,565,2255,613,1129,1971,770,1837
1928: 542,2167,1251,626,1250,2170
1929: 379,1106,256,2213,1483,1988,1223,1626
1930: 2100,523,164,460,1033,1735,1186
1931: 1311,771,421,1264,321,1013
1932: 289,1899,772,1926,873,1444,766
1933: 1316,117,666,400,1314,1339,1387,367,2085,706
1934: 734,806,723,5,2287
1935: 1366,1603,49,1032,672,1764
1936: 260,1202,259,976,1598,1382,1260,277
1937: 1649,1783,1535,78,1502,875,688,1772
1938: 724,1093,247,2178,1865,368
1939: 284,918,369,1456,370,2107
1940: 1764,672,485,2057,790,2235
1941: 876,1917,690,2029,789,360,153,1457,1288,154
1942: 903,1947,2060,263,262,2112
1943: 102,2246,121,101,1823,401,1363,563
1944: 877,1399,943,399,397,1574
1945: 499,89,131,2017,878,110
1946: 1813,323,1723
1947: 1852,2076,244,1342,1942,903,263
1948: 879,843,493,910,863,30,1462,2091
1949: 1035,497,1691,328,319
1950: 2338,585,103,1421,857,1170,1751
1951: 1564,558,370,2107,1208,2223
1952: 1616,840,347,1522,774,314
1953: 1920,1990,782,482,1036,67,84
1954: 487,1587,1326,175,1694,195,385,764,1753,1893
1955: 738,105,412,1738,768,1904
1956: 1542,303,361,880,1037,868
1957: 1419,371,922,2114,1375,7
1958: 1488,775,350,1410,1373,836
1959: 958,1460,106,1486,1509,953
1960: 417,1455,1842,1498,300,760
1961: 1509,953,107,127
1962: 1709,1262,1038,632
1963: 1761,322
1964: 1375,2027,7,373,501,618
1965: 72,1835,575,1151,777,1759,1383,91,71
1966: 1734,488
1967: 924,2116,22,2239,1484,374
1968: 1777,652,120,802,1354,1780,489,1922,743,1256
1969: 420,1902,1698,767,950,1755,862,778,1994
1970: 885,58,1051,57,2007,490,1454
1971: 172,491,1927,565,2255,1837,2250,346,564
1972: 101,1925,100,81,837,1566,2248,375,102
1973: 1039,1832,710,2215,467
1974: 1592,830,1558,559,119,975,978,1388
1975: 1522,302,840,880,1669,1037
1976: 1222,1581,711,254,2098,612,1897,1346,927,376
1977: 810,24,377,1397,1355
1978: 624,1254,881,872,628,611,1246,56
1979: 291,1458,779,1610,2001,718,292
1980: 1526,1296,492,1586,720,1025
1981: 1440,895,1,378,817,1913
1982: 218,1133,2267,2259,197,420,1902,780,1994,1478
1983: 2213,1483,1040,1524,1845,2000,256,963
1984: 1388,407,1592,978,120,785,2005,483
1985: 882,1046,1819,2037,260,1193,1598,261
1986: 765,1438,781,1728,595,735,1189,149
1987: 708,393,1567,1041,1212,1749,214,1643
1988: 442,1223,379,1929,1450,1626,448
1989: 1539,14,1588,493,910,2240,1211,43
1990: 1920,1953,782,524,482,2077,1036
1991: 1611,2217,1042,2298,2297,575
1992: 1604,715,2191,1385,380
1993: 1267,596,494,108,740,1269
1994: 862,778,420,1969,1902,1982,783,394,1478,237
1995: 2153,1076,2338,585,1651,988,123,757
1996: 564,883,172,1571,1163,2333,2058,2251,174,1919,2331,1213
1997: 1579,381,1104,967,554,2211,1369
1998: 822,1597,382,1720,1536,207
1999: 2026,896,662,2053,1325,136,1379,500,884,1463,2035
2000: 408,1395,867,1263,1043,1524,2123,1983,963,692
2001: 1610,718,1579,381,973,1545,383,1979
2002: 1604,348,1257
2003: 384
2004: 768,1904,2065,1005,126,644
2005: 785,732,2226,687,407,1984,1529,820,138,1570,158
2006: 1052,2050,1657,59,1585,495,835
2007: 1743,1010,363,634,1268,885,58,1970
2008: 385,764,487,1749,1752,1893,1643,984,1047
2009: 694,2023,498,1651,988,1495,886
2010: 386,190,1245,1244,621,2339,229,586
2011: 887,2245,1390,21
2012: 846,15,430,1533,1642,823
2013: 2257,1044,132,1841,1336,1406,526,1020,1128
2014: 2189,545,1853,1088,92,756,786
2015: 981,1663,317,1688,851,497
2016: 2155,931,541,606,28,1661,1370
2017: 131,1841,2272,1945,110,2304,526,1020
2018: 1341,1045,69,395
2019: 388,2343,279,1748,1393,604
2020: 1774,742,1248,211,730,1710,2119,389,1744
2021: 1517,1639,1654,314,965,787
2022: 1758,867,218,238,219,1263,1043,788
2023: 858,1751,585,104,498,1651,988,2009
2024: 569,1152,2271,1834,2305,670,499
2025: 888,1610,383,276,291,727,307
2026: 1999,896,1500,662,135,1289,1344,1325,500,398,884,2035
2027: 1375,1964,793,2084,920,501
2028: 1760,1638,1700,502,1038
2029: 1472,2129,95,532,2127,134,690,889,1941,1917,364
2030: 2055,897,1362,1024,503,671,216,1838,2048,1698,1475
2031: 1469,1544,890,863,1790,1583
2032: 2072,902,1137,800,504,1136
2033: 2117,1492,1169,2334,599,2061,505
2034: 1213,2251,564,883,1919,1126,891,192,193,795
2035: 506,156,1999,2026,136,928,500,884,1463,803
2036: 2234,1762,2242,1436,38,892
2037: 1192,1046,2038,1985,882,1193,261
2038: 1449,893,1046,1822,2037,1192
2039: 502,739,894,1264,1718
2040: 758,1439,1692,396,1103,2205,553
2041: 345,1499,1432,1340,789,360,153,1887,1836,173,1578
2042: 1012,1748,1048,388,528,1697
2043: 1722,664,1574,557,1049,305,1331
2044: 1585,1008,1370,507,431,78,1649,1535
2045: 1854,2049,1686,1050,2110,1027
2046: 998,40,1548,1914,1051,1247,57
2047: 1359,1195,24,1440,895
2048: 216,1838,1019,2055,897,2030,1753,508,767,1475
2049: 1854,2045,281,1050,390,297
2050: 42,1052,1739,1008,59,2006,1585
2051: 1156,509,2330,584,2311,94,1167,113,2327,424
2052: 1867,249,955,391,1869,250,1470
2053: 135,1374,1142,572,662,702,1541,1999,896,1379,500
2054: 2237,1210,60,2244,1217,1053
2055: 897,2030,503,1838,2048,1698,508,767,950,1475,1902
2056: 1669,392,969,852,1687,1516
2057: 332,751,1764,1940,790,1818,68
2058: 2333,1578,898,1163,2332,1996,174,2331,583,194,2329
2059: 1824,1873,761,11,899,25
2060: 900,1870,1942,903,991,262
2061: 599,1196,231,2033,505,510
2062: 1021,1843,45,427,1055,2075,1054
2063: 901,2131,2218,1110,2220,752,222,1070
2064: 234,233,393,214,1643,984,1798,2088
2065: 1005,948,2004,511,126,1737
2066: 1055,1681,434,1073,2143,63
2067: 1730,939,1413,791
2068: 1808,1040,862,783,394,867,237,1524,1845,2104
2069: 1612,82,518,64,1713,1056
2070: 1045,996,1684,411,462,395
2071: 2081,907,2085,709,512,1575,657,2201,972,1107
2072: 1765,1383,73,1345,902,2032,800
2073: 517,842,1620,252,2088,513,1890,952
2074: 792,573,1246,490,1454,809,1776,683,1145
2075: 1021,2062,514,62,1054,1238,994
2076: 759,808,1308,1447,1947,1852,1870,903
2077: 65,782,524,1990,1057,1036,725
2078: 396,217,1781,1439,1755,553,1803,1058,745,236
2079: 1485,679,2342,2345,904,587,477
2080: 398,645,1289,1344,1325,905,1161,2332,884,2347,176,1357
2081: 2071,512,1575,1693,657,2201,972,515,178,1107,2358
2082: 484,301,1639,906,1624,1517
2083: 304,877,603,397,1207,1206
2084: 793,847,1647,2027,1600,920
2085: 907,706,1933,1316,1339,367,1312,1384,709,512,2071
2086: 875,1078,1590,2161,516,2289,2206,1004,540,2158
2087: 587,295,1485,908,1311,771
2088: 252,1810,1006,1797,234,233,2064,517,2073
2089: 1926,612,909,1450,1626,873,290
2090: 1745,1011,521,2096,1851,1026
2091: 30,1462,1948,1465,1518,1015,427,1843
2092: 235,519,2205,553,2200,2199,1105,1322,1291
2093: 1386,18,2114,911,7,373
2094: 1131,2269,568,520,1523,1023,1846
2095: 1655,1333,724,912,1879,1606
2096: 2102,521,2090,524,1851,1057,1026,1724
2097: 1685,864,1791,1532,913,1859
2098: 711,522,272,1976,1581,1897,1346
2099: 654,548,1307,66,914,1920
2100: 523,1930,1551,622,1242,164
2101: 915,1879,925,1867,1333,947
2102: 521,2096,1306,2144,47,782,524,1057
2103: 916,432,1165,311
2104: 960,1788,1512,237,1808,2068,1323,525
2105: 917,48
2106: 2303,1153,2304,1227,1231,1298,130,650
2107: 370,682,918,558,1939,1951
2108: 1046,527,1443,416,748,1821,1449,882
2109: 2114,1348,922,801,911
2110: 1027,997,1686,1048,2045,528
2111: 920,890,1600,438,879,1790
2112: 1686,529,1942,263,997,262
2113: 957,2369,1726,1482,695,951,1185,754,921
2114: 2109,1957,911,7,2093
2115: 31,923,618,1235,1469
2116: 924,1967,1407,461,1762,2242,374
2117: 1492,2033,1169,2334,2184,546,471
2118: 2121,770,613,616,1837,531,1248,211,1061,1740
2119: 2120,1060,1740,191,2020,1774,742,2357,212
2120: 2119,1060,191,1774,742,607,2357,212,213
2121: 2118,770,150,613,616,1233,1061
2122: 1062,2282,2209,570,2275,1139,815,95,2274,115,889
2123: 2125,1064,1273,408,1395,2000,1066,692,534,2128
2124: 2183,1065,954,2189,545,2174,1089,684,1360
2125: 2123,1064,1273,633,636,1395,1270,1066,2128
2126: 637,258,636,1272,221,220,1270,1066
2127: 95,532,2276,2129,114,1489,1062,134,690,2029,1472
2128: 1104,534,408,2125,2123,1270,1066,554,2211
2129: 114,1489,1138,1065,2127,1360,134,1909,2029
2130: 186,986,2141,1892,1063,1067
2131: 2063,901,1707,1467,2139,201,855,2220,752,222
2132: 494,639,1277,2315,108,1160
2133: 1070,2136,1110,183,2219,752,202,535,223
2134: 620,462,52,1071,1809,536
2135: 127,691
2136: 1070,2133,752,202,416,1821,1309,535
2137: 70,1809,536,1750,1239
2138: 533,1283,2135,1477,1892,691
2139: 201,855,440,2131,796,1068,222
2140: 1750,1341,69,667,88
2141: 474,167,1892,2130,986
2142: 32,19,1072,2143,2145,46
2143: 1072,1073,2142,2066,63,2145,46
2144: 537,1306,32,2145,46,1745,2102,521
2145: 46,2143,32,2142,537,2144,1745
2146: 451,343,538,2149
2147: 86,729,1074,106,1721,1460
2148: 538,1075
2149: 538,343,2146,87,426,1514
2150: 2152,1077,142,1411,2177,845,838,539,1599
2151: 2285,571,2177,1092,1435,1077,838,539,1141,2284,615
2152: 2150,1077,142,1411,143,845
2153: 1995,1076,122,2185,123,143,757
2154: 1079,98,1130,2160,118,1295,2264,567
2155: 2016,931,387,541,606,1080,1268,1568
2156: 2159,541,404,1373,387,1081,606
2157: 387,1081,1378,41,1266,27,1080,1268
2158: 540,97,875,1590,2086,437,2262,1134,98
2159: 2156,541,1373,836,606,1211
2160: 1880,1719,540,97,96,1079,98,2154,116,1295
2161: 516,2289,2292,1144,697,1502,77,1078,1590,2086
2162: 2167,2170,874,2163,169
2163: 168,169,1082,2162,1083
2164: 1084,2168,312,2166,543,1085
2165: 2166,300,1424,1218,1085,1618
2166: 2165,417,300,312,2164,1085
2167: 542,1928,1082,2162
2168: 1084,2164,543,1924,1426,484
2169: 168,993,2003,384
2170: 1928,148,2162,874,1087
2171: 148,635,1269,544,479,1915
2172: 1190,1267,544,1915,129,1086
2173: 1298,1191,781,1086,1299,170
2174: 786,1315,545,2183,2124,1089,684,133
2175: 1125,1090,1780,141,1402,2188,744,743,1092
2176: 1278,229,2336,640,2181,1091
2177: 1092,1435,1090,744,2150,1077,2151,571,539
2178: 230,1279,247,1547,1938,1093
2179: 2182,336,1094,1430
2180: 445,1644,1650,1095,1307,444
2181: 1279,640,2176,1091,230,546
2182: 2179,336,34,1503,917
2183: 2124,1065,1088,113,2187,954,2189,545,1489,2174,1360
2184: 546,230,2117,1093,912,471
2185: 142,2188,547,122,2153,1076,1125,1090,123,143
2186: 1474,33,1204,548,1095,602
2187: 113,954,509,2312,1088,579,2189,2183
2188: 142,2185,547,2249,122,1125,1090,2175,143
2189: 2014,545,1088,579,2187,954,2183,2124,786
2190: 2192,549,1408,1097,422,1488
2191: 1992,3,1385,1337,380
2192: 549,2190,1337,798,4,1408,1097
2193: 1096,3,630,1368,723
2194: 1099,425,1497,1342,550,2197,1098,799
2195: 245,643,1285
2196: 550,1779,1685,1099,913,246
2197: 1098,799,2194,529,281,1050
2198: 1313,1352,1312,657,1102,157,1367,811,1471,2204,552
2199: 1017,1798,854,1103,2205,2092,519
2200: 1803,1058,396,2205,553,2092,1105,646,1322
2201: 657,1102,157,907,2081,2071,552,178,1107
2202: 1351,253,1017,235,519,2367,593,1291
2203: 551,2208,792,573,2290,1101,1429,1100,2293
2204: 811,1471,2198,1313,1102,157,403,552,178,1594,177,566
2205: 553,1692,2040,854,1103,2200,2199,2092,519
2206: 1004,1506,1100,77,516,2086,76,1139,815,2279
2207: 1182,1107,552,178,2358,1135,566,592,2263,2362
2208: 2203,551,2290,1100,77,2209,2275,76,1139
2209: 2277,2276,1101,1429,551,2208,1138,570,2275,95,2122
2210: 932,257,1483,963,692,2212,1106,716
2211: 967,554,1066,637,258,2128,601,1997,1545
2212: 1104,534,408,692,2210,257,1369
2213: 1483,1983,1040,256,963,1223,379,1106,1929
2214: 53,555,2216,1109,839,1042,1611
2215: 467,1973,1875,53,1109,1108
2216: 51,555,1039,53,2214,839
2217: 1611,1991,1109,1108,54,1149,2298
2218: 1445,556,689,1467,2063,901,2220,1111
2219: 183,1110,1631,1070,2133,202,2221
2220: 1110,1111,2218,2063,901,2131,183,1070
2221: 588,1175,2348,183,2219,2353,1631,202,223
2222: 318,473,1885,1112,733,1009,1688
2223: 1208,1564,1951,1113,2228
2224: 298,1505,337
2225: 1112,1115,2229,1350,1885,475
2226: 1446,687,119,2233,1116,1361,1388,407,138,2005
2227: 99,335,1901,2260,1118,2268,1558,2232,559,2233
2228: 283,1564,1113,1480,829
2229: 1350,1232,306,1365,1115,557,2230,2225
2230: 1115,557,1230,1232,306,2229
2231: 265,677,558,1209,1208
2232: 118,1118,2268,2227,1130,559,2233,1116,1361,567
2233: 559,119,1116,2268,99,2227,1558,2232,1361,2226,1446
2234: 2036,23,1119,465,1762,1436
2235: 790,672,485,1940,1747,2241
2236: 1121,1747,790,68,2243,1334
2237: 1122,1210,28,1511,562,2054,2244
2238: 43,1123,606,1211,28,1122
2239: 22,1967,1629,1484,980,1785
2240: 493,910,1989,43,1123,29
2241: 1747,1742,485,85,2235,1216,1120
2242: 1762,2116,2036,374,560,38
2243: 561,1120,1747,2236,1121,2365
2244: 816,44,2237,1210,1015,562,2054,1217
2245: 2011,887,21,1433,1117,22
2246: 1943,102,121,1363,2341,2247,1335,563,2249
2247: 1335,2246,121,563,2249,141,1402,1125
2248: 375,1124,101,1925,1972,837,102,121,1814
2249: 563,547,2246,2337,2247,141,1125,2188
2250: 1837,531,565,1971,346,2251,1127,891
2251: 346,2250,564,883,1996,1126,891,2034,1213
2252: 1805,193,795,607,192,1179,1041,1212
2253: 1126,891,1740,191,1127,1060,607,192
2254: 1927,565,2255,151,2256,152,763,613,1129
2255: 2254,1927,565,152,763,1887,491,1971
2256: 151,2257,132,1317,1128,152,1229,1129,2254
2257: 1044,2013,132,1128,1227,151,2256,152
2258: 460,1033,1131,2269,2266,648,1132,163
2259: 2267,2261,1135,1452,1698,946,196,197,198,1902,1982,1133
2260: 1118,2268,437,335,1772,2262,1134,2227,1130,118
2261: 2267,2259,1135,1452,2363,2263,946,1491,197,198
2262: 1134,437,2158,97,2260,2268,98,1130
2263: 2363,592,2207,1135,177,566,2261,198
2264: 117,666,1079,2154,118,647,1295,400,567
2265: 1634,568,1599,164,1131,1033
2266: 182,1846,2269,2258,648,163,1293,1617
2267: 2259,2261,946,197,198,420,1982,218,1133,1812,780
2268: 2260,1118,335,2262,2227,1130,2232,118,2233
2269: 1131,2094,568,2258,1023,2266,1846,163
2270: 2272,111,2271,71,1137,569,1136
2271: 91,1152,71,2024,569,2270
2272: 2270,111,1137,569,499,131,2017,1841,678
2273: 1136,504,111,92,756,678,1863
2274: 115,2279,76,1139,815,1062,2282,2122,1143,366
2275: 570,551,2208,2209,2276,76,1139,1062,2122
2276: 2277,2209,1101,1138,424,570,2275,114,95,2127,1062
2277: 2209,2276,2328,1101,551,2327,1138,424,570,114
2278: 366,1374,1142,2282,115,2279,1143,572,2281,135,1541
2279: 2274,115,815,2206,1506,2282,96,1143,2278,2281
2280: 162,615,2285,1140,181,2284,2283,161
2281: 572,1294,2279,96,1143,1880,2278,116,1541
2282: 1062,2122,1139,532,2274,115,2279,1921,889,366,2278
2283: 1683,355,181,2280,944,1565,161,453
2284: 1140,181,160,1225,2285,2151,571,615,2280
2285: 2151,571,1435,1225,539,1141,2284,615,2280,1523
2286: 1635,4,5,2288,15,1146
2287: 5,1934,2291,2288,1147
2288: 15,5,2287,2286,1147,430
2289: 2161,516,2292,1145,1144,697,1100,77,2293,2086
2290: 792,573,809,1145,1429,2203,2208,1100,77,2293
2291: 351,773,2287,1632,574,1147
2292: 1145,1657,495,1144,2293,2161,2289
2293: 1100,77,573,2290,2292,1145,2203,516,2289,76
2294: 675,1149,2298,1303,575,93,777
2295: 1434,1148,1150,199,962,1704,1855,1703,200
2296: 1151,1071,707,620,1835,1356,2302
2297: 575,1042,1991,707,1151,72
2298: 1149,1303,1991,2217,575,2294
2299: 428,1608,1392,1519,1148,576,1150,1521,962
2300: 180,2301,1228,1496,1683,355,1711,685,1876
2301: 180,2300,159,1148,1496,576,1150,355,1434,685,1876
2302: 1356,577,2296,1835,91,1152,670
2303: 2106,109,1153,2304,1191,1298,130
2304: 110,1153,2017,526,2303,2106,1227,1231
2305: 1834,670,577,90,2024,828,1559
2306: 1186,594,165,1155,1881,578
2307: 2309,979,1154,648,1187,1659,1292,1619
2308: 1155,1280,1799,865,1556,578,1416
2309: 979,1154,2307,1187,185,2351,700,1715
2310: 2311,74,1157,1345,509,2312,579
2311: 2310,2313,55,74,1156,509,2051,579
2312: 1088,579,1157,1345,2310,800,1853,2187
2313: 55,74,1221,1255,2330,2311,1156
2314: 580,206,1159,1665,382,2320,822
2315: 2322,2132,494,1162,1160
2316: 626,1250,2323,2322,1162
2317: 853,1012,280,1164,1398
2318: 296,2321,1538,581,1165,432
2319: 728,804,1697,1396,2321,296
2320: 226,2314,580,382,818,822
2321: 1396,2319,2318,296,581
2322: 2315,1276,582,639,2323,1162
2323: 1276,128,2322
2324: 2325,463,1158,205,818,1515
2325: 2324,1712,1158,580,206,818
2326: 1166,1254,2330,56,584,75,94
2327: 1138,424,2051,1167,113,954,2277,1065,114,1489
2328: 94,1167,1166,1493,1101,1429,424,2277
2329: 583,194,2058,905,2332,174,1177,2347,176,1674
2330: 1255,56,584,2313,55,2326,1156,2051
2331: 174,1919,1571,1163,2333,2058,883,1996,583,1014
2332: 905,1161,645,2333,2058,898,2080,583,2329
2333: 1578,2058,898,1457,173,1163,2332,1996,2331
2334: 1169,2340,210,599,2117,2033
2335: 1170,1168,2337,2341,2338,122,1076
2336: 229,586,2176,1171,1091,2340
2337: 1168,2335,1363,2341,563,547,2249,122,1076
2338: 1950,585,1421,1170,1168,2335,1751,1995,1076
2339: 621,1806,2010,586,1171,1016
2340: 1169,2334,2336,1171,210,1091,599
2341: 1363,401,668,681,2246,1168,2335,2337,563
2342: 2345,1172,294,2344,2079,587,295
2343: 388,2019,1173,604,804,728
2344: 294,1318,1172,660,293,2342,2345
2345: 2342,1409,1172,679,2344,2079
2346: 1357,803,1463,1177,2350,1461,1362,155,1176
2347: 1177,2350,176,905,2080,583,194,2329,1357,1674,2349,1176
2348: 588,1175,2221,202,223,418,1308
2349: 589,1177,2350,2347,1674,175,1176,1587,195,1019
2350: 1177,2347,176,398,2346,1357,803,1674,2349,1176
2351: 700,2309,979,2353,1619,1175,2352,203
2352: 224,203,2351,700,1508,1174,1778
2353: 1619,1631,184,979,2351,1175,2221,203
2354: 1179,607,2357,213,1212,1794,339,1792,708,1567
2355: 1181,591,213,2356,1794,1792,1031,232
2356: 231,1744,212,1196,1181,591,2355
2357: 212,213,2120,2119,1060,607,1179,2354,591,1792
2358: 179,1580,2081,834,515,1182,2207,1107,1608,1324,2362
2359: 349,423,2363,794,1324,1183,1491,198,859,1812,1763
2360: 870,1121,1180,2365,1886,1403,590
2361: 886,124,1866,144,439,1240,622
2362: 1324,1183,1182,2207,1107,179,1580,2358,2363,592,1521
2363: 592,2263,1324,1183,2362,2261,1491,197,198,2359
2364: 1738,1178,1428,124,738,1240,145,125
2365: 1180,409,561,2243,1121,870,2360
2366: 270,957,1507,1185,372,921,1199,1872
2367: 593,1006,1726,2202,253,2369,1185
2368: 600,1199,270,287,1184,271,1241
2369: 957,2113,1726,1482,2367,1185