0: 39,1,5,46,6,47
1: 40,0,2,6,7,47,48
2: 3,41,1,7,48,8,49
3: 2,42,4,8,9,49,50
4: 43,3,9,50,10,51
5: 11,12,46,54,55,0,6
6: 7,13,47,56,0,1,5,12,55
7: 6,13,48,56,1,2,8,14,57
8: 9,14,15,49,57,58,2,3,7
9: 8,15,50,58,3,4,10,16,59
10: 16,51,59,60,4,9
11: 5,12,54,17,62,63
12: 5,11,55,6,13,17,63,18,64
13: 6,7,56,12,14,18,19,64,65
14: 8,15,57,7,13,19,65,20,66
15: 8,9,14,58,16,20,21,66,67
16: 10,59,9,15,21,67,22,68
17: 63,71,72,11,12,18,23
18: 19,24,64,73,23,12,13,17,72
19: 18,24,65,73,13,14,20,25,74
20: 21,25,26,66,74,75,14,15,19
21: 20,26,67,75,15,16,22,27,76
22: 27,68,76,77,16,21
23: 18,24,81,17,80,72,28
24: 18,19,73,81,82,23,25,28,29
25: 20,26,74,83,19,24,82,29,30
26: 20,21,25,75,83,84,27,30,31
27: 22,76,85,21,26,84,31
28: 29,89,24,81,23,88
29: 28,89,24,82,25,30,32,90
30: 31,32,90,91,25,26,83,29
31: 30,91,26,84,27,92
32: 30,90,96,29,95
33: 38,39,100,106,34
34: 35,40,100,101,33,39,107
35: 34,40,101,102,108,36,41
36: 37,41,42,102,103,35,109
37: 36,42,103,104,110,43
38: 33,39,105,106,114,45,46
39: 0,33,38,106,115,34,40,107,46,47
40: 1,34,35,39,107,108,116,41,47,48
41: 2,36,42,35,40,108,109,117,48,49
42: 3,36,37,41,109,110,118,43,49,50
43: 4,44,37,42,110,111,119,50,51
44: 43,111,112,120,51,52
45: 46,54,113,38,114,53,123
46: 5,45,54,55,0,38,39,114,115,124,47
47: 6,48,56,0,39,115,1,40,116,46,55,125
48: 7,47,56,1,40,116,2,41,117,126,49,57
49: 8,50,57,58,2,3,41,42,117,118,48,127
50: 9,49,58,3,42,118,4,43,119,128,51,59
51: 10,52,59,60,4,43,44,119,120,50,129
52: 51,60,44,120,121,130,61
53: 122,132,45,54,123,62
54: 5,11,45,46,55,53,123,124,133,62,63
55: 5,12,46,54,124,134,6,47,56,125,63,64
56: 6,7,13,47,48,55,125,126,135,57,64,65
57: 8,14,49,58,7,48,56,126,127,136,65,66
58: 8,9,15,49,50,57,127,128,137,59,66,67
59: 10,16,51,60,9,50,58,128,129,138,67,68
60: 10,51,52,59,129,130,139,61,68,69
61: 52,60,130,131,140,69
62: 63,71,53,132,11,54,133,70,142
63: 17,62,71,72,11,12,54,55,133,134,143,64
64: 18,65,73,12,55,134,13,56,135,63,72,144
65: 19,64,73,13,56,135,14,57,136,145,66,74
66: 20,67,74,75,14,15,57,58,136,137,65,146
67: 21,66,75,15,58,137,16,59,138,147,68,76
68: 22,69,76,77,16,59,60,138,139,67,148
69: 68,77,60,139,61,140,149,78
70: 141,151,62,71,79,142
71: 17,80,62,63,72,79,70,142,143,152
72: 17,80,63,71,143,153,18,64,73,81,23,144
73: 18,19,24,64,65,81,82,72,144,145,154,74
74: 20,25,66,75,83,19,65,73,82,145,146,155
75: 20,21,26,66,67,74,83,84,146,147,156,76
76: 22,27,68,77,85,21,67,75,84,147,148,157
77: 22,68,69,76,85,86,148,149,158,78
78: 69,77,86,149,150,159
79: 80,71,70,151,152,87,160
80: 71,72,79,152,153,81,23,87,88,161
81: 24,73,82,23,80,72,153,154,88,28,89,162
82: 24,73,81,154,25,74,83,155,29,89,163,90
83: 25,26,74,75,84,82,155,156,30,90,91,164
84: 26,75,83,156,27,76,85,157,31,91,165,92
85: 27,76,77,86,84,157,158,92,93,166
86: 77,85,158,78,159,93,167
87: 88,80,79,160,161,168
88: 87,80,81,161,169,28,89,94,162
89: 28,29,94,95,81,82,88,162,163,170,90
90: 30,32,91,96,82,83,29,89,95,163,164,171
91: 30,31,90,96,97,83,84,164,165,172,92
92: 93,84,85,31,91,97,165,166,173
93: 92,85,86,166,167,174
94: 89,95,88,169,170,176
95: 89,94,170,32,90,96,171,177
96: 32,90,91,97,95,171,172,178
97: 91,96,172,92,173,179
98: 101,185,190,99,102,191
99: 102,103,186,191,192,98
100: 189,101,33,106,196,34,107,197
101: 98,190,100,102,34,35,107,108,197,198
102: 99,103,191,98,101,35,108,198,36,109,199
103: 99,102,192,104,36,37,109,110,199,200
104: 193,103,37,110,200,111,201
105: 106,114,195,204,113,203,38
106: 105,114,115,196,204,205,100,33,38,39,107
107: 108,116,197,206,100,101,39,106,115,205,34,40
108: 107,116,198,206,101,102,35,40,41,109,117,207
109: 110,117,118,199,207,208,102,103,108,36,41,42
110: 109,118,200,208,103,104,37,42,43,111,119,209
111: 112,119,120,201,209,210,104,110,43,44
112: 111,120,202,210,44,121,211
113: 203,105,114,122,212,45,123,213
114: 105,106,115,204,113,38,45,46,123,124,213,214
115: 106,114,205,39,107,116,46,124,214,47,125,215
116: 107,108,206,115,40,117,47,48,125,126,215,216
117: 109,118,207,108,116,41,48,126,216,49,127,217
118: 109,110,117,208,42,119,49,50,127,128,217,218
119: 111,120,209,110,118,43,50,128,218,51,129,219
120: 111,112,119,210,44,121,51,52,129,130,219,220
121: 211,112,120,52,130,220,131,221
122: 132,212,222,223,113,53,123
123: 124,133,213,224,113,114,53,122,132,223,45,54
124: 123,133,134,214,224,225,114,115,46,54,55,125
125: 126,135,215,226,115,116,55,124,134,225,47,56
126: 125,135,216,226,116,117,48,56,57,127,136,227
127: 128,136,137,217,227,228,117,118,126,49,57,58
128: 127,137,218,228,118,119,50,58,59,129,138,229
129: 130,138,139,219,229,230,119,120,128,51,59,60
130: 129,139,220,230,120,121,52,60,61,131,140,231
131: 140,221,231,232,121,130,61
132: 122,223,53,123,133,141,233,62,142,234
133: 123,124,134,224,132,54,62,63,142,143,234,235
134: 124,133,225,55,125,135,63,143,235,64,144,236
135: 125,126,226,134,56,136,64,65,144,145,236,237
136: 127,137,227,126,135,57,65,145,237,66,146,238
137: 127,128,136,228,58,138,66,67,146,147,238,239
138: 129,139,229,128,137,59,67,147,239,68,148,240
139: 129,130,138,230,60,140,68,69,148,149,240,241
140: 131,231,130,139,61,69,149,241,150,242
141: 151,233,243,244,132,70,142
142: 143,152,234,245,132,133,70,141,151,244,62,71
143: 142,152,153,235,245,246,133,134,63,71,72,144
144: 145,154,236,247,134,135,72,143,153,246,64,73
145: 144,154,237,247,135,136,65,73,74,146,155,248
146: 147,155,156,238,248,249,136,137,145,66,74,75
147: 146,156,239,249,137,138,67,75,76,148,157,250
148: 149,157,158,240,250,251,138,139,147,68,76,77
149: 148,158,241,251,139,140,69,77,78,150,159,252
150: 159,242,252,253,140,149,78
151: 141,244,254,70,79,142,152,255,160
152: 142,143,153,245,255,256,151,80,71,79,160,161
153: 143,152,246,256,80,72,81,144,154,257,161,162
154: 144,145,247,257,258,153,73,81,82,155,162,163
155: 146,156,248,259,82,145,154,258,74,83,163,164
156: 146,147,155,249,259,260,75,83,84,157,164,165
157: 148,158,250,261,84,147,156,260,76,85,165,166
158: 148,149,157,251,261,262,77,85,86,159,166,167
159: 150,252,263,86,149,158,262,78,167
160: 161,168,265,151,79,152,255,264,87
161: 160,168,169,265,266,80,152,153,256,87,88,162
162: 163,170,267,153,81,154,257,88,161,169,266,89
163: 162,170,267,82,154,258,155,89,90,164,171,268
164: 165,171,172,268,269,83,155,156,259,163,90,91
165: 164,172,269,84,156,260,157,91,92,166,173,270
166: 167,173,174,270,271,85,157,158,261,165,92,93
167: 166,174,271,86,158,262,159,93,272
168: 160,161,169,265,273,274,87,175
169: 161,168,266,274,88,94,162,170,275,175,176
170: 162,163,267,275,276,169,89,94,95,171,176,177
171: 164,172,268,277,95,163,170,276,90,96,177,178
172: 164,165,171,269,277,278,91,96,97,173,178,179
173: 166,174,270,279,97,165,172,278,92,179,180
174: 166,167,173,271,279,280,93,180
175: 281,282,168,169,274,176
176: 177,181,283,169,94,170,275,175,282
177: 176,181,283,95,170,276,171,178,182,284
178: 179,182,183,284,285,96,171,172,277,177
179: 178,183,285,97,172,278,173,180,286
180: 286,287,173,174,279,179
181: 176,177,283,288,182
182: 178,183,284,289,177,181,288
183: 178,179,182,285,289
184: 185,190,189,292
185: 98,184,190,293,186,191,290
186: 99,187,191,192,185,290,294
187: 186,192,295,193
188: 189,291,298,195,196
189: 100,188,291,299,184,190,292,196,197
190: 98,101,184,185,189,292,293,300,191,197,198
191: 99,102,186,192,98,185,190,293,294,301,198,199
192: 99,103,186,187,191,294,295,302,193,199,200
193: 104,194,187,192,295,296,303,200,201
194: 193,296,304,201,202
195: 105,196,204,297,188,298,203,307
196: 106,195,204,205,100,188,189,298,299,308,197
197: 107,198,206,100,189,299,101,190,300,196,205,309
198: 108,197,206,101,190,300,102,191,301,310,199,207
199: 109,200,207,208,102,103,191,192,301,302,198,311
200: 110,199,208,103,192,302,104,193,303,312,201,209
201: 111,202,209,210,104,193,194,303,304,200,313
202: 112,201,210,194,304,305,314,211
203: 113,306,317,105,195,204,307,212,213
204: 105,106,114,195,196,205,203,307,308,318,213,214
205: 106,115,196,204,308,319,107,197,206,309,214,215
206: 107,108,116,197,198,205,309,310,320,207,215,216
207: 109,117,199,208,108,198,206,310,311,321,216,217
208: 109,110,118,199,200,207,311,312,322,209,217,218
209: 111,119,201,210,110,200,208,312,313,323,218,219
210: 111,112,120,201,202,209,313,314,324,211,219,220
211: 121,112,202,210,314,315,325,220,221
212: 122,222,223,113,203,316,317,328,213
213: 123,214,224,113,203,317,114,204,318,212,223,329
214: 124,213,224,225,114,115,204,205,318,319,330,215
215: 125,216,226,115,205,319,116,206,320,214,225,331
216: 126,215,226,116,206,320,117,207,321,332,217,227
217: 127,218,227,228,117,118,207,208,321,322,216,333
218: 128,217,228,118,208,322,119,209,323,334,219,229
219: 129,220,229,230,119,120,209,210,323,324,218,335
220: 130,219,230,120,210,324,121,211,325,336,221,231
221: 131,231,232,121,211,325,326,220,337
222: 122,212,223,327,328,338,233
223: 122,132,212,222,328,339,123,213,224,329,233,234
224: 123,124,133,213,214,225,223,329,330,340,234,235
225: 124,134,214,224,330,341,125,215,226,331,235,236
226: 125,126,135,215,216,225,331,332,342,227,236,237
227: 127,136,217,228,126,216,226,332,333,343,237,238
228: 127,128,137,217,218,227,333,334,344,229,238,239
229: 129,138,219,230,128,218,228,334,335,345,239,240
230: 129,130,139,219,220,229,335,336,346,231,240,241
231: 131,140,221,232,130,220,230,336,337,347,241,242
232: 131,221,231,337,348,242
233: 141,243,244,132,222,223,338,339,350,234
234: 142,235,245,132,223,339,133,224,340,233,244,351
235: 143,234,245,246,133,134,224,225,340,341,352,236
236: 144,237,247,134,225,341,135,226,342,235,246,353
237: 145,236,247,135,226,342,136,227,343,354,238,248
238: 146,239,248,249,136,137,227,228,343,344,237,355
239: 147,238,249,137,228,344,138,229,345,356,240,250
240: 148,241,250,251,138,139,229,230,345,346,239,357
241: 149,240,251,139,230,346,140,231,347,358,242,252
242: 150,252,253,140,231,232,347,348,241,359
243: 141,233,244,254,349,350,361
244: 141,151,233,243,254,350,362,142,234,245,255,351
245: 142,143,152,234,235,246,255,256,244,351,352,363
246: 143,153,235,245,256,352,364,144,236,247,257,353
247: 144,145,154,236,237,257,258,246,353,354,365,248
248: 146,155,238,249,259,145,237,247,258,354,355,366
249: 146,147,156,238,239,248,259,260,355,356,367,250
250: 148,157,240,251,261,147,239,249,260,356,357,368
251: 148,149,158,240,241,250,261,262,357,358,369,252
252: 150,159,242,253,263,149,241,251,262,358,359,370
253: 150,242,252,263,359,360,371
254: 151,243,244,361,362,255,264,372
255: 152,245,256,151,244,254,362,363,264,160,265,373
256: 152,153,245,246,255,363,364,257,161,265,266,374
257: 154,247,258,153,246,256,364,365,266,162,267,375
258: 154,247,257,365,155,248,259,366,163,267,376,268
259: 155,156,248,249,260,258,366,367,164,268,269,377
260: 156,249,259,367,157,250,261,368,165,269,378,270
261: 157,158,250,251,262,260,368,369,166,270,271,379
262: 158,251,261,369,159,252,263,370,167,271,380,272
263: 159,252,253,262,370,371,272,381
264: 254,255,372,382,160,265,273,373
265: 160,161,168,266,273,274,255,256,264,373,374,383
266: 161,169,265,274,256,257,374,384,162,267,275,375
267: 162,163,170,275,276,257,258,266,375,376,385,268
268: 164,171,269,277,258,259,163,267,276,376,377,386
269: 164,165,172,268,277,278,259,260,377,378,387,270
270: 166,173,271,279,260,261,165,269,278,378,379,388
271: 166,167,174,270,279,280,261,262,379,380,389,272
272: 262,263,167,271,280,380,381,390
273: 168,265,274,264,382,383,281,391
274: 168,169,265,266,273,383,384,275,175,281,282,392
275: 170,267,276,169,266,274,384,385,282,176,283,393
276: 170,267,275,385,171,268,277,386,177,283,394,284
277: 171,172,268,269,278,276,386,387,178,284,285,395
278: 172,269,277,387,173,270,279,388,179,285,396,286
279: 173,174,270,271,280,278,388,389,180,286,287,397
280: 174,271,279,389,272,390,287,398
281: 175,282,273,274,391,392,399
282: 175,281,274,275,392,400,176,283,393
283: 176,177,181,288,275,276,282,393,394,401,284
284: 178,182,285,289,276,277,177,283,288,394,395,402
285: 178,179,183,284,289,277,278,395,396,403,286
286: 180,287,278,279,179,285,396,397,404
287: 180,286,279,280,397,398,405
288: 181,283,401,406,182,284,289,402
289: 182,183,284,285,288,402,403,407
290: 294,411,185,293,410,186
291: 298,299,408,415,416,188,189,292
292: 293,300,409,417,189,291,299,416,184,190
293: 292,300,410,417,185,190,191,290,294,301,418
294: 290,295,301,302,411,418,419,293,186,191,192
295: 294,302,412,419,187,192,193,296,303,420
296: 303,304,413,420,421,295,193,194
297: 414,298,306,423,195,307,424
298: 291,299,415,297,188,195,196,307,308,424,425
299: 291,298,416,189,292,300,196,308,425,197,309,426
300: 292,293,417,299,190,301,197,198,309,310,426,427
301: 294,302,418,293,300,191,198,310,427,199,311,428
302: 294,295,301,419,192,303,199,200,311,312,428,429
303: 296,304,420,295,302,193,200,312,429,201,313,430
304: 296,303,421,194,305,201,202,313,314,430,431
305: 422,304,202,314,431,315,432
306: 316,317,423,433,434,297,203,307
307: 308,318,424,435,297,298,203,306,317,434,195,204
308: 307,318,319,425,435,436,298,299,196,204,205,309
309: 310,320,426,437,299,300,205,308,319,436,197,206
310: 309,320,427,437,300,301,198,206,207,311,321,438
311: 312,321,322,428,438,439,301,302,310,199,207,208
312: 311,322,429,439,302,303,200,208,209,313,323,440
313: 314,323,324,430,440,441,303,304,312,201,209,210
314: 313,324,431,441,304,305,202,210,211,315,325,442
315: 325,326,432,442,443,305,314,211
316: 306,317,433,212,327,328,444,445
317: 306,316,434,203,307,318,212,328,445,213,329,446
318: 307,308,319,435,317,204,213,214,329,330,446,447
319: 308,318,436,205,309,320,214,330,447,215,331,448
320: 309,310,437,319,206,321,215,216,331,332,448,449
321: 311,322,438,310,320,207,216,332,449,217,333,450
322: 311,312,321,439,208,323,217,218,333,334,450,451
323: 313,324,440,312,322,209,218,334,451,219,335,452
324: 313,314,323,441,210,325,219,220,335,336,452,453
325: 315,326,442,314,324,211,220,336,453,221,337,454
326: 315,325,443,221,337,454,455
327: 328,338,444,456,316,222
328: 327,338,339,445,456,457,316,317,212,222,223,329
329: 330,340,446,458,317,318,223,328,339,457,213,224
330: 329,340,341,447,458,459,318,319,214,224,225,331
331: 332,342,448,460,319,320,225,330,341,459,215,226
332: 331,342,449,460,320,321,216,226,227,333,343,461
333: 334,343,344,450,461,462,321,322,332,217,227,228
334: 333,344,451,462,322,323,218,228,229,335,345,463
335: 336,345,346,452,463,464,323,324,334,219,229,230
336: 335,346,453,464,324,325,220,230,231,337,347,465
337: 347,348,454,465,466,325,326,336,221,231,232
338: 327,328,339,456,222,233,349,350,467,468
339: 328,338,457,223,329,340,233,350,468,234,351,469
340: 329,330,341,458,339,224,234,235,351,352,469,470
341: 330,340,459,225,331,342,235,352,470,236,353,471
342: 331,332,460,341,226,343,236,237,353,354,471,472
343: 333,344,461,332,342,227,237,354,472,238,355,473
344: 333,334,343,462,228,345,238,239,355,356,473,474
345: 335,346,463,334,344,229,239,356,474,240,357,475
346: 335,336,345,464,230,347,240,241,357,358,475,476
347: 337,348,465,336,346,231,241,358,476,242,359,477
348: 337,347,466,232,242,359,360,477,478
349: 350,361,467,479,338,243
350: 349,361,362,468,479,480,338,339,233,243,244,351
351: 352,363,469,481,339,340,244,350,362,480,234,245
352: 351,363,364,470,481,482,340,341,235,245,246,353
353: 354,365,471,483,341,342,246,352,364,482,236,247
354: 353,365,472,483,342,343,237,247,248,355,366,484
355: 356,366,367,473,484,485,343,344,354,238,248,249
356: 355,367,474,485,344,345,239,249,250,357,368,486
357: 358,368,369,475,486,487,345,346,356,240,250,251
358: 357,369,476,487,346,347,241,251,252,359,370,488
359: 360,370,371,477,488,489,347,348,358,242,252,253
360: 359,371,478,489,348,253
361: 349,350,362,479,490,491,243,254,372
362: 350,361,480,491,244,254,255,351,363,492,372,373
363: 351,352,364,481,492,493,362,245,255,256,373,374
364: 352,363,482,493,246,256,257,353,365,494,374,375
365: 353,354,483,494,495,364,247,257,258,366,375,376
366: 355,367,484,496,258,354,365,495,248,259,376,377
367: 355,356,366,485,496,497,249,259,260,368,377,378
368: 357,369,486,498,260,356,367,497,250,261,378,379
369: 357,358,368,487,498,499,251,261,262,370,379,380
370: 359,371,488,500,262,358,369,499,252,263,380,381
371: 359,360,370,489,500,501,253,263,381
372: 382,502,503,254,361,362,491,264,373
373: 374,383,504,362,255,363,492,264,372,382,503,265
374: 373,383,384,504,505,256,363,364,493,265,266,375
375: 376,385,506,364,257,365,494,266,374,384,505,267
376: 375,385,506,258,365,495,366,267,268,377,386,507
377: 378,386,387,507,508,259,366,367,496,376,268,269
378: 377,387,508,260,367,497,368,269,270,379,388,509
379: 380,388,389,509,510,261,368,369,498,378,270,271
380: 379,389,510,262,369,499,370,271,272,381,390,511
381: 390,511,512,263,370,371,500,380,272
382: 372,503,513,264,273,373,383,514,391
383: 373,374,384,504,514,515,382,265,273,274,391,392
384: 374,383,505,515,266,274,275,375,385,516,392,393
385: 375,376,506,516,517,384,267,275,276,386,393,394
386: 377,387,507,518,276,376,385,517,268,277,394,395
387: 377,378,386,508,518,519,269,277,278,388,395,396
388: 379,389,509,520,278,378,387,519,270,279,396,397
389: 379,380,388,510,520,521,271,279,280,390,397,398
390: 381,511,522,280,380,389,521,272,398
391: 392,399,523,382,273,383,514,281
392: 391,399,400,523,524,274,383,384,515,281,282,393
393: 394,401,525,384,275,385,516,282,392,400,524,283
394: 393,401,525,276,385,517,386,283,284,395,402,526
395: 396,402,403,526,527,277,386,387,518,394,284,285
396: 395,403,527,278,387,519,388,285,286,397,404,528
397: 398,404,405,528,529,279,388,389,520,396,286,287
398: 397,405,529,280,389,521,390,287
399: 391,392,400,523,530,281
400: 392,399,524,530,282,393,401,531
401: 393,394,406,525,531,532,400,283,288,402
402: 395,403,407,526,533,288,394,401,406,532,284,289
403: 395,396,402,407,527,533,534,285,289,404
404: 397,405,528,396,403,534,286
405: 397,398,404,529,287
406: 401,532,288,402,407
407: 402,403,533,406,289
408: 291,415,416,539,409
409: 292,410,417,408,416,535,540
410: 293,409,417,535,541,290,411,418,536
411: 290,294,412,418,419,410,536,537,542
412: 295,411,419,537,543,413,420
413: 296,420,421,412,544
414: 297,545,415,538,423,424
415: 291,298,408,416,414,538,539,546,424,425
416: 291,299,408,415,539,547,292,409,417,540,425,426
417: 292,293,300,409,410,416,540,541,548,418,426,427
418: 294,301,411,419,293,410,417,541,542,549,427,428
419: 294,295,302,411,412,418,542,543,550,420,428,429
420: 296,303,413,421,295,412,419,543,544,551,429,430
421: 296,304,413,420,544,552,422,430,431
422: 305,421,553,431,432
423: 306,433,434,297,414,545,554,424
424: 307,425,435,297,414,545,298,415,546,423,434,555
425: 308,424,435,436,298,299,415,416,546,547,556,426
426: 309,427,437,299,416,547,300,417,548,425,436,557
427: 310,426,437,300,417,548,301,418,549,558,428,438
428: 311,429,438,439,301,302,418,419,549,550,427,559
429: 312,428,439,302,419,550,303,420,551,560,430,440
430: 313,431,440,441,303,304,420,421,551,552,429,561
431: 314,430,441,304,421,552,305,422,553,562,432,442
432: 315,442,443,305,422,553,431,563
433: 306,316,423,434,554,564,444,445
434: 306,317,423,433,554,565,307,424,435,555,445,446
435: 307,308,318,424,425,436,434,555,556,566,446,447
436: 308,319,425,435,556,567,309,426,437,557,447,448
437: 309,310,320,426,427,436,557,558,568,438,448,449
438: 311,321,428,439,310,427,437,558,559,569,449,450
439: 311,312,322,428,429,438,559,560,570,440,450,451
440: 313,323,430,441,312,429,439,560,561,571,451,452
441: 313,314,324,430,431,440,561,562,572,442,452,453
442: 315,325,432,443,314,431,441,562,563,573,453,454
443: 315,326,432,442,563,574,454,455
444: 327,445,456,316,433,564,575
445: 328,444,456,457,316,317,433,434,564,565,576,446
446: 329,447,458,317,434,565,318,435,566,445,457,577
447: 330,446,458,459,318,319,435,436,566,567,578,448
448: 331,449,460,319,436,567,320,437,568,447,459,579
449: 332,448,460,320,437,568,321,438,569,580,450,461
450: 333,451,461,462,321,322,438,439,569,570,449,581
451: 334,450,462,322,439,570,323,440,571,582,452,463
452: 335,453,463,464,323,324,440,441,571,572,451,583
453: 336,452,464,324,441,572,325,442,573,584,454,465
454: 337,455,465,466,325,326,442,443,573,574,453,585
455: 454,466,326,443,574,586
456: 327,328,338,444,445,457,575,576,587,467,468
457: 328,339,445,456,576,588,329,446,458,577,468,469
458: 329,330,340,446,447,459,457,577,578,589,469,470
459: 330,341,447,458,578,590,331,448,460,579,470,471
460: 331,332,342,448,449,459,579,580,591,461,471,472
461: 333,343,450,462,332,449,460,580,581,592,472,473
462: 333,334,344,450,451,461,581,582,593,463,473,474
463: 335,345,452,464,334,451,462,582,583,594,474,475
464: 335,336,346,452,453,463,583,584,595,465,475,476
465: 337,347,454,466,336,453,464,584,585,596,476,477
466: 337,348,454,455,465,585,586,597,477,478
467: 349,468,479,338,456,587,598
468: 350,467,479,480,338,339,456,457,587,588,599,469
469: 351,470,481,339,457,588,340,458,589,468,480,600
470: 352,469,481,482,340,341,458,459,589,590,601,471
471: 353,472,483,341,459,590,342,460,591,470,482,602
472: 354,471,483,342,460,591,343,461,592,603,473,484
473: 355,474,484,485,343,344,461,462,592,593,472,604
474: 356,473,485,344,462,593,345,463,594,605,475,486
475: 357,476,486,487,345,346,463,464,594,595,474,606
476: 358,475,487,346,464,595,347,465,596,607,477,488
477: 359,478,488,489,347,348,465,466,596,597,476,608
478: 360,477,489,348,466,597,609
479: 349,350,361,467,468,480,490,491,598,599,610
480: 350,362,468,479,491,599,611,351,469,481,492,600
481: 351,352,363,469,470,482,492,493,480,600,601,612
482: 352,364,470,481,493,601,613,353,471,483,494,602
483: 353,354,365,471,472,494,495,482,602,603,614,484
484: 355,366,473,485,496,354,472,483,495,603,604,615
485: 355,356,367,473,474,484,496,497,604,605,616,486
486: 357,368,475,487,498,356,474,485,497,605,606,617
487: 357,358,369,475,476,486,498,499,606,607,618,488
488: 359,370,477,489,500,358,476,487,499,607,608,619
489: 359,360,371,477,478,488,500,501,608,609,620
490: 361,479,491,610,502,621
491: 361,362,479,480,490,610,611,492,372,502,503,622
492: 363,481,493,362,480,491,611,612,503,373,504,623
493: 363,364,481,482,492,612,613,494,374,504,505,624
494: 365,483,495,364,482,493,613,614,505,375,506,625
495: 365,483,494,614,366,484,496,615,376,506,626,507
496: 366,367,484,485,497,495,615,616,377,507,508,627
497: 367,485,496,616,368,486,498,617,378,508,628,509
498: 368,369,486,487,499,497,617,618,379,509,510,629
499: 369,487,498,618,370,488,500,619,380,510,630,511
500: 370,371,488,489,501,499,619,620,381,511,512,631
501: 371,489,500,620,512,632
502: 372,503,513,490,491,621,622,633
503: 372,382,502,513,491,492,622,634,373,504,514,623
504: 373,374,383,505,514,515,492,493,503,623,624,635
505: 374,384,504,515,493,494,624,636,375,506,516,625
506: 375,376,385,516,517,494,495,505,625,626,637,507
507: 377,386,508,518,495,496,376,506,517,626,627,638
508: 377,378,387,507,518,519,496,497,627,628,639,509
509: 379,388,510,520,497,498,378,508,519,628,629,640
510: 379,380,389,509,520,521,498,499,629,630,641,511
511: 381,390,512,522,499,500,380,510,521,630,631,642
512: 381,511,522,500,501,631,632,643
513: 382,502,503,633,634,514,644
514: 383,504,515,382,503,513,634,635,391,523,645
515: 383,384,504,505,514,635,636,516,392,523,524,646
516: 385,506,517,384,505,515,636,637,524,393,525,647
517: 385,506,516,637,386,507,518,638,394,525,648,526
518: 386,387,507,508,519,517,638,639,395,526,527,649
519: 387,508,518,639,388,509,520,640,396,527,650,528
520: 388,389,509,510,521,519,640,641,397,528,529,651
521: 389,510,520,641,390,511,522,642,398,529,652
522: 390,511,512,521,642,643
523: 391,392,399,524,530,514,515,645,646,653
524: 392,400,523,530,515,516,646,654,393,525,531,647
525: 393,394,401,531,532,516,517,524,647,648,655,526
526: 395,402,527,533,517,518,394,525,532,648,649,656
527: 395,396,403,526,533,534,518,519,649,650,657,528
528: 397,404,529,519,520,396,527,534,650,651,658
529: 397,398,405,528,520,521,651,652,659
530: 399,400,523,524,653,654,531
531: 401,525,532,400,524,530,654,655,660
532: 401,406,525,531,655,661,402,526,533,656
533: 402,403,407,526,527,534,532,656,657,662
534: 403,527,533,657,663,404,528,658
535: 540,541,665,666,409,410,536
536: 537,542,667,410,535,541,666,411
537: 536,542,543,667,668,411,412
538: 539,546,671,414,545,670,415
539: 538,546,547,664,671,672,408,415,416,540
540: 535,541,548,665,673,416,539,547,672,409,417
541: 535,540,548,666,673,410,417,418,536,542,549,674
542: 536,537,543,549,550,667,674,675,541,411,418,419
543: 537,542,550,668,675,412,419,420,544,551,676
544: 551,552,669,676,677,543,413,420,421
545: 670,414,538,546,423,554,679,424,555,680
546: 538,539,547,671,545,415,424,425,555,556,680,681
547: 539,546,672,416,540,548,425,556,681,426,557,682
548: 540,541,673,547,417,549,426,427,557,558,682,683
549: 542,550,674,541,548,418,427,558,683,428,559,684
550: 542,543,549,675,419,551,428,429,559,560,684,685
551: 544,552,676,543,550,420,429,560,685,430,561,686
552: 544,551,677,421,553,430,431,561,562,686,687
553: 678,552,422,431,562,687,432,563,688
554: 564,565,679,689,690,545,423,433,434,555
555: 556,566,680,691,545,546,434,554,565,690,424,435
556: 555,566,567,681,691,692,546,547,425,435,436,557
557: 558,568,682,693,547,548,436,556,567,692,426,437
558: 557,568,683,693,548,549,427,437,438,559,569,694
559: 560,569,570,684,694,695,549,550,558,428,438,439
560: 559,570,685,695,550,551,429,439,440,561,571,696
561: 562,571,572,686,696,697,551,552,560,430,440,441
562: 561,572,687,697,552,553,431,441,442,563,573,698
563: 573,574,688,698,699,553,562,432,442,443
564: 554,565,689,433,444,445,575,576,700,701
565: 554,564,690,434,555,566,445,576,701,446,577,702
566: 555,556,567,691,565,435,446,447,577,578,702,703
567: 556,566,692,436,557,568,447,578,703,448,579,704
568: 557,558,693,567,437,569,448,449,579,580,704,705
569: 559,570,694,558,568,438,449,580,705,450,581,706
570: 559,560,569,695,439,571,450,451,581,582,706,707
571: 561,572,696,560,570,440,451,582,707,452,583,708
572: 561,562,571,697,441,573,452,453,583,584,708,709
573: 563,574,698,562,572,442,453,584,709,454,585,710
574: 563,573,699,443,454,455,585,586,710,711
575: 576,587,700,712,564,444,456
576: 575,587,588,701,712,713,564,565,445,456,457,577
577: 578,589,702,714,565,566,457,576,588,713,446,458
578: 577,589,590,703,714,715,566,567,447,458,459,579
579: 580,591,704,716,567,568,459,578,590,715,448,460
580: 579,591,705,716,568,569,449,460,461,581,592,717
581: 582,592,593,706,717,718,569,570,580,450,461,462
582: 581,593,707,718,570,571,451,462,463,583,594,719
583: 584,594,595,708,719,720,571,572,582,452,463,464
584: 583,595,709,720,572,573,453,464,465,585,596,721
585: 586,596,597,710,721,722,573,574,584,454,465,466
586: 585,597,711,722,574,455,466
587: 575,576,588,712,456,467,468,598,599,723,724
588: 576,587,713,457,577,589,468,599,724,469,600,725
589: 577,578,590,714,588,458,469,470,600,601,725,726
590: 578,589,715,459,579,591,470,601,726,471,602,727
591: 579,580,716,590,460,592,471,472,602,603,727,728
592: 581,593,717,580,591,461,472,603,728,473,604,729
593: 581,582,592,718,462,594,473,474,604,605,729,730
594: 583,595,719,582,593,463,474,605,730,475,606,731
595: 583,584,594,720,464,596,475,476,606,607,731,732
596: 585,597,721,584,595,465,476,607,732,477,608,733
597: 585,586,596,722,466,477,478,608,609,733,734
598: 599,610,723,735,587,467,479
599: 598,610,611,724,735,736,587,588,468,479,480,600
600: 601,612,725,737,588,589,480,599,611,736,469,481
601: 600,612,613,726,737,738,589,590,470,481,482,602
602: 603,614,727,739,590,591,482,601,613,738,471,483
603: 602,614,728,739,591,592,472,483,484,604,615,740
604: 605,615,616,729,740,741,592,593,603,473,484,485
605: 604,616,730,741,593,594,474,485,486,606,617,742
606: 607,617,618,731,742,743,594,595,605,475,486,487
607: 606,618,732,743,595,596,476,487,488,608,619,744
608: 609,619,620,733,744,745,596,597,607,477,488,489
609: 608,620,734,745,597,478,489
610: 598,599,611,735,746,747,479,490,491,621,622
611: 599,610,736,747,480,491,492,600,612,748,622,623
612: 600,601,613,737,748,749,611,481,492,493,623,624
613: 601,612,738,749,482,493,494,602,614,750,624,625
614: 602,603,739,750,751,613,483,494,495,615,625,626
615: 604,616,740,752,495,603,614,751,484,496,626,627
616: 604,605,615,741,752,753,485,496,497,617,627,628
617: 606,618,742,754,497,605,616,753,486,498,628,629
618: 606,607,617,743,754,755,487,498,499,619,629,630
619: 608,620,744,756,499,607,618,755,488,500,630,631
620: 608,609,619,745,756,757,489,500,501,631,632
621: 622,633,758,490,610,746,502
622: 621,633,634,758,759,491,610,611,747,502,503,623
623: 624,635,760,611,492,612,748,503,622,634,759,504
624: 623,635,636,760,761,493,612,613,749,504,505,625
625: 626,637,762,613,494,614,750,505,624,636,761,506
626: 625,637,762,495,614,751,615,506,507,627,638,763
627: 628,638,639,763,764,496,615,616,752,626,507,508
628: 627,639,764,497,616,753,617,508,509,629,640,765
629: 630,640,641,765,766,498,617,618,754,628,509,510
630: 629,641,766,499,618,755,619,510,511,631,642,767
631: 632,642,643,767,768,500,619,620,756,630,511,512
632: 631,643,768,501,620,757,512
633: 621,622,634,758,769,502,513,644
634: 622,633,759,769,503,513,514,623,635,770,644,645
635: 623,624,636,760,770,771,634,504,514,515,645,646
636: 624,635,761,771,505,515,516,625,637,772,646,647
637: 625,626,762,772,773,636,506,516,517,638,647,648
638: 627,639,763,774,517,626,637,773,507,518,648,649
639: 627,628,638,764,774,775,508,518,519,640,649,650
640: 629,641,765,776,519,628,639,775,509,520,650,651
641: 629,630,640,766,776,777,510,520,521,642,651,652
642: 631,643,767,778,521,630,641,777,511,522,652
643: 631,632,642,768,778,512,522
644: 513,633,634,769,645
645: 646,653,779,634,514,635,770,644,523
646: 645,653,654,779,780,515,635,636,771,523,524,647
647: 648,655,781,636,516,637,772,524,646,654,780,525
648: 647,655,781,517,637,773,638,525,526,649,656,782
649: 650,656,657,782,783,518,638,639,774,648,526,527
650: 649,657,783,519,639,775,640,527,528,651,658,784
651: 652,658,659,784,785,520,640,641,776,650,528,529
652: 651,659,785,521,641,777,642,529
653: 645,646,654,779,786,523,530
654: 646,653,780,786,524,530,531,647,655,660,787
655: 647,648,660,661,781,787,788,654,525,531,532,656
656: 649,657,662,782,789,532,648,655,661,788,526,533
657: 649,650,656,662,663,783,789,790,527,533,534,658
658: 651,659,784,534,650,657,663,790,528
659: 651,652,658,785,529
660: 655,661,787,654,531
661: 655,660,788,532,656,662
662: 656,657,663,789,661,533
663: 657,662,790,534,658
664: 539,671,672,791,665
665: 535,540,666,673,792,664,672
666: 535,541,665,673,793,536,667,674
667: 536,537,542,668,674,675,794,666
668: 537,543,667,675,795,669,676
669: 544,676,677,668,796
670: 545,797,538,671,679,680
671: 538,539,546,664,672,798,670,791,680,681
672: 539,547,664,671,799,791,540,665,673,792,681,682
673: 540,541,548,665,666,792,793,800,672,674,682,683
674: 542,549,667,675,794,801,541,666,673,793,683,684
675: 542,543,550,667,668,674,794,802,795,676,684,685
676: 544,551,669,677,803,543,668,675,795,796,685,686
677: 544,552,669,676,804,796,678,686,687
678: 553,677,687,688
679: 554,689,690,805,545,670,797,680
680: 555,681,691,806,545,670,797,546,671,798,679,690
681: 556,680,691,692,807,546,547,671,672,799,798,682
682: 557,683,693,808,547,672,799,548,673,800,681,692
683: 558,682,693,809,548,673,800,549,674,801,684,694
684: 559,685,694,695,810,549,550,674,675,802,801,683
685: 560,684,695,811,550,675,802,551,676,803,686,696
686: 561,687,696,697,812,551,552,676,677,804,803,685
687: 562,686,697,813,552,677,804,553,678,688,698
688: 563,698,699,814,553,678,687
689: 554,564,679,690,805,815,700,701
690: 554,565,679,689,805,816,555,680,691,806,701,702
691: 555,556,566,680,681,692,806,807,817,690,702,703
692: 556,567,681,691,807,818,557,682,693,808,703,704
693: 557,558,568,682,683,808,809,819,692,694,704,705
694: 559,569,684,695,810,820,558,683,693,809,705,706
695: 559,560,570,684,685,694,810,811,821,696,706,707
696: 561,571,686,697,812,822,560,685,695,811,707,708
697: 561,562,572,686,687,696,812,813,823,698,708,709
698: 563,573,688,699,814,824,562,687,697,813,709,710
699: 563,574,688,698,814,825,710,711
700: 575,701,712,564,689,815,826
701: 576,700,712,713,827,564,565,689,690,815,816,702
702: 577,703,714,828,565,690,816,566,691,817,701,713
703: 578,702,714,715,829,566,567,691,692,817,818,704
704: 579,705,716,830,567,692,818,568,693,819,703,715
705: 580,704,716,831,568,693,819,569,694,820,706,717
706: 581,707,717,718,832,569,570,694,695,820,821,705
707: 582,706,718,833,570,695,821,571,696,822,708,719
708: 583,709,719,720,834,571,572,696,697,822,823,707
709: 584,708,720,835,572,697,823,573,698,824,710,721
710: 585,711,721,722,836,573,574,698,699,824,825,709
711: 586,710,722,574,699,825
712: 575,576,587,700,701,713,827,837,826,723,724
713: 576,588,701,712,838,827,577,702,714,828,724,725
714: 577,578,589,702,703,715,828,829,839,713,725,726
715: 578,590,703,714,829,840,579,704,716,830,726,727
716: 579,580,591,704,705,830,831,841,715,717,727,728
717: 581,592,706,718,832,842,580,705,716,831,728,729
718: 581,582,593,706,707,717,832,833,843,719,729,730
719: 583,594,708,720,834,844,582,707,718,833,730,731
720: 583,584,595,708,709,719,834,835,845,721,731,732
721: 585,596,710,722,836,846,584,709,720,835,732,733
722: 585,586,597,710,711,721,836,847,733,734
723: 598,724,735,848,587,712,837
724: 599,723,735,736,849,587,588,712,713,838,837,725
725: 600,726,737,850,588,713,838,589,714,839,724,736
726: 601,725,737,738,851,589,590,714,715,839,840,727
727: 602,728,739,852,590,715,840,591,716,841,726,738
728: 603,727,739,853,591,716,841,592,717,842,729,740
729: 604,730,740,741,854,592,593,717,718,842,843,728
730: 605,729,741,855,593,718,843,594,719,844,731,742
731: 606,732,742,743,856,594,595,719,720,844,845,730
732: 607,731,743,857,595,720,845,596,721,846,733,744
733: 608,734,744,745,858,596,597,721,722,846,847,732
734: 609,733,745,859,597,722,847
735: 598,599,610,723,724,736,746,747,848,849,860
736: 599,611,724,735,747,849,861,600,725,737,748,850
737: 600,601,612,725,726,738,748,749,850,851,862,736
738: 601,613,726,737,749,851,863,602,727,739,750,852
739: 602,603,614,727,728,750,751,852,853,864,738,740
740: 604,615,729,741,752,854,865,603,728,739,751,853
741: 604,605,616,729,730,740,752,753,854,855,866,742
742: 606,617,731,743,754,856,867,605,730,741,753,855
743: 606,607,618,731,732,742,754,755,856,857,868,744
744: 608,619,733,745,756,858,869,607,732,743,755,857
745: 608,609,620,733,734,744,756,757,858,859,870
746: 610,735,747,860,621,758
747: 610,611,735,736,746,860,861,748,622,758,759,871
748: 612,737,749,862,611,736,747,861,759,623,760,872
749: 612,613,737,738,748,862,863,750,624,760,761,873
750: 614,739,751,864,613,738,749,863,761,625,762,874
751: 614,739,750,864,615,740,752,865,626,762,875,763
752: 615,616,740,741,753,865,866,751,627,763,764,876
753: 616,741,752,866,617,742,754,867,628,764,877,765
754: 617,618,742,743,755,867,868,753,629,765,766,878
755: 618,743,754,868,619,744,756,869,630,766,879,767
756: 619,620,744,745,757,869,870,755,631,767,768,880
757: 620,745,756,870,632,768
758: 621,622,633,759,769,871,746,747
759: 622,634,758,769,871,881,747,748,623,760,770,872
760: 623,624,635,761,770,771,872,873,882,748,749,759
761: 624,636,760,771,873,883,749,750,625,762,772,874
762: 625,626,637,772,773,874,875,884,750,751,761,763
763: 627,638,764,774,876,885,751,752,626,762,773,875
764: 627,628,639,763,774,775,876,877,886,752,753,765
765: 629,640,766,776,878,887,753,754,628,764,775,877
766: 629,630,641,765,776,777,878,879,888,754,755,767
767: 631,642,768,778,880,889,755,756,630,766,777,879
768: 631,632,643,767,778,880,756,757
769: 633,634,758,759,881,770,644
770: 635,760,771,882,634,759,769,881,645,779,890
771: 635,636,760,761,770,882,883,772,646,779,780,891
772: 637,762,773,884,636,761,771,883,780,647,781,892
773: 637,762,772,884,638,763,774,885,648,781,893,782
774: 638,639,763,764,775,885,886,773,649,782,783,894
775: 639,764,774,886,640,765,776,887,650,783,895,784
776: 640,641,765,766,777,887,888,775,651,784,785,896
777: 641,766,776,888,642,767,778,889,652,785,897
778: 642,643,767,768,889,777
779: 645,646,653,780,786,890,891,770,771,898
780: 646,654,779,786,891,899,771,772,647,781,787,892
781: 647,648,655,787,788,892,893,900,772,773,780,782
782: 649,656,783,789,894,901,773,774,648,781,788,893
783: 649,650,657,782,789,790,894,895,902,774,775,784
784: 651,658,785,896,903,775,776,650,783,790,895
785: 651,652,659,784,896,897,904,776,777
786: 653,654,779,780,899,898,787
787: 655,660,781,788,900,654,780,786,899
788: 655,661,781,787,900,905,656,782,789,901
789: 656,657,662,782,783,790,901,902,906,788
790: 657,663,783,789,902,658,784,903
791: 910,911,664,671,672,799,798,792
792: 665,673,793,800,672,799,911,791,907,912
793: 666,673,792,800,908,912,674,794,801,913
794: 667,674,675,802,801,793,909,913,914,795
795: 914,668,675,794,802,676,803,915,796
796: 915,916,795,669,676,677,804,803
797: 670,798,679,805,680,806,917
798: 671,799,797,910,791,680,681,806,807,917,918
799: 672,798,911,791,792,800,681,807,918,682,808,919
800: 673,792,793,799,912,801,682,683,808,809,919,920
801: 674,794,802,793,800,913,683,809,920,684,810,921
802: 675,794,801,914,795,803,684,685,810,811,921,922
803: 676,804,802,795,915,796,685,811,922,686,812,923
804: 677,803,916,796,686,687,812,813,923,924
805: 679,689,690,815,816,797,925,806
806: 680,691,807,817,797,798,690,805,816,925,917,926
807: 681,691,692,806,817,818,799,798,918,926,927,808
808: 682,693,809,819,799,800,692,807,818,927,919,928
809: 683,693,808,819,800,801,920,928,694,810,820,929
810: 684,694,695,811,820,821,802,801,809,921,929,930
811: 685,695,810,821,802,803,922,930,696,812,822,931
812: 686,696,697,813,822,823,804,803,811,923,931,932
813: 687,697,812,823,804,924,932,698,814,824,933
814: 688,698,699,824,825,813,933
815: 689,805,816,700,701,827,934,826
816: 690,805,815,925,806,817,701,827,934,702,828,935
817: 691,806,807,818,816,926,702,703,828,829,935,936
818: 692,807,817,927,808,819,703,829,936,704,830,937
819: 693,808,809,818,928,820,704,705,830,831,937,938
820: 694,810,821,809,819,929,705,831,938,706,832,939
821: 695,810,811,820,930,822,706,707,832,833,939,940
822: 696,812,823,811,821,931,707,833,940,708,834,941
823: 697,812,813,822,932,824,708,709,834,835,941,942
824: 698,814,825,813,823,933,709,835,942,710,836,943
825: 699,814,824,710,711,836,943
826: 944,815,700,712,827,837
827: 701,712,713,838,837,815,816,934,944,945,826,828
828: 702,714,829,839,816,817,713,838,827,945,935,946
829: 703,714,715,828,839,840,817,818,936,946,947,830
830: 704,716,831,841,818,819,715,829,840,947,937,948
831: 705,716,830,841,819,820,938,948,717,832,842,949
832: 706,717,718,833,842,843,820,821,831,939,949,950
833: 707,718,832,843,821,822,940,950,719,834,844,951
834: 708,719,720,835,844,845,822,823,833,941,951,952
835: 709,720,834,845,823,824,942,952,721,836,846,953
836: 710,721,722,846,847,824,825,835,943,953,954
837: 712,838,827,944,826,723,724,848,849,955
838: 713,827,837,945,828,839,724,849,955,725,850,956
839: 714,828,829,840,838,946,725,726,850,851,956,957
840: 715,829,839,947,830,841,726,851,957,727,852,958
841: 716,830,831,840,948,842,727,728,852,853,958,959
842: 717,832,843,831,841,949,728,853,959,729,854,960
843: 718,832,833,842,950,844,729,730,854,855,960,961
844: 719,834,845,833,843,951,730,855,961,731,856,962
845: 720,834,835,844,952,846,731,732,856,857,962,963
846: 721,836,847,835,845,953,732,857,963,733,858,964
847: 722,836,846,954,733,734,858,859,964
848: 723,735,849,860,837,965
849: 724,735,736,848,860,861,838,837,955,965,966,850
850: 725,737,851,862,838,839,736,849,861,966,956,967
851: 726,737,738,850,862,863,839,840,957,967,968,852
852: 727,739,853,864,840,841,738,851,863,968,958,969
853: 728,739,852,864,841,842,959,969,740,854,865,970
854: 729,740,741,855,865,866,842,843,853,960,970,971
855: 730,741,854,866,843,844,961,971,742,856,867,972
856: 731,742,743,857,867,868,844,845,855,962,972,973
857: 732,743,856,868,845,846,963,973,744,858,869,974
858: 733,744,745,859,869,870,846,847,857,964,974,975
859: 734,745,858,870,847,975
860: 735,746,747,848,849,861,965,976,871
861: 736,747,849,860,966,976,748,850,862,977,871,872
862: 737,748,749,850,851,863,861,967,977,978,872,873
863: 738,749,851,862,968,978,750,852,864,979,873,874
864: 739,750,751,852,853,863,969,979,980,865,874,875
865: 740,752,854,866,751,853,864,980,970,981,875,876
866: 741,752,753,854,855,865,971,981,982,867,876,877
867: 742,754,856,868,753,855,866,982,972,983,877,878
868: 743,754,755,856,857,867,973,983,984,869,878,879
869: 744,756,858,870,755,857,868,984,974,985,879,880
870: 745,756,757,858,859,869,975,985,880
871: 758,759,881,747,860,861,976,986,872
872: 760,873,882,861,748,862,977,759,871,881,986,987
873: 760,761,872,882,883,749,862,863,978,987,988,874
874: 762,875,884,863,750,864,979,761,873,883,988,989
875: 762,874,884,751,864,980,865,989,763,876,885,990
876: 763,764,877,885,886,752,865,866,981,875,990,991
877: 764,876,886,753,866,982,867,991,765,878,887,992
878: 765,766,879,887,888,754,867,868,983,877,992,993
879: 766,878,888,755,868,984,869,993,767,880,889,994
880: 767,768,889,756,869,870,985,879,994
881: 759,769,871,986,770,872,882,995,890
882: 760,770,771,872,873,883,881,987,995,996,890,891
883: 761,771,873,882,988,996,772,874,884,997,891,892
884: 762,772,773,874,875,883,989,997,998,885,892,893
885: 763,774,876,886,773,875,884,998,990,999,893,894
886: 764,774,775,876,877,885,991,999,1000,887,894,895
887: 765,776,878,888,775,877,886,1000,992,1001,895,896
888: 766,776,777,878,879,887,993,1001,1002,889,896,897
889: 767,778,880,777,879,888,1002,994,897
890: 779,891,881,770,882,995,898
891: 779,780,890,899,771,882,883,996,1003,898,892
892: 781,893,900,883,772,884,997,780,891,899,1003,1004
893: 781,892,900,773,884,998,885,1004,782,894,901,1005
894: 782,783,895,901,902,774,885,886,999,893,1005,1006
895: 783,894,902,775,886,1000,887,1006,784,896,903,1007
896: 784,785,897,903,904,776,887,888,1001,895,1007
897: 785,896,904,777,888,1002,889
898: 779,786,890,891,899
899: 780,786,891,1003,898,787,892,900
900: 781,787,788,892,893,905,899,1004,901
901: 782,789,894,902,906,788,893,900,905,1005
902: 783,789,790,894,895,901,906,1006,903
903: 784,896,904,790,895,902,1007
904: 785,896,897,903
905: 788,900,901,906
906: 789,901,902,905
907: 908,912,911,792
908: 907,912,793,909,913
909: 913,914,908,794
910: 911,791,798,917,918
911: 910,1008,791,799,792,907,912,918,919
912: 907,908,1009,911,792,793,800,913,919,920
913: 909,914,1010,793,908,912,794,801,920,921
914: 909,913,1011,795,794,802,915,921,922
915: 916,1012,796,914,795,803,922,923
916: 915,796,804,923,924
917: 918,926,1013,797,798,910,925,806
918: 917,926,927,1014,799,798,910,911,1008,807,919
919: 920,928,1015,799,911,1008,800,912,1009,918,927,808
920: 919,928,1016,800,912,1009,801,913,1010,809,921,929
921: 922,929,930,1017,802,801,913,914,1010,1011,920,810
922: 921,930,1018,802,914,1011,803,915,1012,811,923,931
923: 924,931,932,1019,804,803,915,916,1012,922,812
924: 923,932,1020,804,916,813,933
925: 1021,805,816,806,917,926,1013,934,935
926: 917,918,927,1013,1014,1022,925,806,807,817,935,936
927: 918,926,1014,1023,807,818,808,919,928,1015,936,937
928: 919,920,1015,1016,1024,927,808,809,819,929,937,938
929: 921,930,1017,1025,809,920,928,1016,810,820,938,939
930: 921,922,929,1017,1018,1026,810,811,821,931,939,940
931: 923,932,1019,1027,811,922,930,1018,812,822,940,941
932: 923,924,931,1019,1020,1028,812,813,823,933,941,942
933: 1029,813,924,932,1020,814,824,942,943
934: 944,945,1030,815,816,925,1021,827,935
935: 936,946,1031,816,925,1021,817,926,1022,934,945,828
936: 935,946,947,1032,817,818,926,927,1022,1023,829,937
937: 938,948,1033,818,927,1023,819,928,1024,936,947,830
938: 937,948,1034,819,928,1024,820,929,1025,831,939,949
939: 940,949,950,1035,820,821,929,930,1025,1026,938,832
940: 939,950,1036,821,930,1026,822,931,1027,833,941,951
941: 942,951,952,1037,822,823,931,932,1027,1028,940,834
942: 941,952,1038,823,932,1028,824,933,1029,835,943,953
943: 953,954,824,825,933,1029,942,836
944: 934,945,1030,826,827,837,955
945: 934,944,1030,1039,838,827,828,935,946,1031,955,956
946: 935,936,947,1031,1032,1040,945,828,829,839,956,957
947: 936,946,1032,1041,829,840,830,937,948,1033,957,958
948: 937,938,1033,1034,1042,947,830,831,841,949,958,959
949: 939,950,1035,1043,831,938,948,1034,832,842,959,960
950: 939,940,949,1035,1036,1044,832,833,843,951,960,961
951: 941,952,1037,1045,833,940,950,1036,834,844,961,962
952: 941,942,951,1037,1038,1046,834,835,845,953,962,963
953: 943,954,1047,835,942,952,1038,836,846,963,964
954: 943,953,836,847,964
955: 965,966,1048,838,837,944,945,1039,849,956
956: 957,967,1049,838,945,1039,839,946,1040,955,966,850
957: 956,967,968,1050,839,840,946,947,1040,1041,851,958
958: 959,969,1051,840,947,1041,841,948,1042,957,968,852
959: 958,969,1052,841,948,1042,842,949,1043,853,960,970
960: 961,970,971,1053,842,843,949,950,1043,1044,959,854
961: 960,971,1054,843,950,1044,844,951,1045,855,962,972
962: 963,972,973,1055,844,845,951,952,1045,1046,961,856
963: 962,973,1056,845,952,1046,846,953,1047,857,964,974
964: 974,975,1057,846,847,953,954,1047,963,858
965: 955,966,976,1048,848,849,860
966: 955,965,976,1048,1058,849,861,850,956,967,977,1049
967: 956,957,968,977,978,1049,1050,1059,966,850,851,862
968: 957,967,978,1050,1060,851,863,852,958,969,979,1051
969: 958,959,979,980,1051,1052,1061,968,852,853,864,970
970: 960,971,981,1053,1062,853,959,969,980,1052,854,865
971: 960,961,970,981,982,1053,1054,1063,854,855,866,972
972: 962,973,983,1055,1064,855,961,971,982,1054,856,867
973: 962,963,972,983,984,1055,1056,1065,856,857,868,974
974: 964,975,985,1057,1066,857,963,973,984,1056,858,869
975: 964,974,985,1057,858,859,870
976: 965,966,1058,860,861,977,871,986
977: 967,978,1059,861,966,976,1058,862,986,872,987,1067
978: 967,968,977,1059,1060,862,863,979,873,987,988,1068
979: 969,980,1061,863,968,978,1060,864,988,874,989,1069
980: 969,979,1061,864,865,970,981,1062,875,989,1070,990
981: 970,971,982,1062,1063,980,865,866,876,990,991,1071
982: 971,981,1063,866,867,972,983,1064,877,991,1072,992
983: 972,973,984,1064,1065,982,867,868,878,992,993,1073
984: 973,983,1065,868,869,974,985,1066,879,993,1074,994
985: 974,975,1066,984,869,870,880,994
986: 976,977,871,881,872,987,995,1067
987: 988,995,996,1067,1068,1075,977,978,986,872,873,882
988: 987,996,1068,1076,978,979,873,883,874,989,997,1069
989: 997,998,1069,1070,1077,979,980,988,874,875,884,990
990: 991,999,1071,1078,980,981,875,989,998,1070,876,885
991: 990,999,1000,1071,1072,1079,981,982,876,877,886,992
992: 993,1001,1073,1080,982,983,877,991,1000,1072,878,887
993: 992,1001,1002,1073,1074,1081,983,984,878,879,888,994
994: 984,985,879,993,1002,1074,880,889
995: 987,996,1075,881,986,882,890
996: 987,988,995,1075,1076,882,883,997,891,1003,1082
997: 989,998,1077,883,988,996,1076,884,1003,892,1004,1083
998: 989,997,1077,884,885,990,999,1078,893,1004,1084,1005
999: 990,991,1000,1078,1079,998,885,886,894,1005,1006,1085
1000: 991,999,1079,886,887,992,1001,1080,895,1006,1086,1007
1001: 992,993,1002,1080,1081,1000,887,888,896,1007,1087
1002: 993,1001,1081,888,889,994,897
1003: 1082,996,997,891,899,892,1004,1083
1004: 1083,1084,997,998,1003,892,893,900,1005
1005: 1006,1085,1088,998,999,893,1004,1084,894,901
1006: 1005,1085,1086,999,1000,894,895,902,1007
1007: 1087,1000,1001,895,1006,1086,896,903
1008: 911,1009,918,1014,919,1015,1089
1009: 912,1008,1010,919,920,1015,1016,1089,1090
1010: 913,1011,1009,920,1016,1090,921,1017,1091
1011: 914,1010,1012,921,922,1017,1018,1091,1092
1012: 915,1011,922,1018,1092,923,1019
1013: 917,926,1014,1022,925,1021,1093
1014: 918,926,927,1013,1022,1023,1008,1093,1094,1015
1015: 919,928,1016,1024,1008,1009,927,1014,1023,1094,1089,1095
1016: 920,928,1015,1024,1009,1010,1090,1095,929,1017,1025,1096
1017: 921,929,930,1018,1025,1026,1010,1011,1016,1091,1096,1097
1018: 922,930,1017,1026,1011,1012,1092,1097,931,1019,1027,1098
1019: 923,931,932,1020,1027,1028,1012,1018,1098,1099
1020: 924,932,1019,1028,1099,933,1029
1021: 925,1013,1022,934,1030,935,1031,1100
1022: 926,1013,1014,1023,1021,1093,935,936,1031,1032,1100,1101
1023: 927,1014,1022,1094,1015,1024,936,1032,1101,937,1033,1102
1024: 928,1015,1016,1023,1095,1025,937,938,1033,1034,1102,1103
1025: 929,1017,1026,1016,1024,1096,938,1034,1103,939,1035,1104
1026: 930,1017,1018,1025,1097,1027,939,940,1035,1036,1104,1105
1027: 931,1019,1028,1018,1026,1098,940,1036,1105,941,1037,1106
1028: 932,1019,1020,1027,1099,1029,941,942,1037,1038,1106,1107
1029: 933,1020,1028,942,1038,1107,943
1030: 934,944,945,1039,1021,1031
1031: 935,946,1032,1040,1021,1022,945,1030,1039,1100,1108
1032: 936,946,947,1031,1040,1041,1022,1023,1101,1108,1109,1033
1033: 937,948,1034,1042,1023,1024,947,1032,1041,1109,1102,1110
1034: 938,948,1033,1042,1024,1025,1103,1110,949,1035,1043,1111
1035: 939,949,950,1036,1043,1044,1025,1026,1034,1104,1111,1112
1036: 940,950,1035,1044,1026,1027,1105,1112,951,1037,1045,1113
1037: 941,951,952,1038,1045,1046,1027,1028,1036,1106,1113,1114
1038: 942,952,1037,1046,1028,1029,1107,1114,953,1047
1039: 945,1030,1031,1040,955,1048,956,1049,1115
1040: 946,1031,1032,1041,1039,1108,956,957,1049,1050,1115,1116
1041: 947,1032,1040,1109,1033,1042,957,1050,1116,958,1051,1117
1042: 948,1033,1034,1041,1110,1043,958,959,1051,1052,1117,1118
1043: 949,1035,1044,1034,1042,1111,959,1052,1118,960,1053,1119
1044: 950,1035,1036,1043,1112,1045,960,961,1053,1054,1119,1120
1045: 951,1037,1046,1036,1044,1113,961,1054,1120,962,1055,1121
1046: 952,1037,1038,1045,1114,1047,962,963,1055,1056,1121,1122
1047: 953,1038,1046,963,1056,1122,964,1057
1048: 955,965,966,1058,1039,1049
1049: 956,967,1050,1059,1039,1040,966,1048,1058,1115,1123
1050: 957,967,968,1049,1059,1060,1040,1041,1116,1123,1124,1051
1051: 958,969,1052,1061,1041,1042,968,1050,1060,1124,1117,1125
1052: 959,969,1051,1061,1042,1043,1118,1125,970,1053,1062,1126
1053: 960,970,971,1054,1062,1063,1043,1044,1052,1119,1126,1127
1054: 961,971,1053,1063,1044,1045,1120,1127,972,1055,1064,1128
1055: 962,972,973,1056,1064,1065,1045,1046,1054,1121,1128,1129
1056: 963,973,1055,1065,1046,1047,1122,1129,974,1057,1066
1057: 964,974,975,1066,1047,1056
1058: 966,976,1048,977,1049,1059,1130,1067
1059: 967,977,978,1049,1050,1060,1058,1123,1130,1131,1067,1068
1060: 968,978,1050,1059,1124,1131,979,1051,1061,1132,1068,1069
1061: 969,979,980,1051,1052,1060,1125,1132,1133,1062,1069,1070
1062: 970,981,1053,1063,980,1052,1061,1133,1126,1134,1070,1071
1063: 971,981,982,1053,1054,1062,1127,1134,1135,1064,1071,1072
1064: 972,983,1055,1065,982,1054,1063,1135,1128,1136,1072,1073
1065: 973,983,984,1055,1056,1064,1129,1136,1066,1073,1074
1066: 974,985,1057,984,1056,1065,1074
1067: 987,1068,1075,1058,977,1059,1130,986
1068: 987,988,1067,1075,1076,978,1059,1060,1131,1069,1137
1069: 989,1070,1077,1060,979,1061,1132,988,1068,1076,1138,1137
1070: 989,1069,1077,980,1061,1133,1062,1138,990,1071,1078,1139
1071: 990,991,1072,1078,1079,981,1062,1063,1134,1070,1139,1140
1072: 991,1071,1079,982,1063,1135,1064,1140,992,1073,1080,1141
1073: 992,993,1074,1080,1081,983,1064,1065,1136,1072,1141
1074: 993,1073,1081,984,1065,1066,994
1075: 987,995,996,1067,1068,1076,1082
1076: 988,996,1068,1075,997,1069,1077,1142,1137,1082,1083
1077: 989,997,998,1069,1070,1076,1138,1142,1143,1078,1083,1084
1078: 990,999,1071,1079,998,1070,1077,1143,1139,1144,1084,1085
1079: 991,999,1000,1071,1072,1078,1140,1144,1145,1080,1085,1086
1080: 992,1001,1073,1081,1000,1072,1079,1145,1141,1086,1087
1081: 993,1001,1002,1073,1074,1080,1087
1082: 1003,996,1075,1076,1083
1083: 1004,1084,1076,997,1077,1142,1003,1082
1084: 1004,1083,998,1077,1143,1078,1005,1085,1088
1085: 1005,1006,1086,1088,999,1078,1079,1144,1084
1086: 1006,1085,1000,1079,1145,1080,1007,1087
1087: 1007,1001,1080,1081,1086
1088: 1005,1085,1084
1089: 1090,1095,1008,1009,1094,1015
1090: 1089,1095,1009,1010,1016,1091,1096
1091: 1092,1096,1097,1010,1011,1090,1017
1092: 1091,1097,1011,1012,1018,1098
1093: 1094,1013,1014,1022,1100,1101
1094: 1093,1014,1023,1015,1089,1095,1101,1102
1095: 1089,1090,1146,1094,1015,1016,1024,1096,1102,1103
1096: 1091,1097,1147,1016,1090,1095,1017,1025,1103,1104
1097: 1091,1092,1096,1148,1017,1018,1026,1098,1104,1105
1098: 1099,1018,1092,1097,1019,1027,1105,1106
1099: 1098,1019,1020,1028,1106,1107
1100: 1101,1108,1021,1022,1093,1031
1101: 1100,1108,1109,1022,1023,1093,1094,1032,1102
1102: 1103,1110,1149,1023,1094,1024,1095,1146,1101,1109,1033
1103: 1102,1110,1150,1024,1095,1146,1025,1096,1147,1034,1104,1111
1104: 1105,1111,1112,1151,1025,1026,1096,1097,1147,1148,1103,1035
1105: 1104,1112,1152,1026,1097,1148,1027,1098,1036,1106,1113
1106: 1107,1113,1114,1027,1028,1098,1099,1105,1037
1107: 1106,1114,1028,1099,1029,1038
1108: 1100,1101,1109,1031,1032,1040,1115,1116
1109: 1101,1108,1032,1041,1033,1102,1110,1149,1153,1116,1117
1110: 1102,1103,1149,1150,1154,1109,1033,1034,1042,1111,1117,1118
1111: 1104,1112,1151,1155,1034,1103,1110,1150,1035,1043,1118,1119
1112: 1104,1105,1111,1151,1152,1156,1035,1036,1044,1113,1119,1120
1113: 1106,1114,1157,1036,1105,1112,1152,1037,1045,1120,1121
1114: 1106,1107,1113,1037,1038,1046,1121,1122
1115: 1116,1123,1039,1040,1108,1049
1116: 1115,1123,1124,1158,1040,1041,1108,1109,1153,1050,1117
1117: 1118,1125,1159,1041,1109,1042,1110,1154,1153,1116,1124,1051
1118: 1117,1125,1160,1042,1110,1154,1043,1111,1155,1052,1119,1126
1119: 1120,1126,1127,1161,1043,1044,1111,1112,1155,1156,1118,1053
1120: 1119,1127,1162,1044,1112,1156,1045,1113,1157,1054,1121,1128
1121: 1122,1128,1129,1163,1045,1046,1113,1114,1157,1120,1055
1122: 1121,1129,1046,1114,1047,1056
1123: 1115,1116,1124,1130,1131,1158,1049,1050,1059
1124: 1116,1123,1131,1158,1050,1060,1051,1117,1125,1132,1159,1164
1125: 1117,1118,1132,1133,1159,1160,1165,1124,1051,1052,1061,1126
1126: 1119,1127,1134,1161,1166,1052,1118,1125,1133,1160,1053,1062
1127: 1119,1120,1126,1134,1135,1161,1162,1167,1053,1054,1063,1128
1128: 1121,1129,1136,1163,1168,1054,1120,1127,1135,1162,1055,1064
1129: 1121,1122,1128,1136,1163,1055,1056,1065
1130: 1123,1131,1058,1059,1067
1131: 1123,1124,1130,1059,1060,1132,1164,1068,1137
1132: 1125,1133,1165,1164,1060,1124,1131,1061,1069,1138,1169,1137
1133: 1125,1132,1165,1061,1062,1126,1134,1166,1070,1138,1170,1139
1134: 1126,1127,1135,1166,1167,1133,1062,1063,1071,1139,1140,1171
1135: 1127,1134,1167,1063,1064,1128,1136,1168,1072,1140,1172,1141
1136: 1128,1129,1168,1135,1064,1065,1073,1141
1137: 1138,1142,1169,1131,1132,1068,1076,1069
1138: 1142,1143,1169,1170,1137,1132,1133,1069,1070,1077,1139
1139: 1140,1144,1171,1133,1134,1070,1138,1143,1170,1071,1078
1140: 1139,1144,1145,1171,1172,1134,1135,1071,1072,1079,1141
1141: 1135,1136,1072,1140,1145,1172,1073,1080
1142: 1138,1143,1137,1076,1077,1083
1143: 1138,1142,1077,1078,1139,1144,1084
1144: 1139,1140,1145,1143,1078,1079,1085
1145: 1140,1144,1079,1080,1141,1086
1146: 1095,1147,1102,1103,1149,1150
1147: 1096,1148,1146,1103,1150,1104,1151
1148: 1097,1147,1104,1105,1151,1152
1149: 1102,1110,1150,1154,1153,1146,1109
1150: 1103,1110,1149,1154,1146,1147,1111,1151,1155
1151: 1104,1111,1112,1152,1155,1156,1147,1148,1150
1152: 1105,1112,1151,1156,1148,1113,1157
1153: 1149,1154,1109,1116,1158,1117,1159
1154: 1110,1149,1150,1153,1155,1117,1118,1159,1160
1155: 1111,1151,1156,1150,1154,1118,1160,1119,1161
1156: 1112,1151,1152,1155,1157,1119,1120,1161,1162
1157: 1113,1152,1156,1120,1162,1121,1163
1158: 1116,1123,1124,1153,1159,1164
1159: 1117,1125,1160,1165,1164,1154,1153,1124,1158
1160: 1118,1125,1159,1165,1154,1155,1126,1161,1166
1161: 1119,1126,1127,1162,1166,1167,1155,1156,1160
1162: 1120,1127,1161,1167,1156,1157,1128,1163,1168
1163: 1121,1128,1129,1168,1157,1162
1164: 1132,1159,1165,1124,1131,1158,1169
1165: 1125,1132,1133,1159,1160,1164,1166,1169,1170
1166: 1126,1134,1161,1167,1133,1160,1165,1170,1171
1167: 1127,1134,1135,1161,1162,1166,1168,1171,1172
1168: 1128,1136,1163,1135,1162,1167,1172
1169: 1138,1170,1137,1132,1165,1164
1170: 1138,1169,1133,1165,1166,1139,1171
1171: 1139,1140,1172,1134,1166,1167,1170
1172: 1140,1171,1135,1167,1168,1141