0: 378,10,1
1: 0,378,348
2: 380,348,3,13
3: 13,4,350,422
4: 350,5
5: 4,351,350,15
6: 17,351,352,16
7: 352,17,373,438,18
8: 373,443
9: 461,374,377
10: 0,378,9,377,24
11: 24,12,478,25
12: 380,11,404,26,25
13: 3,380,422,404
14: 350,422,15,493,27,28
15: 430,493,350,5,14,16
16: 496,6,17,15,430
17: 6,7,352,496,16,438
18: 7,373,438,19,31,32
19: 336,373,443,18,32,33
20: 443,336,445
21: 458,22,354,36
22: 374,461,21,23,37,36,358
23: 37,461,377,465,38
24: 377,11,465,478
25: 26,363,11,12,478,39
26: 25,363,12,404,27,41
27: 41,422,404,14,26,28,387
28: 387,14,493,27,43
29: 430,493,30,43,44,427
30: 430,496,29,501,427
31: 501,434,438,18,32,46
32: 46,18,19,31,33,47
33: 444,47,19,336,32
34: 48,336,445,33,444,447
35: 467,354
36: 356,358,21,22,354,53
37: 23,461,22,358,55,38
38: 56,23,37,465,359,55
39: 478,359,25,363,362,40
40: 362,39,363,58,57,490
41: 27,26,363,387,58,59,42
42: 59,41,387,507,495
43: 44,60,28,387,29,507
44: 43,60,29,514,427,61
45: 514,427,434,63,62
46: 32,31,434,47,63,518,521
47: 33,444,32,46,521,524
48: 34,444,447,524,66,49
49: 332,48,447,66,50,67
50: 451,447,332,49
51: 467,462,52
52: 536,467,51,53,411
53: 354,467,36,356,52,411,72
54: 72,356,358,55,419,73
55: 37,358,38,56,54,419,74
56: 38,359,55,362,74,57,75
57: 75,424,56,362,40,490,76
58: 363,41,40,59,490,77
59: 42,41,58,490,77,495
60: 43,44,507,431,61,79
61: 79,44,60,514,456,80
62: 81,476,45,514,63,456
63: 434,46,45,518,476,62
64: 82,518,521,476,480,83
65: 480,84,521,524,66,482
66: 444,524,49,65,482,67
67: 485,85,66,332,49,482
68: 332,451,485,87,86
69: 395,462,70,494
70: 462,536,69,494,90,89
71: 91,536,411,90,499
72: 54,53,356,411,91,504,73
73: 504,72,54,419,93
74: 55,56,419,75,93,509,94
75: 57,424,56,362,74,94
76: 96,57,424,490,77,95,516
77: 495,78,58,59,490,76,516
78: 77,495,431,97,516,437
79: 61,60,431,437,80,335
80: 335,61,79,456,100,99
81: 476,62,456,82,100,342,101
82: 64,81,476,101,102,83
83: 102,64,82,480,406,401
84: 65,480,482,406,104
85: 67,485,482,104,105,409
86: 412,485,68,105,106
87: 343,68,86,426,106
88: 494
89: 109,90,70,494,108
90: 109,89,70,71,110,499
91: 71,411,72,504,499,111
92: 112,504,93,111,344,113
93: 419,74,504,73,509,92
94: 95,74,75,424,509,114,532
95: 94,424,96,76,114,532,115
96: 76,95,97,516,115,116
97: 516,78,96,437,116,117,98
98: 117,400,97,437,335,118
99: 100,342,80,335,118,119,120
100: 342,99,456,81,80
101: 81,82,342,102,375
102: 83,82,101,401,375,121
103: 122,406,401,104,498,123
104: 84,482,85,406,409,103,498
105: 409,485,85,412,86,124
106: 107,426,87,412,86,511
107: 426,106,511,127
108: 494,109,89,128,129
109: 90,89,108,110,129,130
110: 499,109,90,111,130,526,131
111: 344,91,504,110,499,92,131
112: 92,344,113,345,133
113: 509,112,92,114,134,133
114: 532,134,509,95,94,113
115: 95,96,532,116,364,366,136
116: 96,97,115,117,136,137
117: 400,98,97,116,137,367
118: 335,99,400,98,119,407
119: 120,342,99,118,407,483
120: 119,342,99,489,375,483
121: 102,401,375,141,122,142
122: 103,401,121,123,142,143
123: 498,439,103,122,143,144
124: 105,409,412,498,439,125,145
125: 511,412,124,145,146
126: 125,511,146,147,474
127: 107,474
128: 108
129: 130,108,109,148,149,479
130: 129,109,110,526,149,150
131: 132,110,111,344,526
132: 131,344,526,345,151,152
133: 360,491,112,113,134,345
134: 114,532,113,360,133,135,364
135: 364,134,360,366,154,500
136: 366,115,116,137,506
137: 506,116,117,136,367
138: 367,400,407,158,157,512
139: 140,483,407,158,515,159
140: 483,139,489,413,159,160
141: 489,375,121,413,142
142: 162,141,121,122,413,143,161
143: 122,123,142,162,144,520,163
144: 439,123,143,164,163
145: 164,439,124,125,146,165
146: 125,145,147,165,166
147: 474,146,166,334
148: 169,128,479
149: 479,129,130,150,341,170
150: 526,149,151,170,171
151: 526,132,150,152,171,346
152: 132,345,491,151,173,346,172
153: 173,174,360,491,154
154: 360,135,153,174,398,500,175
155: 398,500,506,156,176,403
156: 177,506,155,157,403
157: 178,138,367,156,177,512
158: 407,138,139,515,512
159: 140,139,515,160,428,180
160: 181,140,413,159,161,180
161: 182,413,142,162,160,181
162: 142,143,161,182,520
163: 460,143,144,164,520,523,183
164: 145,439,144,163,165,523
165: 523,145,164,146,166,463,185
166: 463,146,147,165,334,186
167: 533,334,187,464
168: 169,466,188
169: 148,479,466,341
170: 190,149,150,341,468,171
171: 531,346,150,151,190,170
172: 192,152,173,346,365
173: 153,174,491,152,172,365
174: 153,173,154,194,365,175
175: 487,174,154,398,194,176,195
176: 503,195,155,398,175,403
177: 156,157,178,196,403,197
178: 157,177,179,512,197,198
179: 515,512,178,349,198,428
180: 199,428,159,160,181,200,355
181: 160,161,182,180,200,355,453
182: 161,162,181,520,453,183
183: 202,182,520,163,453,184
184: 204,460,183,202,203
185: 357,460,165,523,463,204,205
186: 205,166,463,334,187,206
187: 206,334,167,186,464
188: 209,168,466,384,189
189: 386,466,341,468,209,188,210
190: 170,468,171,531,210,211
191: 211,212,531,346,192,213
192: 172,346,365,191,213,193
193: 339,214,192,194,365,213
194: 365,174,175,487,193,214
195: 503,176,175,487,215,216
196: 403,177,503,197,508,420
197: 177,178,196,198,423,420
198: 349,178,179,197,428,423,219
199: 428,180,349,200,433,353
200: 355,181,199,180,440,353
201: 453,355,202,440,222,535
202: 183,453,201,184,535,223,203
203: 224,202,184,204,223,446,418
204: 184,460,185,357,203,446
205: 186,463,185,357,206,449,226
206: 187,205,186,226,227
207: 464,382
208: 384,209,459,228
209: 188,384,189,386,228
210: 468,190,189,386,211,229,389
211: 212,191,190,531,210,389,231
212: 211,191,213,231,391
213: 192,212,191,193,339,232,391
214: 193,339,194,487,215,393
215: 487,195,214,216,385,393,396
216: 503,195,215,508,396,414
217: 508,420,218,530,414,237
218: 423,420,217,219,237,394,238
219: 349,198,423,218,433,238
220: 239,433,221,353,240,534,258
221: 440,353,222,220,240,415
222: 535,201,221,440,416,415
223: 202,535,203,416,242,418
224: 203,446,243,244,418,225
225: 425,224,449,446,244,454
226: 205,206,449,227,435,454
227: 206,226,435,457
228: 459,209,386,229,247
229: 386,210,228,230,247,248
230: 389,229,231,248,471,505
231: 211,212,230,389,391,505,510
232: 391,213,339,233,338,513
233: 339,232,234,393,513,517
234: 385,393,233,235,517,519
235: 396,236,234,385,519,253,254
236: 235,396,530,414,254
237: 394,217,218,530,255,525
238: 408,218,219,433,394,239
239: 220,433,238,408,534
240: 221,220,415,259,258,241
241: 260,527,240,416,415,259
242: 223,416,243,418,527,261
243: 244,418,224,242,261,262
244: 243,418,224,425,225,262,263
245: 435,454,425,246,529,264
246: 457,435,245,264
247: 469,459,228,229,248
248: 229,230,469,247,471,368
249: 505,510,471,250,369,267
250: 251,338,249,510,267,268
251: 250,338,513,252,268,269
252: 513,517,251,519,269,372,270
253: 254,235,519,270,271,272
254: 253,235,236,530,522,255,272
255: 522,530,237,254,273,525
256: 257,408,273,525,379,274
257: 256,408,534,381,379,274,275
258: 259,220,240,534,381
259: 258,240,381,260,241,276,277
260: 527,241,259,277,278
261: 242,243,527,262,279,278
262: 243,244,261,263,279,528
263: 244,425,262,529,528,390
264: 245,246,529,281
265: 368,469,266,282
266: 369,265,368,282,283
267: 249,250,369,268,370,284
268: 250,251,267,269,285,417
269: 372,251,252,268,417
270: 252,519,253,372,271,287
271: 253,270,272,287,429,288
272: 376,253,254,522,271,288
273: 525,522,255,256,376,442,379
274: 257,256,379,275,291,452,448
275: 383,291,257,381,274
276: 381,259,383,277,293
277: 259,260,276,278,293,294
278: 472,279,260,527,261,277,294
279: 472,278,261,262,388,528
280: 390,388,528,296,297,432
281: 529,264,390,297
282: 265,266,283
283: 266,282,370,298
284: 370,410,267,268,285
285: 268,417,299,300
286: 347,287,372,417,300,301
287: 347,286,372,270,271,429
288: 303,289,271,272,376,361,429
289: 303,288,376,442,290,304
290: 442,289,305,448,304,397
291: 275,383,274,452,292
292: 383,291,452,307,293,306
293: 307,383,276,277,292,405,294
294: 405,277,472,278,293,295,309
295: 309,472,294,310,296
296: 310,388,280,295,432
297: 432,390,280,281,333
298: 337,283,370,410
299: 285,337,312,300
300: 312,313,285,417,286,299,301
301: 314,347,286,300,313,302
302: 347,361,314,301,392,315
303: 289,288,361,316,392,304
304: 397,303,289,290,316
305: 452,448,290,397,399
306: 475,318,452,292,307,399
307: 293,292,405,475,306,402
308: 405,309,402,421
309: 295,405,294,308,421
310: 296,295,309,421,481,311
311: 481,310,296,432
312: 300,313,299,436,340,441
313: 312,300,314,301,441,484
314: 301,313,302,484,450,315
315: 324,314,302,392,450,455
316: 392,303,304,397,488,455,326,470
317: 473,326,470,497,492,327
318: 475,306,399,473,319,497
319: 497,475,318,320
320: 475,402,319,502,477
321: 502,477,322
322: 421,481
323: 484,450,486
324: 315,450,488,455,486
325: 488,492
326: 470,316,488,317,492
327: 317,497,328
328: 319,497,327,329
329: 319,320,328
332: 49,451,50,67,485,68
333: 297,432
334: 147,166,167,186,187
335: 80,79,437,99,98,118
336: 19,445,33,34
337: 298,299,340
338: 250,251,232,391,510,513
339: 193,214,213,232,233,393
340: 436,337,299,312
341: 468,169,149,479,466,170,189
342: 100,99,81,101,119,120,375
343: 451,68,87
344: 111,112,92,131,132,345
345: 344,112,132,133,491,152
346: 171,531,151,152,192,172,191
347: 286,287,361,429,301,302
348: 380,2,1
349: 198,179,199,428,219,433
350: 5,422,14,15
351: 5,6
352: 7,371,6,17
353: 221,440,199,200,433,220
354: 53,35,21,467,36
355: 200,181,180,453,201,440
356: 36,358,53,72,54
357: 185,204,205,449,446
358: 36,356,22,37,55,54
359: 465,478,39,38,56,362
360: 133,491,134,135,153,154
361: 429,347,303,288,302,392
362: 40,359,39,56,57,75
363: 26,25,39,41,40,58
364: 135,532,134,115,366
365: 194,173,174,192,172,193
366: 136,115,135,364,506,500
367: 138,117,400,137,157
368: 265,248,471,266,369
369: 266,471,249,368,267
370: 284,266,369,267,283,298
371: 8,7,352,373
372: 269,252,270,417,286,287
373: 7,443,18,19
374: 9,461,22
375: 489,141,342,101,102,120,121
376: 272,522,273,442,289,288
377: 24,9,461,23,465
378: 0,10,1,24,11
379: 442,273,257,256,274,448
380: 348,12,404
381: 534,257,259,258,275,383,276
382: 206,207,227
383: 275,291,381,276,292,293
384: 209,188,208
385: 234,393,215,235,396
386: 189,209,210,228,229
387: 28,27,41,42,507,43
388: 528,472,279,280,296
389: 230,210,211,231
390: 280,263,529,528,281,297
391: 232,212,213,231,510,338
392: 316,361,303,302,315,455
393: 234,385,339,214,215,233
394: 237,218,238,408,525
395: 462,69
396: 235,236,215,216,385,414
397: 304,290,305,316,399,470,473
398: 155,500,154,175,176
399: 305,452,397,318,306,473
400: 117,98,118,138,367,407
401: 406,102,83,121,103,122
402: 307,405,475,308,320
403: 196,155,156,177,503,176
404: 422,380,13,12,26,27
405: 294,307,293,309,402,308
406: 401,480,84,83,104,103
407: 158,400,118,119,138,483,139
408: 238,394,239,525,257,256,534
409: 105,85,104,498,124
410: 284,285,337,298,299
411: 53,52,536,72,71,91
412: 86,105,106,124,125,511
413: 489,141,140,142,160,161
414: 530,216,508,217,396,236
415: 416,221,222,240,527,241
416: 415,222,535,223,242,527,241
417: 268,269,372,285,286,300
418: 243,244,223,224,203,242
419: 55,54,74,73,93
420: 423,218,196,197,508,217
421: 309,308,322
422: 404,3,13,350,14,27
423: 420,218,197,198,219
424: 57,75,490,95,94,76
425: 225,244,245,454,263,529
426: 107,106,87
427: 45,514,29,30,44
428: 199,180,515,179,159,349,198
429: 361,271,347,287,288
430: 15,493,496,16,29,30
431: 507,60,495,78,79,437
432: 297,280,296
433: 349,199,219,353,238,239,220
434: 31,501,46,45,63
435: 245,454,226,227,457,246
436: 340,312,441
437: 78,431,79,97,335,98
438: 17,7,496,18,31,501
439: 498,123,124,144,145,164
440: 221,353,200,355,201,222
441: 312,313,436,484
442: 379,273,376,289,290,448
443: 373,19
444: 33,47,34,48,524,66
445: 20,336
446: 449,204,357,224,203,225
447: 34,48,49,50
448: 305,452,442,379,274,290
449: 446,357,205,226,225,454
450: 484,314,324,315,323,486
451: 50,332,343,68
452: 305,448,274,291,292,399,306
453: 201,181,182,355,183,202
454: 435,245,449,226,425,225
455: 488,316,392,324,315
456: 514,61,81,62,80,100
457: 246,227,435
458: 35,21
459: 228,208,247
460: 163,523,184,204,185
461: 9,374,377,22,23,37
462: 536,69,70
463: 166,165,185,205,186
464: 207,167,187
465: 359,377,24,23,478,38
466: 169,341,188,189
467: 51,35,354,53,52
468: 341,190,170,189,210
469: 247,248,265
470: 326,316,397,473,317
471: 230,248,249,505,368,369
472: 279,278,388,294,295
473: 317,397,399,318,470,497
474: 147,126,127,533
475: 318,306,307,402,319,320
476: 81,62,63,518,64,82
477: 321,502,402,308,320
478: 39,24,11,465,359,25
479: 149,129,148,169,341
480: 65,84,521,64,83,406
481: 311,421,322
482: 66,65,84,67,85,104
483: 140,139,119,120,489,407
484: 450,313,314,441,323
485: 67,85,332,68,105,86
486: 450,324,323
487: 175,194,195,214,215
488: 455,316,324,326,325
489: 375,141,120,140,483,413
490: 40,58,59,57,424,77,76
491: 360,133,345,152,153,173
492: 326,317,327
493: 15,430,14,28,29
494: 108,88,69,70,89
495: 77,78,59,42,507,431
496: 16,17,430,438,30,501
497: 319,318,473,317,327,328
498: 439,123,104,409,103,124
499: 110,71,91,90,111
500: 155,398,135,366,506,154
501: 31,434,496,438,30
502: 321,477,320,329
503: 176,195,196,403,216,508
504: 73,72,91,93,111,92
505: 249,510,230,231,471
506: 137,366,136,155,500,156
507: 387,42,43,60,495,431
508: 217,503,196,216,420,414
509: 74,93,94,113,114
510: 249,505,231,391,250,338
511: 125,412,107,106,126
512: 515,179,138,158,157,178
513: 517,252,232,233,251,338
514: 45,427,44,61,456,62
515: 179,512,158,139,159,428
516: 97,77,78,96,76
517: 513,252,233,234,519
518: 46,63,521,476,64
519: 234,235,517,252,253,270
520: 162,143,182,163,183
521: 524,46,47,518,64,65,480
522: 255,254,273,272,376
523: 165,164,163,460,185
524: 521,444,47,48,66,65
525: 273,237,394,408,255,256
526: 110,131,132,150,151
527: 260,241,416,415,242,261,278
528: 388,262,263,279,390,280
529: 425,245,263,390,281
530: 414,217,236,237,254,255
531: 171,346,190,211,191
532: 114,134,95,94,115,364
533: 474,167
534: 381,408,239,220,257,258
535: 222,201,202,223,416
536: 52,462,411,70,71