0: 1359,1195
1: 895,1349,1513,817,1981
2: 1257,2191,348,630,2193,3,1096
3: 1337,380,2,2191,2193,1096,798
4: 1146,1364,798,1635,2286,2192,549
5: 1635,2286,723,1934,2287,2288
6: 919,1372,1864,352,371
7: 2093,1957,2114,1375,1964,373
8: 1768,20,801,911,1386,1633
9: 1407,805,1390,10,2011,887
10: 1466,1390
11: 1401,12,761,2059,1451,25,1569
12: 1401,1405,26,13,761,11,1451
13: 26,1385,380,1405,12,1408
14: 1989,1860,1642,1539,1588,1410
15: 846,2012,2286,2288,1146
16: 812,574,1417,1533,847,1647
17: 1487,352,812,1419,847,793
18: 1234,2093,1386,373,618,443
19: 32,2142,923,1427,1072,1200
20: 1768,8,860,1633,1430
21: 35,1433
22: 2245,1117,924,2239,1629,1967
23: 1675,1119,929,478,2234,1436,465
24: 1195,810,1355
25: 1552,1569,2059,11,899,1537
26: 13,1405,12,1408,1451,1097,831
27: 1266,634,41,2157,1080,1268
28: 606,1211,1123,2238,2016,1122,2237,1661,60,1210
29: 910,2240,1123,1462,1518,1511
30: 1948,1462,879,910,1465,1583,863,2091,1843
31: 2115,923,1469,1073,1544,1072
32: 19,2142,1200,1204,2145,2144,537
33: 856,1474,1727,1200,1204,2186
34: 2179,1094,2182
35: 21,1705,1433
36: 37,983,1484,374,560,861,1525
37: 36,983,560,362,1525,1520,1912
38: 2036,2242,560,892,1525,359
39: 1007,1689,698,1824,899,1504,1537
40: 1729,1888,1007,998,1548,2046,1247
41: 1552,674,1252,1378,2157,1081,27,1266
42: 1268,1568,1743,1739,1010,1052,2050
43: 2240,1123,2238,1588,1989,1211
44: 61,1215,816,2244,1577,1217
45: 2062,1843,1465,1583,434,1055
46: 63,2143,2142,2145,2144,1706,1745
47: 782,524,1306,654,602,2102
48: 2105,1891
49: 1366,1935,1603,447,1389,1032
50: 1664
51: 1572,1625,1423,555
52: 1636,462,411,1563,2134,1071
53: 1039,2216,1973,2215,1109,2214,1611
54: 356,1108,1302,2217,1149,651
55: 2313,1856,1221,628,419,1220,1255,74,2311,1156
56: 1166,628,624,1978,1254,1255,584,1156
57: 1246,2046,1247,1051,885,624,1970,1454,490
58: 1970,1454,885,2007,1743,1653,1010,809
59: 1052,2006,1743,1653,1010,2050,809,1657,495
60: 1661,1370,28,2054,1210,507,431,1217,1053
61: 44,1215,1217,608,848,456,712,1591
62: 1681,1055,1054,2075,1800,1238,1905,476,747
63: 46,2143,2066,1681,1706,1800
64: 518,747,1905,476,1713,1612,2069
65: 725,406,1057,2077,1347,1724,769
66: 1327,1307,444,2099,1305,914
67: 1742,663,482,84,1953,1903,1828
68: 1121,2236,790,1818,665,1334
69: 2018,395,1809,2140,1750
70: 1277,2140,1750,2137,88
71: 1759,91,1152,902,1137,2270,2271
72: 1965,1151,1835,707,2297,575,777
73: 1857,1157,1765,2310,2032,2072,800,1345
74: 2310,2311,419,1220,2313,55,1857,1157,579
75: 1776,683,1254,1246,1166,792,1493
76: 1139,815,1100,77,2293,516,2275,2208,2206,2274
77: 1100,2293,2290,2161,516,2289,2208,76,815,2206
78: 835,1502,697,1008,1585,2044,1649,1937
79: 848,456,712,1591,1793,1453,704
80: 1696,964,1215,456,1591,1804,746
81: 100,1907,1236,1658,1817,1804,1925,101,1796,837,1972
82: 1612,2069,480,1630,1056,850,83,722
83: 401,1823,1612,82,1630,850,101,722
84: 1953,1036,1742,67,1667,1828
85: 1828,1742,2241,609,1216,1120
86: 1699,1886,729,2147,1831,1721
87: 2149,751,1818,665,426
88: 2140,1276,1277,70,582,639
89: 1945,499,1834,1559,1766,878
90: 1069,1237,1239,577,2305,670,108,828,1559
91: 1152,2302,1965,1835,1759,71,2271
92: 504,2273,1853,1088,2014,756,1863,786
93: 1303,675,1877,2294,1464,1765,1857
94: 424,584,1166,1156,509,2051,1493,1101,113,1167,1138
95: 532,2127,2209,2276,570,2129,114,1062,2029,889
96: 1143,815,1004,1506,115,2279,1719,2160,1880,572,2281,1294
97: 540,2158,1590,1004,2262,1719,2160,1880,1079,98
98: 1079,2154,1130,2158,97,2262,2160,118
99: 1901,2227,704,1550,1593,1118,827,1558,559,2233
100: 1907,81,1804,1593,827,1796,837,1972
101: 850,1925,1817,81,83,1823,2248,1972,1943,102
102: 1943,101,401,1823,2248,1972,1335,1124,121,2246
103: 1380,1421,406,1214,1170,1950,857
104: 498,609,1732,1216,561,858,409,2023,1495
105: 590,1886,412,1831,1955,768
106: 1422,1486,1074,2147,1460,1959
107: 1509,642,127
108: 828,740,1277,1069,90,2132,494,1993,596
109: 596,1766,878,1153,1190,1191,2303
110: 878,1153,2304,1945,131,2017,526
111: 1136,1137,2270,2272,2273,1841,678
112: 1317,133,1829,1315,1089,344,658
113: 2187,954,2311,509,2051,94,579,1167,1489,2183
114: 2129,1138,1489,2277,2276,1065,95,2127
115: 2274,2279,815,2282,2122,96,1143,889,366,1374,2278,572
116: 647,1719,2160,1880,1079,2281,1294,1295,117,659
117: 1295,666,2264,116,647,1314,1933,1316
118: 2232,2268,2260,98,2154,1130,2233,2264,1361,567
119: 559,2233,1558,1974,2226,1116,1592,1388
120: 978,1614,1592,1984,1354,785,489,483,1922,1968
121: 2246,2247,2248,1943,102,1335,1124,2249,1402
122: 1076,2185,1363,1170,1168,585,563,547,2249,2153,2188
123: 144,1995,143,2153,1866,757,2152,1411
124: 1178,886,694,1866,439,1240,622
125: 145,1178,1738,738,1240,1286
126: 644,2004,2065,1737,737
127: 107,533,2135
128: 1276,1251,626
129: 781,2172,1915,1896,1086,765
130: 2303,2304,1191,1227,2106,1298,1299,650,1231
131: 2017,1841,569,2272,1945,499,110,1020
132: 344,1128,1336,1406,1829,1044,2013,2257,1317
133: 112,1317,1315,1089,1432,1340,658,345
134: 1360,1909,690,2129,532,2127,684,2029,360
135: 1921,1374,1142,2278,696,1500,662,2053,2026,896,500
136: 1379,928,500,702,1999,896,1560,884,506,2035
137: 659,1314,647,702,1541,1316,1379,500,1560,1384
138: 1529,1361,400,2226,1446,687,1339,1387,367,2005,1570
139: 158,820,1473,1301,140,834,999,1392,428,826
140: 1300,1301,732,1922,1717,158,139,1258,1392,1554,826
141: 1780,1402,1335,2246,2247,547,2249,1125,1090,2175
142: 143,2188,1125,1090,1092,2150,2152,1077,1411
143: 2153,142,2188,2185,1090,123,2152,1411
144: 123,1866,757,1615,1411,845,439
145: 125,738,1240,1286,1242,146,1287
146: 145,1242,523,1287,1280,1186,165
147: 1770,1281,167,1799,986,1420
148: 635,2170,2171,1087,479
149: 190,1986,1438,595,1189,1244
150: 650,1231,613,1229,1188,616,2121
151: 1044,2013,2257,1128,1227,2256,1231,613,1229,1129,2254
152: 2256,2257,1128,1317,763,658,2254,2255
153: 1457,1836,789,360,1941,2041,154
154: 645,1288,360,1941,876,1917,153,1457,1836,898
155: 1362,1176,1357,803,1461,589,1024,503,671
156: 506,2035,884,1463,1313,1357,803,1461,1367
157: 1313,1352,2198,1560,1312,907,706,657,1102,2201,811,2204
158: 139,820,2005,732,1717,1473,1570,1300,140,999,826
159: 1228,629,1301,160,1554,1496,576,180,2301,355
160: 1256,1258,1301,1225,159,1228,629,1140,181,2284
161: 944,1565,181,162,615,2280,2283
162: 615,2280,1141,1023,1523,944,1565,161,971
163: 2266,1846,1131,2269,460,2258,648,1132,1293
164: 1930,1551,622,1634,2265,523,2100,1033
165: 2306,146,1287,1280,1186,594,1155,865,578
166: 1556,1816,578,1881,1815,357,866
167: 474,737,2141,986,1420
168: 2163,1083,169,1662,2169,993
169: 1662,1561,2162,874,168,2163
170: 1438,595,781,2173,1298,1299,1249
171: 1245,625,1233,621,1806,730
172: 491,1971,814,1571,346,564
173: 814,1571,1887,2041,1499,1836,1163,1578
174: 1919,1163,2058,883,1996,583,194,1674,1014
175: 589,195,194,1674,1177,1587,1326,1789,1954
176: 1177,905,1161,1325,2080,398,1463,583,1674,1176,1357,803,589
177: 1135,1452,1471,2204,552,566,178,1848,1594,2263,2261
178: 552,566,657,1102,2201,2081,2204,1182,2207,1107,177
179: 1580,515,834,1182,962,1608,592,794,1324,1521
180: 2301,2300,159,1228,629,181,1496,355,685
181: 1140,2284,160,1228,615,2280,180,1683,355,2283,944,161
182: 2266,1846,1023,971,1111,556,1293,1617
183: 1631,2219,1111,184,1293,1617,1110,2220,2133
184: 1293,1617,648,1292,1631,2219,183,1619
185: 979,1154,2309,1187,1881,1815,357,1715
186: 2130,986,1646,1002,1637
187: 1656,990,1597,1665,713
188: 1662,1557,993,341,1676,1668
189: 1668,1833,726,1003,209,1736
190: 149,595,1244,1245,386,2010,621
191: 1740,1127,211,2253,742,2120,2119,1060
192: 1060,607,2253,1126,2034,2120,2252,193
193: 1805,2252,1126,2034,1213,365,192,607,795,1212
194: 583,1674,2058,174,1919,905,1014,1326,1789,175
195: 175,589,1177,1587,1789,1694,1954,1019
196: 1848,1594,1024,503,1452,897,2030,1698,946
197: 1491,198,2267,2259,2261,1982,1812,780
198: 592,2263,566,1135,1324,1183,2261,1491,197,423
199: 962,1150,794,1521,2295,1855,1703
200: 1573,1371,2295,1434,685,1704,673,1703,832,1871
201: 2139,855,1711,453,1707,1467,440,901,2131,222
202: 2221,1631,2219,535,2136,2133,588,655,223
203: 700,979,2309,1175,1619,1508,588,1174,224
204: 661,1321,1815,866,1404,1715,1508
205: 1158,463,818,661,1321,1515,959,1320
206: 818,1002,1712,1158,1159,580
207: 227,1536,1998,1720
208: 1731,985,459
209: 726,189,1623,1000,1736,228
210: 1171,1016,586,1194,1091,1169,2033,599
211: 1248,1061,2118,531,1233,1740,191,742
212: 591,213,1774,2120,2119,389,1744
213: 591,212,2120,2119,1060,607,1744,1179,1181,339,1792
214: 2064,1041,1749,1643,2008,708,393,1987,984,233
215: 749,795,1752,1213,365,1326,1805,487,764
216: 1838,2048,1019,1694,2030,1753,1893,414,508
217: 396,2078,1868,1753,414,508,1781,1475,1439,1755
218: 1982,2267,420,238,1812,780,394,1478,1758,2022
219: 788,1265,1763,1491,423,238,1812,780,2022
220: 1270,636,1271,433,1621,1273,1272,221,2126
221: 1272,1271,1621,1068,1769,220,1328,2126
222: 752,1802,2139,201,2063,2131,796,1068
223: 1308,655,535,202,2221,588,418
224: 1778,1174,1175,203,588,1459
225: 1497,1381,1671,449,1510,454,1779
226: 1320,580,1515,822,1791,1782
227: 207,1536,1546,970,1784
228: 1645,1623,209,1000,721,1786
229: 2176,386,2010,586,1278,1171,1091
230: 2184,1279,2181,546,2178,1093
231: 2061,1196,1744,591,1181,510,1031
232: 1900,1031,1640,1181,1794,391,849
233: 234,2088,708,393,214,2064,517,1797
234: 233,2088,2064,984,1798,854,252,1810
235: 519,2092,1105,1351,2202,1291
236: 1329,1058,396,2078,1755,745,778,1803,1512
237: 2104,1788,1512,745,862,1994,783,394,1808,2068
238: 1812,780,218,788,219,1758,867,2022
239: 1757,1540,1265,433,1273,1064,633,636
240: 527,241,1272,415,1443,1328,637,1205
241: 527,240,1443,637,1046,1202,1819,1205,882
242: 1826,1822,1308,655,893,759
243: 1826,1822,1870,1192,900,597,736
244: 425,1342,446,1447,933,1947,1852
245: 1284,813,264,643,2195
246: 2196,550,913,1494,1284,813
247: 1861,1547,2178,1865,1938
248: 1437,942,247,1861,945,1865
249: 1867,1492,505,955,925,2052
250: 947,1338,1867,1470,2052,267
251: 1343,1275,1883,1479,1274,269
252: 1810,1006,517,234,2088,2073,1890,952
253: 1351,2202,1185,593,1507,1898,272
254: 1581,1323,1059,1290,273,255,1976,1222
255: 273,1906,1323,1059,960,254
256: 525,1808,1040,2213,1983,1223,1929
257: 2210,932,692,2212,275,1369,1377,716
258: 1066,2126,1270,1272,637,967,554,2211,601
259: 973,1545,1202,601,1579,260,1936,383,1382,1260
260: 1936,1202,1819,1205,1985,259,976,1598
261: 1192,2038,1985,2037,1193,1598,278,597
262: 997,2112,2060,1942,1670,991
263: 529,799,1947,1342,1942,2112
264: 1701,245,1284,457,2195
265: 2231,677,1330,1209
266: 605,1425,682,1655,915,1333,918
267: 1470,1338,250,949,1442,638
268: 1274,638,1442,1811,686,410
269: 754,951,1479,1343,251,695,1830
270: 1872,921,1507,957,372,760,1184,1199
271: 600,1184,287,1241,610,1198
272: 2098,253,1351,711,1291,1581,522,1898,1199,1897
273: 1906,255,960,254,442,1223,1222,612,909,1450
274: 1666,448,452,1377,937,1358,1441,1679
275: 1369,257,381,716,779,1605,718
276: 383,1382,1260,888,2025,727,1695
277: 631,1261,1936,976,1193,1260,1695,1318
278: 597,261,1192,1193,1203,1261,1201
279: 604,1203,1733,1201,1748,1393,2019
280: 528,1027,1012,1164,1398
281: 2049,529,2197,1494,1050,390,1226
282: 283
283: 2228,2223,282
284: 370,1939,1456,750,686,1412
285: 340,753,1842,1830,1418,1455
286: 1618,1218,1219,610,1198,1839,1616
287: 1424,1872,1184,271,1218,610
288: 1243,1444,623,289,1528,361,1911
289: 1899,1932,772,288,1243,1444,766,361,1911,603
290: 1626,1450,2089,1666,448,1926,873,937
291: 1458,1610,1979,292,888,307,2025,1584
292: 617,452,779,1605,1979,718,1353,1679,291,1458,1232
293: 660,1319,631,1318,1172,294
294: 295,660,293,1319,587,1172,472
295: 294,587,472,908,2087,1882
296: 728,1396,1697,1164,581,1538
297: 614,2049,390,1854,1476,1531
298: 1505,1480,1534,699,1114,2224
299: 1534,699,701,1501,1801,833
300: 760,417,1960,1424,2166,2165
301: 1639,347,543,1839,841,2082,484
302: 1975,840,1219,429,1528,880
303: 1911,603,361,1207,1956,1542
304: 1555,766,1899,877,1399,603,2083
305: 397,664,2043,1574,1049,1206,1722
306: 1584,1232,2230,1365,2229,1350
307: 888,2025,291,405,1584,1365,1376
308: 679,405,1376,2079,402,1589,904
309: 656,310,1596,908,1468,1311
310: 656,309,1596,1602,1310,481
311: 2103,1165,1602,481
312: 2164,1622,417,1714,936,2166,1084
313: 436,1627,871
314: 1952,1639,347,774,2021,1654
315: 969,774,852,1654,1673,450
316: 1207,1542,470,1206,1613,1850
317: 1680,733,318,1663,2015
318: 2222,473,317,733,1009,1688
319: 1691,329,1949,1760,328,1001
320: 1009,1688,1894,1741,1638,1700
321: 1931,421,771,755,894,1858,1264
322: 1718,632
323: 1813,1530,965,1723
324: 1844,1022,1730,1553,961,797
325: 1734,819,649
326: 961,1746,455,492,1025,797
327: 851,1526,1296,1035,649,1297
328: 1949,1754
329: 319,1691,1638,2028,1760
332: 751,1366,1431,1764,2057
333: 432,853,1672,1767,916
334: 680,1416,1799,1646,1420,1712
335: 1118,2260,688,1772,1793,1453,2262,1134,1901,2268
336: 1773,1430,2179,1490,2182,1503
337: 2224,1505,1775
338: 1787,391,1900,1640,1470,1869,703,949
339: 1794,1792,1652,213,1179,1567,1212,708,849
340: 285,753,410,1394,1415,1418
341: 1833,1557,466,188,1807,1668
342: 975,830,1566,375,1814,1124,1592,978,1614,926
343: 451,1825,751,2146,2149,87
344: 132,1128,1406,1829,1315,112,1317
345: 2041,1499,133,1340,789,763,658,1887,1836
346: 2250,1971,172,1571,1837,564,883,2251,891
347: 301,1639,1839,841,1616,314,1952
348: 2002,630,1257,2
349: 423,794,1324,1183,1491,673,859,1855,1763
350: 1860,549,1364,1488,1958,1410
351: 773,2291,1725,1862,844,1632
352: 1864,1487,6,17,371,1419
353: 1621,1573,1371,440,832,855,1271,433,1871,1068
354: 458,968,1629,467,1875,1884
355: 1683,2283,159,1228,1140,181,180,2301,2300,1876
356: 1108,54,1875,1884,1878,1302
357: 1815,1187,578,1881,166,185,2309,866,1715
358: 980,1878,1785,861,1302,987,1648
359: 362,1525,38,892,1729,1888
360: 789,134,1909,690,1432,1941,1917,2041,153,154
361: 1528,288,289,303,1911,880,1956
362: 1525,359,37,1888,1912,1923
363: 627,1914,1266,634,885,2007
364: 696,1500,662,1921,1472,889,1374,1941,876,1917,1288
365: 1014,1919,1213,1326,1789,193,215,795,487
366: 1374,1142,2278,1062,2282,2274,115,1143,1921,1472,889,696
367: 1339,1387,1933,1316,138,907,2085,709,512,1570
368: 1938,724,1865,717,1400,1606
369: 1939,1456,915,947,1338,918
370: 284,1939,1951,2107,1564,1412
371: 1419,1957,352,919,6,922
372: 760,1498,921,957,1872,270
373: 618,7,2093,1964,18
374: 2242,560,2116,1967,1484,36
375: 837,1566,2248,1972,342,975,1814,1124
376: 1976,1222,612,1346,927,772
377: 1397,1977,1355,929,992,1675
378: 1440,1355,929,1981,1913,478
379: 1106,1929,1988,932,1626,448,1377
380: 1337,3,2191,1385,13,1408
381: 2001,1579,1997,275,1369,779,718
382: 1159,580,1597,1665,822,1998
383: 276,1382,2001,259,973,1610,2025
384: 2169,993,1676
385: 2008,1752,764,1954,1643,1868,1893,1047,758
386: 2010,1244,190,1601,586,1278,229,2176
387: 2157,1081,2156,541,1080,1568,2155
388: 1748,1173,2019,2042,1697,728
389: 1196,1744,1710,2020,1774,1194,212
390: 1226,281,2049,614,297
391: 955,510,1900,1031,232,2052,1869,338
392: 1669,1037,1895,868,2056,1687
393: 708,1987,1567,1652,214,2064,1797,233
394: 783,1478,218,1994,1758,867,237,2068,1845
395: 1809,1045,2070,462,2018,69
396: 2078,217,414,1781,1439,2040,553,2200,1803,236
397: 305,877,1944,2083,1574,1206
398: 884,1463,1289,2026,1325,2080,2035,905,176,1357
399: 1353,617,1944,943,1230,664,1574
400: 1361,567,666,2264,1446,1116,1933,1339,138
401: 83,1823,722,668,1943,102,1363
402: 669,1365,1376,308,1350,1589
403: 1461,1367,1313,811,1471,2204,1024,503,1848,1594
404: 1253,775,1373,1378,1081,2156
405: 1409,727,888,307,1376,308,679
406: 725,65,769,1667,103,1380,1214
407: 1592,1984,1388,2226,687,785,2005,732,483
408: 1395,2000,1043,1064,2128,2123,1483,963,692,2212,534
409: 1180,561,104,498,1495,1403
410: 268,1274,1811,340,753,1415
411: 2070,462,1684,1423,1636,52
412: 1428,1403,105,590,1738,1955
413: 744,743,1777,1435,1256,571,1225
414: 508,1781,216,1868,1753,1893,758,1439,396,217
415: 1443,1328,796,1068,1769,1802,748,240
416: 748,2108,1821,1802,2136,1309,1046,1449,893
417: 1622,1455,1960,300,312,2166
418: 808,1459,588,1308,655,223,1447,759
419: 1464,1220,2313,55,1857,1157,74,2310
420: 1969,1902,1133,2267,1982,218,1994,783,1478
421: 1931,321,771,477,1485,755
422: 1097,831,1488,1253,775
423: 349,198,1183,1491,859,1812,1265,219,1763
424: 94,1166,1493,1101,1167,1138,2277,2209
425: 1342,244,446,933,1497,2194,1099
426: 1074,2149,87,665,729,1514
427: 2091,1518,1015,2062,1843,1021,1795
428: 1392,139,834,999,1519,826,1580,2299,962,1608,576
429: 623,1219,1198,1528,840,302
430: 1533,2288,1417,1147,15,2012
431: 2044,507,60,1217,1053,608,1649,1535
432: 333,853,1538,2103,1165,916
433: 1271,1871,1371,1757,239,1540,353,1273,220,636
434: 1073,1544,1583,45,1055,2066
435: 1791,864,1546,1782,2097,1532
436: 1582,1627,871,1775,313
437: 688,1772,875,1078,1590,540,2158,2262,1134
438: 1600,496,1628,2111,843,879
439: 1551,144,1866,124,1615,622
440: 832,1711,1573,2139,201,855,1621,353,796,1068
441: 940,1924,1889,1018
442: 1988,1223,273,1906,909,1626,1450
443: 1490,693,1386,1633,18,1234
444: 2180,1307,935,1304,66,1305
445: 1650,1503,956,1474,2180,1095
446: 1447,1778,1660,1459,933,1852,425,244
447: 1389,1028,1607,1664
448: 1666,274,1988,379,932,290,1626,452,1377
449: 1671,661,959,1510,225,454
450: 1413,1730,315,969,1673,1553
451: 343,1825,1677,2146
452: 1377,716,274,448,1605,1441,1679,292
453: 1876,1707,1683,2283,944,689,1445,1467,201
454: 1685,1779,449,1510,864,225
455: 1746,1687,1895,1029,492,326
456: 712,1591,61,1215,79,80,1696,746
457: 1701,966,1562,264
458: 354,1705,1433,1117,968,1629
459: 985,942,1708,1437
460: 1033,2258,1930,594,1735,163,1132,989,1659
461: 992,1407,805,1119,1762,2116
462: 2070,411,52,395,1809,2134
463: 1158,205,1816,680,866,1321
464: 1063,1067,1820,990,1656
465: 1436,698,23,478,1873,2234,1824
466: 1557,705,1827,1728,341,1807
467: 1832,968,354,1875,1884,2215
468: 1807,735,1833,1189,1003,714
469: 717,1400,677
470: 1049,1206,316,1613,974,1874
471: 2117,1492,2184,912,1879,925
472: 804,660,1173,295,294,1882
473: 2222,1885,1331,1722,733,318
474: 1737,737,1283,1282,167,2141
475: 1112,1894,2225,1350,669,1756
476: 1905,62,1800,1238,619,747,64,1713
477: 1589,904,1485,755,1910,421
478: 929,378,1913,23,1873,465
479: 1915,1896,148,2171,544,1087,1827
480: 1630,1056,1851,1026,82,1347,1724
481: 1602,1310
482: 914,663,1920,1953,67
483: 489,1922,1717,407,1984,120,1354,785,732,652,1300
484: 2082,2168,543,841,1924,301
485: 672,1903,1742,1940,2235,2241
486: 1723,939
487: 764,365,1587,1326,215,1752,1954,2008,1893
488: 1022,1332
489: 483,1922,120,1614,802,1354,1968,1777,652,1300
490: 1970,1454,1246,57,1776,2074,809
491: 2255,1971,172,763,1887,565,814
492: 1029,1746,455,1980,720,326,1025
493: 843,1539,1628,1989,2240,910,1948
494: 1160,1269,2132,108,1993,1267
495: 1144,1052,59,2006,1585,1657,2292,835,697
496: 1600,438,1533,1647,1628,823
497: 1949,1035,981,2015,851,1691
498: 104,858,409,2023,1495,2009
499: 89,1945,1834,2024,569,2272,131
500: 136,1379,928,135,702,1541,2053,137,1999,896
501: 1964,2027,920,618,890,1469
502: 1262,2039,739,2028,1700,1038
503: 1024,671,403,155,1848,196,1594,1838,2055,897,2030
504: 92,2273,2032,800,1345,1853,1136
505: 2033,599,2061,1492,955,510,249
506: 156,2035,136,928,1463,1313,1352,1367
507: 2044,431,1661,60,1370,1008,1053,1649
508: 414,1781,216,2048,2055,1753,1475,217
509: 1156,2051,2313,584,2310,2311,94,579,113,2187,954,1167
510: 955,391,2061,231,505,1031
511: 948,2065,958,642,1737,1282
512: 709,1575,1387,367,907,2085,706,657,2081,2071
513: 2073,1620,1543,982,1883,951,1479,1890
514: 1021,1795,1577,2075,1215,1678,994
515: 2081,1575,2201,834,972,1182,2207,1107,179,1580
516: 2161,2289,77,2293,1078,2086,76,2206,1004,1506,540
517: 842,1797,233,2088,2073,1620,252
518: 747,64,2090,1011,1851,2069,1056
519: 235,2092,854,2199,1017,593,2202
520: 1023,1523,838,1141,568,2265,1599,1131,2094
521: 2102,2144,1306,2090,1745,2096
522: 1898,2098,272,600,1199,1897,1346
523: 1242,2100,622,1930,164,146,1186,1735
524: 782,47,2102,1057,2096,1990,2077
525: 256,2104,1808,1040,960,1906,1223
526: 2017,110,2304,1020,1044,2013,1227,2106
527: 241,240,1443,748,2108,1046,1205,882
528: 2110,1048,1027,1012,2042,280
529: 799,263,2197,2112,1050,1686,281
530: 1323,1059,1322,1329,1058,1788,646
531: 1837,770,2118,2250,211,1740,1127,891
532: 95,2127,570,1062,2282,134,2029,1921,1472,889
533: 2138,642,107,1283,1282
534: 2212,1104,408,2128,2123,692,554
535: 2136,2133,1821,202,1309,655,223
536: 2134,620,1809,2137,1239
537: 1306,32,1204,2145,2144,602
538: 2149,2148,1075,1514
539: 838,1141,2177,2150,1077,2285,2151,1599
540: 2158,97,516,1590,2086,437,1004,1506,1719,2160
541: 2156,2159,387,606,2155,2016
542: 2167,1251,1928
543: 2164,1085,1618,2168,841,301
544: 2171,1269,1267,2172,479,1915
545: 2014,2189,1088,2183,2124,1065,786,1315,2174,684
546: 2181,1091,1169,2184,230,2117
547: 563,2249,1168,2246,2185,122,141,1125,1090,2188
548: 654,602,2186,1095,1307,2099
549: 2192,2190,4,1364,1488,350
550: 246,2196,1779,2194,1099,1098,1494
551: 2203,792,1101,1429,1100,2277,2209,570,2275,2208
552: 566,178,2198,1102,811,1471,2204,2207,1135,177
553: 2205,1439,2040,396,2078,1103,1322,2200,1803,2092
554: 967,1997,2211,2128,258,1066,1104,534,601
555: 1423,1636,51,2216,2214,839
556: 1111,2218,971,182,689,1445,1617,2220
557: 1331,1115,1230,2230,664,2043,2229,1885
558: 605,682,1951,2107,1208
559: 119,2233,99,2227,827,1558,2232,1974,1116
560: 374,2242,38,36,37,1525
561: 2243,1120,1216,104,1180,409
562: 1518,1511,1015,1122,2237,816,2244
563: 547,2249,1943,1363,1168,2246,122
564: 883,2251,1996,1971,172,1571,1163,346,2034
565: 2254,1927,2255,491,1971,1837,2250
566: 552,178,2204,1182,2207,1107,1135,1452,177,198,592,2263
567: 1361,400,2154,2232,118,1295,666,2264,1446
568: 1634,2265,1599,838,520,1131,2094,1033
569: 2270,2271,2272,1152,2024,499,131
570: 2275,551,2277,2209,2276,95,532,1062,2122
571: 1225,413,2177,1435,2285,2151,2284
572: 2281,1294,115,96,1143,1374,1142,2278,1541,2053,659
573: 2074,792,1454,1776,809,1145,2203,2290,2293
574: 812,16,2291,1632,1417,1147
575: 2294,2298,1991,2297,675,72,1965,777
576: 1148,1496,1150,428,1554,1519,159,2299,962,2301,1434
577: 2305,670,1239,1356,2302,1237,90
578: 1881,594,165,2306,1155,1556,1816,166,357
579: 2312,1088,74,2310,2311,509,1345,113,2187,2189
580: 382,1159,206,818,226,822
581: 296,1396,1468,1538,1602,1165
582: 639,1276,88,128
583: 194,1674,1163,2058,898,1161,2080,174,1177,905,176,1789
584: 1255,1254,2313,56,1166,1156,509,2051,94
585: 1950,1421,1170,857,1751,1076,122,1995,2023,988
586: 621,1806,386,2010,229,1171,210,1016
587: 2079,1172,295,294,1485,2087
588: 1631,1175,203,202,2221,224,1308,223,808,1459,418
589: 175,195,1674,1177,176,1176,1587,1362,155,1694,1838,1019
590: 105,1180,870,1886,412,1403
591: 212,213,2120,1196,1744,231,1181,1792
592: 198,2263,566,1182,2207,1107,179,1135,794,1324,1183,1521
593: 1185,1810,1006,1017,519,1726,253,2202
594: 1186,1735,460,165,2306,989,1187,1659,578,1881
595: 1438,170,1986,1249,149,190,1245
596: 109,1766,108,740,1993,1267,878,1190
597: 278,261,1192,243,736,1203,1201
598: 1359,930
599: 2033,210,1194,1196,1169,2061,505
600: 1184,1199,522,1030,1897,271,1241
601: 1202,258,637,967,554,2211,1205,259,1545
602: 548,654,1204,2186,537,1306,47
603: 303,1911,289,1899,304,1207,2083
604: 279,1203,1201,660,1319,1173,2019
605: 1425,682,266,677,265,2231,558
606: 1211,836,2156,2159,541,2238,2155,2016,28
607: 1060,192,2120,2252,193,213,1179,1212
608: 1217,1053,431,61,1649,1783,1535,848,712
609: 1732,1214,1667,85,1828,1216,857,104
610: 1219,1198,287,271,1218,286
611: 628,1520,1912,881,1923,995,1856,1221,1978,1255
612: 2089,909,273,1976,376,1222,1450,772,1926,873
613: 1229,1129,151,1231,150,2254,1927,616,2121,2118,770
614: 297,390,643,1224,1285,1531
615: 162,2280,2285,2151,1141,181,2284,1023,1523,1565,161
616: 625,1188,650,150,613,2121,2118,1233,1061
617: 292,1353,1441,1679,1458,399,1230,1232,2230
618: 373,1964,501,18,1469,1235,2115
619: 1238,994,1527,1678,1905,476,1236,719,1713
620: 2134,536,2296,1071,1239,1356
621: 586,1806,190,1245,171,2010
622: 1240,124,439,1551,164,1242,523,2100
623: 1241,288,1243,1198,429,1528
624: 1978,1254,881,1548,872,1247,1246,57,56
625: 1188,616,1249,1245,171,1233
626: 1250,128,1251,1928
627: 363,1914,1689,1252,998,1266
628: 611,881,1221,1978,1254,55,1255,584,56
629: 159,1228,1300,1301,1256,1258,160,1554,826,1140,1496,180
630: 1840,348,2,2193
631: 277,1261,1201,1695,1318,293,1319
632: 1718,322
633: 1273,1064,788,1265,1757,239,1263,636,1395
634: 27,1266,363,1080,1268,885,2007,1743
635: 1162,1160,1269,148,2171
636: 220,1270,239,1540,1271,433,1871,1273,633,2125,2126
637: 1272,1328,258,2126,241,240,2211,1202,601,1205
638: 268,1274,267,949,1275,1442
639: 582,88,1277,2132,1162
640: 1279,1702,1278,2176,824,2181
641: 1287,1280,1286,644,1770,1281,865
642: 958,1509,511,107,1283,1282,533
643: 245,813,390,1226,614,1285
644: 126,738,1904,2004,1286,641,1287,1281
645: 1288,154,876,1457,1289,1344,1578,2058,898,1161
646: 1105,1322,2200,1058,1323,1059,530,1290,1291
647: 116,1079,1294,1295,117,659,1314,137,1316
648: 1132,2258,163,2266,1659,184,1293,1292,2307
649: 1526,327,1297,325
650: 1231,150,130,1298,1299,1229,1249,1188,616
651: 869,1877,54,1302,987,1149,1303
652: 1968,1777,489,483,1922,1717,1300,1256,1258
653: 1644,917,2105,1650,48
654: 548,602,1307,2099,782,47,1920
655: 1308,223,535,202,1309,418,893,242
656: 310,309,1311,776,1013,1310
657: 1102,2201,1312,907,706,512,157,1352,2198,2081,2071,178
658: 763,1887,112,1317,133,1340,152,345,1499
659: 1314,137,572,1294,116,647,702,1541,2053,1379,1384
660: 293,1319,604,1173,294,472
661: 1321,204,205,1404,959,1671,449
662: 364,696,1500,1374,135,1288,1344,1999,2026,896
663: 914,482,1327,1032,67,1903
664: 2043,1574,399,1230,305,1331,557
665: 1334,729,1818,87,68,426,1699
666: 1295,2264,117,1361,400,567,1933,1316,1339
667: 1341,2140,1276,88
668: 1916,722,401,681,1363,1168
669: 402,1350,1589,475,1756,1910
670: 577,2305,1834,1356,1152,2302,2024
671: 1024,503,1176,1461,1362,155,1848,1838,1019,897,2030
672: 485,1903,1032,1935,1764,1940,2235
673: 859,1855,1703,349,1371,200,1763,1757,1540,1871
674: 825,1552,1569,1253,1252,41,1378
675: 1303,93,575,2294,777,1765,1383
676: 1672,1767
677: 1400,469,1330,265,2231
678: 1336,2272,111,1136,2273,1841,1406,1863
679: 308,405,1409,2079,1172,904
680: 334,1416,1816,1712,1158,463
681: 1908,1916,668,1380,1421,1170,1168
682: 605,1425,266,918,558,2107
683: 75,1776,1246,1166,792,1493,1101,1429
684: 1089,2174,545,2124,1065,1360,134,1909,1432
685: 1711,1704,1148,180,2301,2300,1434,1876,200
686: 750,1811,1456,1442,268,284
687: 2226,1446,1116,407,1388,1387,1529,820,138,2005
688: 1772,437,1502,1783,1937,875,1590,1453,1134,335
689: 1445,1467,944,1565,453,1707,556,2218,901
690: 1360,134,1909,2127,2029,789,360,1941,1917
691: 2135
692: 963,408,2000,2123,1483,2212,1104,534,2210,257
693: 1490,443,1234,1773,856,1727
694: 1495,2009,1651,1428,1178,124,886,1738
695: 921,2113,951,1482,754,269,957,1498
696: 364,1500,662,1921,1472,366,1374,1142,876,135,896
697: 835,78,1502,495,1144,2161,2289,875,1078
698: 1436,465,1824,899,892,1504,39
699: 1534,299,833,1505,298,1582
700: 203,979,2309,1715,1508,1174
701: 1501,750,829,1412,1534,299
702: 1541,2053,1142,1294,659,1314,137,896,136,1379,500,1560
703: 949,1275,338,1787,1543,1883
704: 1550,79,1591,1793,1453,1593,746,99,1901
705: 1087,1827,874,1561,1557,466
706: 907,2085,1314,1933,1316,1560,1312,1384,512,157,657
707: 1563,1042,2297,2296,1071,72,1151
708: 393,1987,1179,1567,339,1652,214,1797,233
709: 512,1575,1387,367,1529,2085,1693,1473,1570,2071
710: 1973,1549,1572
711: 1290,1291,1351,1581,2098,272,1976
712: 456,1591,608,61,1215,848,79,1453
713: 1720
714: 1601,468,1189,1244,1003,1716
715: 1197,1604,1992,1349,934,1385
716: 452,1377,2210,932,257,275,779,1605
717: 945,1865,368,1400,469
718: 1610,1979,275,2001,1579,381,779,292
719: 1713,1817,619,1905,1236,1658
720: 1980,1586,1029,1613,974,492
721: 1731,1609,1623,1645,228
722: 1916,668,82,1630,83,401,1823
723: 2193,1934,1096,1635,5
724: 368,1938,1093,2095,912,1606
725: 406,65,1990,2077,1036,769,1667,1214
726: 1676,1668,189,1623,1690,209
727: 405,1409,1695,276,1260,888,2025
728: 296,1396,1173,388,1697,804
729: 665,1334,426,1074,1699,86,2147
730: 1710,171,1233,1248,1806,2020
731: 1714,936,1576,833,1582,436,1627
732: 785,2005,407,1529,820,483,1717,1473,158,140
733: 1680,317,1874,1722,473,318
734: 806,1862,1934,773
735: 1728,1986,765,1807,468,1189
736: 1203,243,900,597,991,1733
737: 474,1737,126,147,1281,167
738: 1904,1955,1738,125,145,1286,644
739: 894,1858,1741,1700,502,2039
740: 108,828,1559,1993,596,1766
741: 1476,1771,1027,1854,280,1398
742: 2020,1774,1248,211,1740,191,2119
743: 744,413,802,1780,1402,2175,1968,1777,1435,1256
744: 743,413,1780,1090,2175,1777,2177,1092,1435
745: 1755,2078,862,778,1329,1058,236,1788,1512,237
746: 1804,1593,456,1591,80,964,704,1550,827
747: 518,64,62,1706,1800,1011,476
748: 416,2108,796,1821,1802,415,1443,527
749: 215,795,1752,1805,1212,1041,1749,2008
750: 1811,686,284,1412,701,1501
751: 332,2057,343,1825,1818,87
752: 1821,1802,222,2063,2131,1070,796,2136,2133
753: 340,285,1274,1343,410,1830
754: 269,951,921,695,1842,1830,1498
755: 1910,477,1756,321,421,894,1858
756: 1406,1863,1829,92,2273,2014,786,1315
757: 1866,1995,1651,988,123,144
758: 1439,2040,385,1868,414,984,1047,1692
759: 2076,1870,1308,808,418,242,1826
760: 372,1498,1872,270,1960,300,1424
761: 1873,2059,817,1913,1401,12,11
762: 1682,869,1877,1856,1464,1220
763: 658,1887,1317,152,345,2254,2255,491,814
764: 487,1587,215,1752,1694,1954,2008,385,1868,1893
765: 1986,1896,129,781,1728,735,1438
766: 304,1555,1926,873,937,289,1899,1932
767: 950,1475,2055,897,1698,1969,1902
768: 2004,1005,105,1831,1904,1955
769: 1347,1724,725,406,65,1908,1380
770: 1837,531,613,1927,2121,2118
771: 1931,321,421,1485,908,2087,1311
772: 927,376,612,1926,1444,289,1932
773: 351,2291,734,1862,1934,2287
774: 852,1522,314,1952,1654,315
775: 1958,1373,422,1488,1253,404
776: 1761,1013,1310,322,1963
777: 1759,575,2294,675,72,1965,1383
778: 862,1994,950,1969,1755,745,236,1512
779: 1605,275,381,716,1610,1979,718,292
780: 238,1812,2267,1491,197,1982,218,219,1478,1758
781: 129,1086,2173,1986,765,1438,170
782: 47,524,654,2102,1920,1990,1953
783: 394,1478,420,862,1994,1512,237,2068,1845
784: 2002,1197
785: 2005,732,407,1984,120,820,483,1922,1717
786: 1315,92,2014,2189,545,2124,756,1829,2174
787: 2021,1517,906,1813,323,965
788: 1265,219,1763,238,1812,2022,1263,1043,633
789: 360,1909,690,1432,1340,1941,2041,345,153,1836
790: 2057,1940,2235,1747,1818,68,2236
791: 2067,1844
792: 2074,573,75,1776,683,1429,2203,551,2290
793: 2084,2027,17,1419,847,1375
794: 1324,1183,1521,179,962,592,199,349,859,1855
795: 749,215,1752,2034,1213,365,1805,2252,193
796: 1068,1769,440,2139,752,1802,222,415,748
797: 1332,326,961,1022,324,1849
798: 1096,1337,3,1635,2192,4
799: 529,263,1342,2194,2197,1098
800: 1345,1853,73,1157,2032,2072,2312,1136,504
801: 911,1768,8
802: 926,1354,1335,1614,1780,1402,489,1968,1777,743
803: 1176,1357,1463,156,176,1461,1367,155,1024
804: 472,1173,728,1396,1468,1882
805: 9,1407,10,1397,992,461
806: 1368,1259,734,723,1934
807: 1075,1422,1486
808: 1459,418,588,1308,1447,759,2076,1852
809: 1657,1145,2292,1454,490,58,1653,59,2074,573,2290
810: 1195,24
811: 1471,2204,157,1313,2198,1102,1461,1367,403,552,1848
812: 574,16,1632,1487,17,847
813: 245,1284,246,1494,1226,643
814: 173,1571,763,1887,1499,491,172,1163
815: 76,1139,77,2206,1004,1506,2122,2274,115,2279,96
816: 2244,1015,562,1795,1577,1217,44,1215
817: 1981,1913,1,1513,1401,761
818: 206,1158,205,580,1515,226
819: 1734,1849,1025,1526,649
820: 1529,687,1387,785,2005,732,1693,1473,1570,158,139
821: 1531,1391
822: 382,580,226,1998,1782
823: 1628,2012,1533,1642,1539,496
824: 1786,1000,1702,1279,640,1547
825: 674,1451,831,1552,1569,1253,1378
826: 1554,1519,158,139,1300,1301,140,1392,428,629
827: 1796,830,1558,1550,1593,746,100,99,1901,559
828: 108,740,1069,90,2305,1559
829: 1412,1564,701,2228,1480,1534
830: 827,1796,1558,837,1566,1974,342,975
831: 1097,422,26,1451,825,1253
832: 440,1711,1704,1573,200,855,1871,353
833: 1576,1801,699,299,1582
834: 999,972,1693,139,515,1392,428,179,1580,1608
835: 78,1502,697,2006,1585,495,1144
836: 1588,1410,1958,1373,2159,606,1211
837: 1566,375,100,81,1796,830,2248,1972
838: 539,1141,2150,2151,568,1599,520,1523
839: 2214,1636,555,1611,1563,1042
840: 1975,302,1219,429,1616,1952,1522
841: 1839,1085,1618,543,484,301,347
842: 517,1797,1652,849,982,1620
843: 493,1628,438,879,910,1948
844: 351,1632,1864,1487
845: 1615,1411,144,2150,2152,1634,1599
846: 15,2012,1146,1364,1860,1642
847: 1647,812,16,17,793,2084
848: 79,608,61,1783,1535,712,1453
849: 1794,339,1652,232,1640,842,1797,982
850: 1925,101,1817,1612,82,83,1823
851: 327,1663,2015,1035,497
852: 774,1522,1669,315,969,2056
853: 1398,1164,1538,432,333
854: 1798,1103,2199,234,2205,1810,1017,519
855: 2139,201,1711,1704,1876,1707,1467,440,832,2131,353,1068
856: 33,1234,693,1427,1727,1200
857: 858,1751,103,609,1732,1214,1950,585
858: 857,1751,1732,104,498,2023
859: 673,1855,1703,794,349,423,1265,1763,1757,1540
860: 20,1430
861: 1785,1484,358,36,983,1648,1641
862: 778,1994,1969,745,783,1512,237,2068
863: 1465,1583,879,1790,2031,30,1948
864: 435,1791,1320,1510,1685,454,2097
865: 1155,2308,641,1287,1280,1770,1281,165,1799
866: 1816,166,1815,357,463,1321,204
867: 1758,2022,238,394,1263,1043,2068,1524,1845,2000
868: 1895,1037,1956,1542,392,1850
869: 651,1877,1302,987,762,1682
870: 1121,1334,1180,1699,1886,590
871: 1775,313,1889
872: 1923,1548,881,1247,624,1978
873: 937,612,2089,290,1666,1926,1932,1555,766
874: 2170,705,1087,169,1561
875: 1078,1590,2086,1502,697,1783,1937,688,437,2158
876: 1941,1917,1472,364,696,1500,645,1288,154,1344
877: 1944,1399,304,1555,2083,397
878: 110,1153,2304,89,1945,596,109,1766
879: 438,2111,843,1790,30,1948,863
880: 1037,1528,361,1975,302,1956
881: 1912,1923,872,628,611,624,1978
882: 1985,2037,527,241,1046,1819
883: 564,2251,1996,1571,346,174,1919,2034,1213
884: 398,1463,1999,2026,896,136,1325,156,2035,1357
885: 363,1914,634,1051,2007,57,1970,58
886: 1178,124,1651,694,2009,1866
887: 2011,9,1407,805,2245,924
888: 307,2025,276,291,405,727,1376
889: 1921,1472,95,532,1062,2282,2122,115,2029,366,1374,364
890: 1790,2031,920,2111,501,1469
891: 2253,1126,531,346,2250,2251,1127,2034
892: 1504,2036,1436,698,38,359,1729
893: 1449,2038,416,1309,1308,655,242,1822
894: 739,1858,755,321,1264,2039
895: 2047,1440,1359,930,1,1981
896: 1999,2026,696,662,135,702,2053,1344,136,500,884
897: 2055,2030,503,671,1848,196,2048,1698,946,767,1902
898: 1161,1457,1836,645,154,1289,1163,1578,2058,583
899: 1824,2059,698,25,39,1537
900: 2060,1826,1870,243,736,991
901: 2063,2131,689,1445,1467,1111,2218,201,2220
902: 2032,2072,1137,1759,1383,71
903: 1947,1852,2076,1870,2060,1942
904: 477,1589,308,679,2079,1485
905: 1177,176,1161,2080,398,583,194,1674
906: 1624,787,1517,1813
907: 2085,706,1316,367,1312,1384,512,157,657,2201,2071
908: 2087,295,1468,1882,771,1311,309
909: 612,2089,273,442,1222,1450
910: 29,1989,493,843,2240,30,1948,1462
911: 801,2109,2114,2093,1386
912: 2095,1093,2184,471,724,1879
913: 1685,2097,246,2196,1284
914: 663,482,2099,66,1327,1920
915: 2101,1333,947,918,369
916: 432,333
917: 2182,1503,1650,653
918: 915,682,266,1939,369,2107
919: 6,1372,1348,371
920: 2111,2084,2027,1600,501,890,1790
921: 695,2113,754,957,372,1498,270
922: 2109,2114,919,1348,371,1957
923: 1235,2115,31,1427,1072,19
924: 887,1407,2245,22,2116,1967
925: 1879,471,1492,1867,249,2101
926: 802,1354,342,1814,1335,1124,1614,1780,1402,1968
927: 772,1976,376,1030,1897,1346,1243,1444
928: 136,1379,500,1999,1560,1312,506,2035,1313,1352
929: 1355,378,1675,23,478
930: 1359,1197,895,1,1349
931: 1739,1568,2155,2016,1661,1370,1008
932: 2210,257,1483,379,1106,448,1377,716
933: 1381,1660,446,1497,425,244
934: 1349,1513,715,1992,1385,1405
935: 1595,1304,444,1028,1305,1389
936: 731,1714,1394,1418,1622,1576,312
937: 873,290,1666,274,1358,1555,766,1399
938: 1381,1660,1404,1508,1174,1671
939: 1530,1413,2067,486
940: 1924,1426,313,1889,441
941: 1431,1034,1664,50,1677
942: 1645,985,459,1861,1437,248
943: 1944,1399,1358,1353,1441,399
944: 1565,161,181,162,1683,2283,453,689,1445,1467
945: 1865,1437,248,1448,1847,717
946: 1698,1133,196,1594,1452,897,2267,2259,1902
947: 1338,250,1867,2101,915,369
948: 511,2065,1460,1721,958,1005
949: 703,1275,1470,338,267,638
950: 767,1475,2055,1781,1969,1902,1755,778
951: 1479,1890,513,1482,754,269,695,2113
952: 1726,1482,2073,252,1810,1006,1890
953: 1509,1486,807,1959,1961
954: 113,2187,509,1167,1138,1489,2189,2183,1065
955: 391,510,505,249,2052,1869
956: 1474,1727,1773,1503,445
957: 1507,1185,921,695,2113,372,270
958: 1959,1460,948,511,642
959: 1515,205,661,1321,1320,449,1510
960: 2104,1788,1808,1323,525,273,1906,255,1223
961: 326,1516,1746,1553,324,797
962: 2299,1608,428,179,576,1150,794,1521,199,2295
963: 692,1524,408,1395,2000,2213,1483,1983,2210
964: 80,1696,1527,1236,1804,746,1907
965: 1530,1673,787,2021,1654,323
966: 1701,1859,1532,1784,1562
967: 554,1997,2211,258,1202,601,1579,1545
968: 1705,458,354,1832,467
969: 315,852,1516,2056,450,1553
970: 1784,227,1562
971: 162,1023,1565,1846,182,1445,556
972: 834,999,1575,1693,1473,2081,515,1580
973: 259,1545,1202,2001,1579,1610,383,1382
974: 470,1613,1680,1874,720,1586
975: 342,830,1558,1566,375,1974,1592,1388,978,1614
976: 1193,1598,260,1936,1260,277,1261
977: 
978: 120,1614,1974,342,975,1814,1592,1984,1388,1354
979: 185,1154,2309,1292,2307,1175,1619,203,700
980: 358,1878,2239,1629,1884,1785
981: 2015,1688,1638,497,1691
982: 1543,1640,849,842,1787,513,1620
983: 36,37,861,1648,1520,1641
984: 1047,1692,1643,2008,214,2064,758,234,1798,1103
985: 459,1731,721,1645,942
986: 1646,1420,167,2141,186,2130
987: 1648,358,1302,1641,651,869,1682
988: 1651,2023,585,1751,1995,2009,757
989: 1187,1659,460,1186,594,1735,1132
990: 464,1067,1637,187,1665
991: 1670,1733,2060,900,736,262,1393
992: 461,377,1397,1407,805,1675,1119
993: 2169,168,188,384,1676
994: 1238,619,1527,514,2075,1678,1236
995: 1856,1221,1520,1641,1912,1682,611
996: 1684,1045,2070
997: 262,2112,1670,1686,2110,1048
998: 1007,1689,40,627,1914,2046
999: 834,972,1693,1473,1570,158,139,1392,428,1580
1000: 1736,1702,209,228,1786,824
1001: 319,1760,328
1002: 1712,1646,186,1637,206,1159
1003: 1716,1833,468,189,714,1736
1004: 2206,1506,516,1590,2086,815,540,97,96,1719
1005: 2004,768,1831,1721,948,2065
1006: 252,1810,2088,1017,1726,952,593
1007: 39,1689,1504,1729,40,998
1008: 2050,1585,931,1739,1370,2006,2044,507,78
1009: 320,1688,2222,1112,1894,318
1010: 1653,2007,1743,42,58,1052,59,1657
1011: 2090,1745,1706,1800,518,747,1851
1012: 2042,1697,528,280,1164
1013: 776,1761,1931,1311,1264
1014: 365,174,1919,194,1674,1213,1326,1789
1015: 1518,1511,562,427,2091,816,2244,1021,1795,1577
1016: 1171,210,586,1806,1710,1194
1017: 854,2199,1810,1006,519,593,2202
1018: 441,906,1624,1813
1019: 216,1838,2048,589,195,1362,671,1694,1954,1753
1020: 1044,2013,131,2017,1841,1336,526
1021: 1795,514,1015,427,2062,1843,1054,2075
1022: 1844,324,1332,797,488
1023: 520,1523,162,615,2269,2094,1565,971,1846,182
1024: 503,671,803,1461,1367,403,1362,155,1848,196,2030
1025: 492,1980,326,1526,819,1849
1026: 1057,2096,2090,1851,480,1056,1724
1027: 2045,528,2110,1854,280,741
1028: 935,1595,1607,447,1389
1029: 1613,1850,1895,455,492,720
1030: 1897,1346,600,927,1241,1243
1031: 1900,232,231,1181,391,510
1032: 1327,1603,663,672,1903
1033: 460,2258,568,2265,1930,164,1131,1735
1034: 941,1431,447,1664,49,1366
1035: 1949,497,327,851,1297,1754
1036: 84,1953,1990,2077,725,1667,1828
1037: 880,1975,1956,1669,392,868
1038: 1962,2028,1262,502,1760
1039: 2216,53,1572,710,1973,51
1040: 1808,2068,1524,1845,525,256,2213,1983
1041: 1567,1212,1805,2252,749,1749,1987,214
1042: 1563,707,2214,839,1611,1991,2297
1043: 1263,788,1758,867,2022,1524,1845,408,1395,2000
1044: 1020,2013,2257,526,132,1227,151
1045: 2070,2018,395
1046: 416,2108,527,241,1449,2038,2037,882
1047: 984,1692,1643,2008,385,1868,758,1798
1048: 528,2110,1670,997,1748,1393,2042
1049: 470,1206,305,2043,1722,1874
1050: 1686,529,2197,281,2049,2045
1051: 2046,1247,1914,885,57,1970
1052: 59,2006,1743,42,1739,1653,1010,2050,495
1053: 1217,608,60,2054,1210,507,431,1535
1054: 2075,2062,1055,1021,62,1681,1238
1055: 2066,434,45,2062,1843,1054,62,1681
1056: 480,1630,518,1851,1026,2069,82
1057: 2096,1026,2102,524,2077,1724,65
1058: 1329,236,2078,745,1322,2200,1803,1788,646,530
1059: 1323,530,646,1290,254,1581,255
1060: 192,607,191,1127,2253,1126,2120,2119,2252,213
1061: 1248,211,616,2121,2118,1233
1062: 2282,2122,2276,570,2275,95,532,2127,2274,1472,889,366
1063: 464,1067,1477,1892,2130
1064: 1273,633,239,1263,1270,408,1395,2125,2123
1065: 2183,2124,954,1489,545,2129,114,684,1360
1066: 258,2126,1270,2125,2128,2123,554,2211
1067: 464,1063,186,2130,1637,990
1068: 796,1769,440,2139,855,1621,353,222,221,415
1069: 1237,90,1277,70,2132,108,828
1070: 1110,2220,2063,2219,752,1821,2136,2133
1071: 2296,52,1563,707,2134,620,1151
1072: 923,31,1073,19,2142,2143
1073: 1544,434,1072,2066,2143
1074: 426,729,1514,2147,1422,106
1075: 1514,538,2148
1076: 2185,122,1170,585,1995,2153
1077: 2150,2152,1090,142,2177,1092,2151,539
1078: 875,1590,2086,1144,1502,697,1937,2161,516,437
1079: 98,2154,1130,97,2160,1880,116,647,1295,2264
1080: 1268,1568,2157,1081,387,27,634,2155
1081: 1378,2157,387,1253,404,41,2156,1080
1082: 2162,2167,2163
1083: 168,2163
1084: 2168,1714,312,2164,1627
1085: 2166,2165,2164,1618,1218,543,841
1086: 2173,2172,1190,1191,129,781
1087: 705,1827,2170,148,874,479
1088: 2312,579,1345,1853,2187,92,2014,2189,545,2183
1089: 2174,684,1315,112,133,1432,1340
1090: 1125,2175,547,141,143,142,2188,744,1092,1077
1091: 2181,546,229,2176,1171,210,1169
1092: 2177,1435,1125,1090,2175,142,744,1077
1093: 2178,2184,230,1938,724,912
1094: 860,34,2179
1095: 2180,1307,1474,445,2186,548
1096: 798,2,2193,723,3,1635
1097: 831,422,26,1408,1488
1098: 2197,2194,1099,550,799,1494
1099: 2194,1497,1779,425,2196,550,1098
1100: 77,2293,1145,2203,551,2290,2289,2208,76,1139
1101: 1493,1429,683,94,424,551,1138,2277,2209,2276
1102: 657,2201,157,2198,811,2204,552,178,1107
1103: 1798,854,2199,984,1692,2040,2205,553,2092
1104: 2212,534,2128,692,554,1997,1369
1105: 646,1322,2200,235,2092,1290,1291
1106: 379,1929,2213,1483,2210,932,1377
1107: 1182,2207,1102,2201,2081,2071,515,566,178,592
1108: 356,54,1875,2215,1109,2217
1109: 2215,53,1108,2214,1611,2217
1110: 1070,2220,1111,2063,2219,183,2133
1111: 556,2218,182,1617,901,1110,2220,183
1112: 1894,475,2225,2222,1885,1009
1113: 1208,2223,282,283
1114: 2224,1480
1115: 1331,557,2230,2229,2225,1885
1116: 2226,1446,687,2232,559,119,2233,1361,400,1388
1117: 2245,22,1433,458,1629
1118: 335,2260,1793,1134,99,1901,2227,2232,2268
1119: 1675,23,992,461,1762,2234
1120: 561,2243,85,2241,1747,1216
1121: 68,2236,1747,2243,1334,1180,870
1122: 2237,1123,2238,28,1511,562,1210
1123: 43,2240,2238,29,28,1122,1511
1124: 1814,1335,375,2248,102,342,121,2247,926
1125: 1090,2175,547,2249,2185,141,142,2188,1092
1126: 2253,891,2251,1127,2034,1213,1060,192,2252,193
1127: 1740,191,531,2250,2253,1126,891,1060
1128: 132,344,2013,2257,1317,151,152,2256
1129: 613,1229,151,2256,2254,1927
1130: 1079,98,2154,2262,1134,2260,2232,118,2268
1131: 2269,2094,568,2265,520,1033,2258,163
1132: 648,460,2258,163,989,1187,1659,2307
1133: 1698,946,1452,2267,2259,420,1902,1982
1134: 2262,688,1772,437,2158,335,1118,2260,1130
1135: 1452,177,552,566,2207,1594,198,592,2263,2259,2261
1136: 111,2032,1137,800,2270,504,2273,678
1137: 902,2032,71,2270,2271,111,1136
1138: 1167,1489,94,424,1101,954,2277,2276,2129,114
1139: 76,815,1100,2275,2208,2206,2282,2122,2274
1140: 181,2284,1256,160,1225,1228,629,2280,355
1141: 838,539,2285,2151,162,615,520,1523
1142: 366,1374,2278,1143,572,696,135,702,1541,2053
1143: 96,1506,2274,115,2279,1880,366,1142,2278,572,2281,1294
1144: 495,1657,2292,835,697,2293,2161,2289,1078
1145: 809,1657,2292,1653,2074,573,2290,1100,2293,2289
1146: 4,1364,1635,2286,15,846
1147: 1417,2287,2291,2288,574
1148: 1496,576,1150,2299,2301,2295,1434,685
1149: 54,1991,2217,651,2294,2298,1303
1150: 1148,1496,576,2299,962,199,2295,1434
1151: 72,1965,1835,707,2297,2296,1071
1152: 91,2302,1835,71,670,2024,569,2271
1153: 878,110,2304,109,1191,2303,2106
1154: 185,979,2309,1187,1659,1292,2307
1155: 2308,865,1280,165,2306,578,1556
1156: 509,2051,2313,55,1255,584,56,2311,94
1157: 1857,73,419,1765,74,2310,800,1345,2312
1158: 205,463,680,1712,206,818,1515
1159: 382,580,1002,1637,206,1665
1160: 494,1269,582,639,2132,1162,635
1161: 898,645,1288,1289,2058,1325,2080,583,905,176
1162: 635,128,582,639,626,1250
1163: 1578,2058,1836,173,814,1571,898,564,1996,174,1919,583
1164: 1012,1697,280,853,1398,1538
1165: 311,2103,581,1538,432,1602
1166: 56,1254,1246,584,75,683,2051,94,424,1493
1167: 1138,1489,509,2051,94,424,113,954,2277
1168: 1170,1916,668,681,1421,1363,563,547,122
1169: 1171,210,546,1091,2033,599,2117
1170: 1168,681,103,1421,1950,585,1076,122
1171: 210,1016,586,229,2176,1091,1169
1172: 2079,587,1409,1318,293,679,294
1173: 2019,604,660,388,804,472,728
1174: 1778,224,1175,203,700,1508,938,1660
1175: 1619,979,1631,2219,203,2221,588,1174,224
1176: 1357,803,1463,1177,176,1461,589,1362,155,671
1177: 905,176,2080,583,1674,1176,1357,1789,175,589,195,1362
1178: 124,886,694,1428,1738,1240,125
1179: 2120,607,2252,213,1567,1212,1794,339,1792,708
1180: 409,561,2243,1121,870,1403,590
1181: 591,213,231,1794,1792,1031,232
1182: 2207,1107,2081,515,566,178,179,1580,592,2263,1324,1521
1183: 794,1324,1521,198,592,2263,1491,349,423,1855
1184: 600,1199,1872,270,287,271
1185: 593,1726,1482,253,2202,2113,1507,957,1898
1186: 594,1735,1930,1242,523,146,165,2306,989
1187: 989,1659,594,1132,1881,2307,185,1154,357
1188: 625,616,1299,650,1231,150,1249
1189: 1244,735,1986,468,149,714,1601
1190: 1191,1267,596,109,2172,1086
1191: 1190,109,1153,2303,130,1086,2173,1298
1192: 261,2038,1826,1822,2037,243,278,597
1193: 976,1598,1985,261,278,277,1261
1194: 1710,210,1016,389,1196,1744,599,2061
1195: 810,24
1196: 389,1744,1194,591,599,2061,231
1197: 715,598,784,930
1198: 1219,610,271,623,1241,286,429
1199: 600,1184,1507,522,1898,272,270,1897
1200: 1204,1427,856,33,32,19
1201: 278,597,1203,631,1261,604,279,1319
1202: 601,637,241,967,1819,1205,259,973,1545,260
1203: 736,278,597,1733,1201,604,279
1204: 1200,33,32,2186,537,602
1205: 1819,637,527,241,240,1202,601,260
1206: 470,1049,1207,2083,397,305,316
1207: 2083,303,603,1542,316,1206
1208: 1113,2231,558,1951,1209,2223
1209: 265,2231,1208
1210: 2054,28,1122,2237,1661,60,1370,2244,1053
1211: 606,1588,1410,836,1989,2159,43,2238,28
1212: 1567,1041,607,1805,2252,193,749,1179,339,1987
1213: 2034,883,2251,1996,1919,1126,1014,365,193,215,795
1214: 609,1732,725,406,1667,103,1380,857
1215: 44,61,816,514,1577,1217,1678,456,712,80,1696
1216: 85,1828,2241,609,1732,561,1120,104
1217: 1053,608,60,2054,816,2244,431,44,61,1215
1218: 1618,286,1424,287,1085,2165,610
1219: 610,1198,286,429,1616,840,302
1220: 1464,419,1877,762,1682,1856,1221,2313,55,1857,74
1221: 995,1856,628,611,1220,55,1255
1222: 1976,376,254,1581,273,612,909
1223: 442,1988,960,525,256,2213,273,1906,1929
1224: 1285,614,1531,821
1225: 571,1777,413,1435,1256,1258,160,2285,1228,1140,2284
1226: 390,2197,1494,813,281,643
1227: 2106,2304,526,1044,2257,130,151,1231,1229
1228: 159,629,160,1225,1140,181,180,2300,355
1229: 613,1129,1227,151,2256,650,1231,150,1927
1230: 1232,2230,1353,617,399,664,557
1231: 650,150,130,1227,2106,151,613,1229,1188
1232: 1230,2230,617,292,1458,306,1584,2229
1233: 625,616,1245,171,1248,1061,211,730
1234: 18,443,693,1427,856
1235: 2115,923,373,618,18,1234,1427
1236: 1658,994,619,1527,1905,1696,964,719,1817,1804,1907,81
1237: 1069,90,1750,2137,1239,1277,70,577
1238: 994,619,1054,2075,62,1905,476
1239: 536,620,2137,1356,1237,90,577
1240: 622,1178,124,125,145,1242
1241: 623,600,1030,1897,271,1243,1198
1242: 523,2100,1240,622,145,146,1186
1243: 288,1444,1030,927,623,1241,289
1244: 1189,149,190,714,1601,386,2010
1245: 171,595,1249,625,190,1233,621
1246: 57,1247,624,1254,490,1166,75,1776,683,2074
1247: 2046,1051,40,1923,1548,872,624,1246,57
1248: 1061,211,2118,1233,1740,730,1710,2020,1774,742
1249: 1299,650,170,595,625,1188,1245
1250: 626,1162,635,1928,2170,148
1251: 128,626
1252: 1537,1552,674,1689,41,627,1266
1253: 404,831,422,674,825,775,1378,1081
1254: 624,1978,1246,584,56,1166,75
1255: 584,1221,628,611,2313,55,56,1156
1256: 1258,160,1968,1777,652,743,413,1300,1225,629,1140
1257: 2,2191,2002,348,1604,1992
1258: 1256,160,1922,1777,652,1300,1301,140,1225,629
1259: 1368,806,1840,1414,630
1260: 259,1936,976,276,1382,277,727,1695
1261: 631,277,976,1193,278,1201,1319
1262: 502,2039,1718,1962,1038,632
1263: 1043,788,1265,867,2022,1273,1064,633,1395,2000
1264: 1931,321,894,1761,1013,1718
1265: 788,219,1763,423,859,1757,239,1263,1273,633
1266: 27,634,1252,41,2157,627,363
1267: 1993,494,1269,596,544,2172,1190
1268: 1080,1568,2157,27,634,2155,2007,1743,42
1269: 494,1160,635,1993,1267,2171,544
1270: 220,636,1273,1064,1272,2125,2128,258,1066,2126
1271: 433,1871,1540,1621,353,220,636,221
1272: 221,1769,220,1270,1328,258,2126,637,240
1273: 1064,633,1265,239,433,1263,220,1270,636,2125,2123
1274: 268,638,1275,1343,251,410,753
1275: 703,949,1883,1274,638,1343,251
1276: 88,128
1277: 70,88,639,2132,108
1278: 1716,1601,386,1702,229,2176,640
1279: 640,824,2181,1547,2178,230
1280: 641,1287,146,165,1155,2308,865
1281: 147,1770,126,644,737,641,167,865
1282: 1283,511,642,474,1737
1283: 1282,642,2138,533,2141,1892
1284: 245,813,246,913,1701,1859,264
1285: 1224,643,2195
1286: 738,1904,125,145,644,641,1287
1287: 641,1280,145,1286,644,146,165,865
1288: 645,154,1941,876,364,1500,662,1457,1289,1344,1161,1325
1289: 1344,1500,645,1288,2026,898,1161,1325,2080,398
1290: 711,1291,1105,646,1059,254,1581
1291: 711,1290,235,2092,1105,646,1351,2202,1581,272
1292: 2307,648,1659,184,1293,979,1154,1631,1619
1293: 184,1617,163,2266,182,648,1292,2307,183
1294: 572,2281,96,1143,1880,116,647,702,1541,659,1314
1295: 666,2264,117,2160,1079,2154,116,647,567,1314
1296: 1526,1980,1586,1663,327,851
1297: 1035,649,1754
1298: 1299,1191,2303,130,2173,650,170
1299: 1298,130,2173,650,170,1249,1188
1300: 1301,140,489,483,1922,1717,652,158,1256,1258,826,629
1301: 1300,140,139,1258,160,1554,1519,826,159,629
1302: 358,1878,356,54,987,651,869
1303: 93,675,1149,651,1877,2294,2298,1464
1304: 935,1595,653,1644,48,444,1305
1305: 1603,444,935,1304,66,1327,1389
1306: 537,2144,602,2102,521,47
1307: 2180,1095,444,548,654,2099,66
1308: 655,223,588,808,418,893,242,759,2076
1309: 1821,535,2136,416,655,1449,893
1310: 481,1963,1918
1311: 908,2087,1931,771,656,309,1013
1312: 1560,1384,1316,928,907,2085,706,157,1313,1352,2198,657
1313: 157,1352,2198,928,1312,506,156,1367,403,811,2204
1314: 659,137,1294,647,1295,117,702,1933,1316,1384,706
1315: 786,545,756,1829,1089,2174,344,112,133
1316: 1933,647,666,117,1314,137,367,1312,1384,907,2085,706
1317: 112,133,132,344,1128,152,2256,763,658
1318: 631,277,1409,1695,293,1319,1172
1319: 660,293,631,1261,1201,604,1318,294
1320: 226,205,1515,959,1510,1791,864
1321: 661,204,866,205,463,1404,959
1322: 2200,1803,553,1329,1058,2092,1105,646,530
1323: 1059,530,1329,2104,1788,646,960,254,1906,255
1324: 794,1183,1521,1182,179,1608,198,592,349
1325: 2080,1288,1289,1344,1999,2026,1161,884,398,176
1326: 1587,1789,194,1014,365,175,215,487,1954
1327: 66,1305,1603,914,663,1032
1328: 415,1443,1769,1272,221,637,240
1329: 1058,236,745,1322,1788,1512,1323,530
1330: 469,677,265
1331: 557,1115,664,2043,1722,473,1885
1332: 797,1734,1849,488,1966
1333: 2101,915,2095,1879,1655
1334: 665,729,68,1121,2236,870,1699
1335: 1814,1124,102,121,2247,1614,802,926,141,1402
1336: 678,1841,1406,1863,1020,2013,132
1337: 380,3,798,1408,2192,2190
1338: 947,250,267,1456,369,1442
1339: 1387,367,666,400,1446,1933,1529,138,2085
1340: 1432,1089,133,789,658,2041,345,1499
1341: 667,2018,69,2140
1342: 425,244,1947,2194,799,263
1343: 251,1275,1479,1274,269,753,1830
1344: 1289,876,1500,662,645,1288,2026,896,1325
1345: 800,1853,73,1157,2310,2072,2312,1088,579,504
1346: 1030,1897,522,2098,1976,376,927
1347: 1724,769,480,1630,65,1916,1908
1348: 
1349: 934,1513,930,1197,715,1
1350: 2229,2225,306,1365,669,402,475
1351: 253,2202,235,711,1291,1898,272
1352: 157,1313,2198,1379,928,1560,1312,506,657
1353: 1441,1679,617,292,943,399,1230
1354: 802,926,978,120,1614,1402,489,483,1968
1355: 929,24,1440,377,1977,378,1675
1356: 620,2296,1835,1239,2302,577,670
1357: 1176,803,2080,884,398,1463,156,1177,176,155
1358: 1666,274,937,1441,1555,1399,943
1359: 0,930,2047,895
1360: 134,1909,690,2124,1065,2129,2127,684,1432
1361: 400,567,2232,118,2233,666,2226,1446,1116,138
1362: 155,1177,1176,589,1024,671,1838,1019,2030
1363: 401,668,1943,1168,2246,563,122
1364: 1146,4,549,846,350,1860
1365: 1376,307,306,1584,2229,1350,402
1366: 49,1935,1431,1034,1764,332
1367: 1461,403,506,156,1313,2198,803,811,1024
1368: 1259,806,630,2193,723
1369: 275,2212,1104,1997,257,381
1370: 1661,60,2016,931,1739,1210,1008,2044,507
1371: 1573,200,2295,1704,673,1855,1703,1540,433,1871,353
1372: 919,6
1373: 775,1958,404,836,2156,2159
1374: 366,1142,2278,115,1921,889,572,364,696,662,135,2053
1375: 1419,1957,793,2027,7,1964
1376: 1365,888,307,405,308,402
1377: 452,716,379,1106,932,257,1666,274,448,1605
1378: 2157,1081,674,825,1253,404,41
1379: 136,928,500,702,2053,659,137,1999,1560,1384,1352
1380: 103,1421,769,406,1908,681,1214,1950
1381: 938,1660,1671,933,1497,225
1382: 383,276,259,973,1936,1260
1383: 1765,675,777,1759,902,2072
1384: 1560,1312,659,1314,137,1316,1379,907,2085,706
1385: 1992,2191,934,380,1405,13
1386: 911,2093,1633,18,443
1387: 1339,367,687,1529,820,138,709,512,1570
1388: 1592,407,1984,119,1974,975,2226,1116,687,978
1389: 447,935,1028,1305,1603
1390: 10,2011,887
1391: 1531,1476,1771,676
1392: 428,1473,139,140,834,999,1554,1519,826,2299,1608
1393: 1748,1670,991,1733,279,1048,2019
1394: 1801,1415,340,1418,1576,936
1395: 408,2000,1263,1043,1064,633,2125,2123,963
1396: 296,728,804,1468,1882,581
1397: 377,1977,1466,10,992
1398: 853,280,1771,741,1164,1672
1399: 877,1944,943,937,1358,304,1555
1400: 1606,368,717,469,677
1401: 1405,12,817,761,11
1402: 1780,141,1335,121,2247,802,926,1354,2175,743
1403: 1428,412,1180,409,1495,590
1404: 1715,1508,661,1321,204,938,1671
1405: 1401,12,934,1513,1385,26,13
1406: 756,1863,1829,1336,678,2013,132,344
1407: 9,805,992,461,924,2116
1408: 1337,380,26,13,1097
1409: 405,727,1695,1318,679,1172
1410: 1588,836,350,1860,1958,14,1211
1411: 1615,845,143,2153,142,123,144,2150,2152
1412: 829,284,370,750,1564,701
1413: 1730,450,1530,1673,939,2067
1414: 1259,806,734
1415: 1801,1394,1811,410,340,1501
1416: 680,334,2308,1799,1556,1816
1417: 1147,574,16,1533,430,1647
1418: 340,285,1394,1622,1455
1419: 371,1957,17,793,1375
1420: 986,1646,147,1770,167,1799,334
1421: 103,1380,1908,681,1170,1168,1950,585
1422: 1486,106,1074,1075,1514,807
1423: 1636,555,1625,51,1684
1424: 287,760,1872,300,2165,1218
1425: 605,682,266,1400,1606,1655,677
1426: 940,1924,1627,1084,2168,313
1427: 1234,1235,923,856,19,1200
1428: 412,1403,1495,694,1178,1738
1429: 1493,1101,1776,683,792,2203,551,2209
1430: 20,860,1633,1490,336
1431: 941,1034,1677,332,1825
1432: 1340,1089,2174,684,1360,1909,133,789,360,2041
1433: 21,1705,2245,1117,458
1434: 2295,1148,576,1150,2301,1711,685,1704,1703,1573,200
1435: 2177,1092,744,743,413,571,1225,2151
1436: 465,698,23,2234,2036,892,1504
1437: 248,942,1708,945,1448
1438: 170,595,781,1986,765,149
1439: 758,2040,1868,414,1692,396,2078,217,553
1440: 2047,895,24,1355,929,378,1981
1441: 1353,1679,274,452,1358,617,943
1442: 1338,267,1456,268,638,686
1443: 415,1328,1769,748,2108,527,241,240
1444: 288,1243,927,772,289,1932
1445: 689,944,1565,971,453,556,2218,901
1446: 2226,1116,687,1361,400,567,1339,1529,138
1447: 446,1778,808,1459,418,2076,1852,244
1448: 1847,1708,1437,945
1449: 2038,893,416,2108,1309,1046
1450: 290,1626,273,442,1988,612,2089,909
1451: 12,26,11,831,1569,825
1452: 1135,177,1471,566,196,1594,946,1133,2267,2259,2261
1453: 1793,1783,1535,848,79,712,688,1772,704,335
1454: 1970,490,58,57,1653,2074,573,809
1455: 1622,417,1960,285,1842,1418
1456: 1939,369,1338,1442,284,686
1457: 153,1836,2041,645,1288,154,1578,898
1458: 291,1979,617,292,1232,1584
1459: 808,418,588,1778,224,446,1447
1460: 1721,2147,106,958,1959,948
1461: 1367,403,156,1176,803,811,155,1024,671,1848
1462: 30,1948,910,29,1518,2091
1463: 884,398,1999,506,156,2035,176,1176,1357,803
1464: 419,1220,1877,762,1303,93,1857
1465: 1583,863,30,2091,45,1843
1466: 810,10,1397,1977
1467: 689,944,453,1707,2218,201,855,2063,901,2131
1468: 1882,804,908,581,309,1596
1469: 501,618,890,2031,2115,31,1544
1470: 2052,1869,338,250,267,949
1471: 811,2204,2198,403,552,1848,1594,1452,177
1472: 1921,889,532,1062,2029,366,876,1917,364,696
1473: 1693,1570,1529,820,732,709,158,139,999,972,1392
1474: 956,1727,33,445,2186,1095
1475: 767,950,2048,2055,2030,508,1781,217,1755
1476: 1771,741,1854,297,1531,1391
1477: 1892,691,1063,1820
1478: 783,394,420,1982,218,780,1994,1758
1479: 951,1890,1543,513,1883,1343,251,269
1480: 829,2228,1114
1481: 1705,1549,968
1482: 1726,952,951,1890,1185,695,2113
1483: 2213,1983,408,963,692,1106,1929,2210,932
1484: 1967,2239,374,1785,861,36
1485: 2079,587,477,904,2087,421,771
1486: 1422,106,807,1959,953
1487: 1864,352,1632,812,17
1488: 549,2190,1097,422,350,775,1958
1489: 1167,1138,113,954,2277,2183,1065,2129,114
1490: 443,693,1633,1430,336,1773
1491: 197,198,1183,2261,349,423,1812,780,219,1763
1492: 2117,471,2033,505,925,249
1493: 1101,1429,1166,75,683,94,424
1494: 246,550,2197,1098,813
1495: 694,2009,104,498,409,1428,1403
1496: 1148,576,1150,1554,1519,159,629,2299,180,2301
1497: 225,1381,933,1779,425,2194,1099
1498: 372,760,754,921,695,1842,1960
1499: 2041,345,1340,658,1887,1836,173,814,1578
1500: 364,696,662,1921,876,135,1288,1289,1344,2026
1501: 701,750,1811,1801,1415
1502: 835,78,697,1649,1937,2161,875,1078,688
1503: 2182,336,1773,956,1650,445
1504: 892,1436,698,39,1007,1729
1505: 298,699,2224,1582,337,1775
1506: 2206,1004,516,815,540,2279,96,1143,1719,1880
1507: 957,1185,253,1898,270,1199
1508: 1404,1715,2309,203,700,204,1174,938
1509: 953,958,1959,642,107
1510: 959,1320,449,1791,864,225,454
1511: 1518,1015,562,1123,29,1122,2237
1512: 2104,1788,237,745,862,778,783,1329,236
1513: 1349,934,1,817,1401,1405
1514: 1075,2149,538,426,1074
1515: 959,1158,205,818,226,1320
1516: 2056,969,1746,1687,1553,961
1517: 787,2021,2082,301,1639,906,1624
1518: 1511,1015,562,29,1462,427,2091
1519: 1554,826,1301,1392,428,2299,1496,576
1520: 1641,37,983,1912,995
1521: 794,1324,1183,1182,179,1580,2299,962,1608,592,199,1855
1522: 774,852,1975,840,1952,1669
1523: 520,1023,2285,838,1141,162,615,2094
1524: 1845,867,1043,1040,2000,1983,963
1525: 362,359,560,38,36,37
1526: 1296,1980,1025,327,819,649
1527: 994,619,1678,1696,964,1236
1528: 361,623,288,429,302,880
1529: 820,138,1446,687,1339,1387,2005,732,709,1473,1570
1530: 1673,965,323,1413,1723,939
1531: 1391,614,297,1224,1476,821
1532: 435,2097,966,1859
1533: 430,1417,16,2012,1647,823,496
1534: 699,299,829,701,1480
1535: 1649,1783,1937,2044,431,1053,608,848,1453
1536: 207,227,822,1998,1546,1782
1537: 1252,899,25,1552,39,1689
1538: 1164,853,581,432
1539: 1642,1628,823,1989,14,493
1540: 1757,239,673,859,1703,1371,1271,433,1871,636
1541: 702,2053,1142,2278,572,2281,1294,659,137,500
1542: 1956,303,1207,316,868,1850
1543: 982,1640,1787,513,1620,703,1883,1479
1544: 1073,434,2031,1469,1583
1545: 259,973,967,1202,601,1579
1546: 1782,435,227,1536,1532,1784
1547: 247,1861,1786,824,1279,2178
1548: 1923,872,1888,40,2046,1247,624
1549: 1481,968,710
1550: 704,1793,1804,1593,746,99,1901,827,1558
1551: 439,1615,622,1634,2265,164,2100
1552: 25,1569,674,825,1537,1252,41
1553: 969,1516,1730,450,961
1554: 1519,826,1301,140,1392,159,629,1496,576
1555: 304,766,873,937,1358,1899,877,1399
1556: 1816,166,2306,1155,2308,578,1416
1557: 466,705,1662,1561,188,341
1558: 827,1796,830,1550,99,2227,559,119,2233,1974,975
1559: 2305,1834,828,740,89,1766
1560: 1312,1384,702,137,136,1379,928,706,157,1352
1561: 169,1662,874,705,1557
1562: 970,1784
1563: 707,1042,1636,839,52,1071
1564: 2223,1951,370,829,1412
1565: 944,161,162,615,1023,2283,971,689,1445
1566: 837,375,1796,830,1972,342,975,1814
1567: 1212,1041,1179,339,1652,708,393,1987
1568: 1080,1268,387,2155,42,931,1739
1569: 25,1552,11,1451,674,825
1570: 1693,1473,1387,367,1529,820,138,709,1575,158,999
1571: 173,814,172,1163,346,564,883,1996
1572: 710,51
1573: 1371,200,1434,1704,1703,440,832,1871,353
1574: 664,2043,1944,399,397,305
1575: 709,512,1693,1570,2201,2081,2071,515,972
1576: 833,1801,1394,731,1714,936
1577: 1795,514,1015,816,44,1215,1678
1578: 1163,2058,1499,1457,1836,645,173,898
1579: 2001,381,967,1997,259,973,1545,718
1580: 179,2081,515,834,999,972,428,1182,1608,1521
1581: 254,1059,711,1290,1291,2098,272,1976,1222
1582: 436,699,1576,833,1505
1583: 1465,863,2031,30,1544,434,45
1584: 306,291,1458,307,1232,1365
1585: 1008,2050,2006,2044,495,835,78
1586: 1980,720,974,1680,1663
1587: 1326,1789,175,589,195,487,764,1694,1954
1588: 1410,836,1989,14,1211,43
1589: 477,904,308,669,402,1910
1590: 875,1078,2086,2161,688,437,1004,540,2158,97
1591: 456,712,61,79,80,1793,704,746
1592: 407,1984,1388,119,1974,342,975,978,120
1593: 1804,746,704,1550,100,1907,99,827,1796
1594: 1848,196,403,1471,503,1135,1452,177,946,2259
1595: 935,1304,48,1891,1028
1596: 310,309,1468,581,1602
1597: 1665,382,713,1998,1720
1598: 976,1193,1819,1985,261,260,1936
1599: 1634,568,2265,2150,2152,845,838,539,520
1600: 496,438,1647,2084,920,2111
1601: 714,1189,1244,1716,386,1278
1602: 581,311,1165,481
1603: 1305,1327,1389,1032,49,1935
1604: 1992,784,2002,1197,715,1257
1605: 779,275,452,1377,716,1679,292
1606: 1400,368,724,2095,1655
1607: 1028,447,1664
1608: 2299,962,834,1392,428,179,1580,1324,1521
1609: 1623,1690,977,1731,721
1610: 1979,718,2001,973,779,383,291,2025
1611: 1991,2217,53,1109,2214,839,1042
1612: 2069,82,64,1713,1817,850,83
1613: 1029,1850,316,470,974,720
1614: 978,120,342,975,1814,1335,802,926,1354,489
1615: 1411,845,144,439,1551,1634
1616: 286,1219,1839,840,347,1952
1617: 184,1293,2266,182,1111,556,183
1618: 1218,286,1085,2165,543,1839,841
1619: 1175,184,1292,2307,979,1631,203
1620: 513,2073,842,517,1543,982,1890
1621: 353,440,1271,1871,1068,1769,220,221
1622: 417,1455,1418,1714,936,312,2166
1623: 1609,1690,726,209,721,228
1624: 906,940,1924,2082,441
1625: 51,1684,1423
1626: 290,1450,442,1988,379,2089,1666,448
1627: 731,1714,436,1084,313
1628: 823,1539,496,438,493,843
1629: 2239,1117,22,458,354,1884,980
1630: 480,1056,82,1347,83,1916,722
1631: 2219,183,184,1292,1175,1619,202,2221,588
1632: 351,2291,812,574
1633: 20,8,1386,1430,1490,443
1634: 568,2265,1599,1615,845,1551,164
1635: 2286,5,723,1096,798,1146,4
1636: 1423,555,839,52,1563
1637: 186,1067,1002,990,1159
1638: 320,1688,981,2028,1700,1691,329
1639: 301,347,314,2021,1517
1640: 1900,232,1794,849,338,1787,1543,982
1641: 1520,861,983,987,1648,1682,995,1856
1642: 1539,846,2012,1860,823,14
1643: 1749,1752,2008,385,1987,214,2064,984,1047,1692
1644: 653,1650,445,2180,444
1645: 228,721,1786,985,942,1861
1646: 986,1420,186,334,1002,1712
1647: 847,1417,16,1533,2084,1600,496
1648: 987,358,1785,861,983,1641,1682
1649: 1783,1937,1535,2044,507,431,608,78,1502
1650: 445,1503,917,653,1644,2180
1651: 2023,988,1995,694,2009,1866,757,886
1652: 1794,339,1567,708,393,849,842,1797
1653: 1010,2007,1454,58,1052,59,809,1657,1145
1654: 314,774,2021,315,1673,965
1655: 2095,1606,1333,1425,266
1656: 187,1820
1657: 809,1145,2292,1653,1010,59,2006,495,1144,2293
1658: 1236,719,1817,1907,81,1925
1659: 989,1187,460,594,648,1132,1292,2307,1154
1660: 1381,938,1778,1174,446,933
1661: 60,1370,2016,28,931,1210,507
1662: 169,1561,168,2163,1557,993,188
1663: 1680,317,1586,2015,851
1664: 1607,447,50
1665: 1597,1637,990,382,1159
1666: 274,448,290,1626,1377,873,937,1358
1667: 84,1036,725,406,1828,609,1214
1668: 189,188,341,1833,1676,726
1669: 392,1975,1037,852,1522,2056
1670: 991,1733,997,262,1393,1048
1671: 449,1404,661,1381,938,225
1672: 853,1398,333,1767
1673: 1530,965,1654,315,1413,450
1674: 583,194,174,1177,905,176,1014,1789,175,589
1675: 1119,23,377,1355,929,992,2234
1676: 726,993,188,384,1668
1677: 941,1431,451,1825
1678: 514,1577,1215,994,619,1527,1696
1679: 1353,1441,274,452,1605,617,292
1680: 317,733,1874,974,1586,1663
1681: 62,2062,1055,2066,63,1054,1800
1682: 762,987,1648,1641,869,995,1856,1220
1683: 355,2283,181,2300,944,453,1876,1707
1684: 1625,996,1423,2070,411
1685: 454,1779,864,2097,2196,913
1686: 1050,529,997,2112,2110,2045
1687: 1746,455,392,1895,1516,2056
1688: 320,1009,2222,318,981,2015,1638
1689: 39,1007,1537,1252,998,627
1690: 1609,1623,384,1676,726
1691: 319,329,981,1638,1949,497
1692: 984,1047,1643,758,1439,2040,1798,1103,2205
1693: 1473,1570,820,709,1575,2081,834,999,972
1694: 1954,1587,589,195,764,216,1838,1019,1753,1893
1695: 1409,727,276,1260,631,277,1318
1696: 80,964,1215,1678,1527,456,1236
1697: 1012,2042,388,296,728,1164
1698: 946,1133,196,2055,897,2259,767,1969,1902
1699: 86,1886,665,1334,729,870
1700: 2028,320,1741,739,1638,502
1701: 966,1859,1284,264
1702: 1000,1736,1716,1278,824,640
1703: 673,859,1855,199,2295,1434,1573,1371,200,1540
1704: 1711,685,2295,1434,1876,1573,1371,200,832,855
1705: 1433,968,458
1706: 1800,63,46,2090,1745,1011,747
1707: 453,1876,1683,1711,689,1467,201,855,2131
1708: 1437,1448
1709: 1760,1962,1038,1001
1710: 730,1248,1806,2020,1016,1194,389
1711: 685,1704,2300,1434,1876,1707,440,832,201,855
1712: 1002,1646,680,334,1158,206
1713: 719,1817,619,1905,476,64,1612,2069
1714: 731,936,1622,1576,312,1627,1084
1715: 1404,1508,185,2309,1815,357,700,204
1716: 1003,714,1601,1736,1702,1278
1717: 483,1922,785,732,652,158,1300,140
1718: 1264,322,632
1719: 2160,1880,1004,1506,540,97,96,116
1720: 1597,713,1998
1721: 1460,86,2147,1831,1005,948
1722: 305,2043,1331,1049,473,733,1874
1723: 323,1530,939
1724: 1347,769,1057,2096,1026,480,65
1725: 1862,351
1726: 1482,952,1006,1185,593,2113
1727: 956,1474,693,1773,856,33
1728: 735,1827,1896,466,765,1807
1729: 1888,40,892,1504,1007,359
1730: 1413,450,1553,2067,1844,324
1731: 721,977,208,985
1732: 609,1214,1216,858,857,104
1733: 1670,991,736,1203,279,1393
1734: 819,1849,1332,1966,325
1735: 1186,594,1930,523,460,1033,989
1736: 1000,1702,189,1003,1716,209
1737: 474,737,511,2065,126,1282
1738: 694,1428,412,1178,738,1955,125
1739: 931,1568,2155,42,1370,1052,1008,2050
1740: 191,1127,2118,531,1248,211,2253,742,2119
1741: 1894,1756,320,739,1858,1700
1742: 67,84,485,1903,85,1828,2241
1743: 2007,634,1268,42,1010,1052,59
1744: 389,1196,1774,1194,591,212,213,231
1745: 2090,1011,46,2145,2144,1706,521
1746: 455,1687,1516,492,326,961
1747: 2235,2241,790,2243,1120,1121,2236
1748: 1393,279,1048,2019,388,2042
1749: 1643,1805,749,1752,1041,2008,1987,214
1750: 2137,69,1809,2140
1751: 858,857,1950,585,2023,988
1752: 749,215,795,487,764,1749,1643,2008,385
1753: 1868,1893,1694,1954,216,2048,1019,414,508,217
1754: 1949,1035,1297,328
1755: 745,1781,950,1475,1969,2078,217,778,236
1756: 669,1894,475,755,1910,1741
1757: 239,1540,673,859,1265,1763,433,633
1758: 867,2022,218,238,780,394,1478,1043,1845
1759: 777,1965,1383,91,71,902
1760: 2028,319,329,1038,1001
1761: 776,1013,1264,1718,322
1762: 2116,461,1119,2234,2036,2242
1763: 788,1265,219,1491,349,423,673,859,1812,1757
1764: 2057,1940,1366,1935,672,332
1765: 1383,93,675,1857,73,1157,2072
1766: 596,109,740,1559,89,878
1767: 
1768: 20,8,801
1769: 796,1068,1621,1272,221,415,1443,1328
1770: 147,1281,641,1280,2308,865,1799,1420
1771: 1476,741,1391,1398,1672,676
1772: 688,437,1783,1793,1453,1134,335,2260
1773: 336,1490,693,1503,956,1727
1774: 2020,742,1248,2120,2119,389,1744,212
1775: 871,1505,1582,436,337
1776: 75,683,1246,490,2074,792,573,1429
1777: 1968,652,802,489,744,743,413,1256,1258,1225
1778: 1174,224,1660,1459,446,1447
1779: 1685,454,1497,225,1099,2196,550
1780: 141,1402,802,926,2175,1968,744,743
1781: 414,508,950,1475,396,2078,217,1755
1782: 1546,226,822,435,1791
1783: 1649,1937,1535,608,848,875,688,1772,1453
1784: 970,227,1532,966,1562
1785: 861,2239,1484,980,358,1878,1648
1786: 824,1000,1645,228,1861,1547
1787: 338,1900,1640,1543,982,703,1883
1788: 2104,1512,237,745,1329,1058,1323,530,960
1789: 1587,1326,583,194,1674,1177,1014,365,175,195
1790: 890,2031,920,2111,879,863
1791: 435,864,226,1320,1510,1782
1792: 1794,339,591,213,1179,1181
1793: 1453,79,1591,1772,704,1550,335,1118,1901
1794: 339,1792,1652,1179,1181,232,1640,849
1795: 1021,514,1577,1015,427,816
1796: 827,830,1558,1593,100,81,837,1566
1797: 842,517,1652,708,393,849,233,2088
1798: 854,1103,2199,2064,984,1047,1692,234,1810
1799: 147,1770,2308,865,1420,334,1416
1800: 1706,63,62,1681,1011,476,747
1801: 1394,1415,1501,299,1576,833
1802: 752,1821,222,796,415,416,748
1803: 1322,2200,396,2078,553,1058,236
1804: 1593,746,80,964,1236,1550,100,1907,81
1805: 2252,193,749,215,795,1212,1041,1749
1806: 621,586,171,730,1710,1016
1807: 468,466,1728,735,341,1833
1808: 1040,2068,2104,237,1845,960,525,256
1809: 395,69,2134,536,1750,2137
1810: 252,1006,234,2088,1798,854,1017,952,593
1811: 750,686,268,410,1501,1415
1812: 238,780,2267,1491,197,423,218,788,219,1763
1813: 906,323,1946
1814: 1335,1124,1566,375,2248,342,978,1614,926
1815: 357,166,185,2309,866,1715,204
1816: 1556,166,578,680,1416,866,463
1817: 719,1713,1236,1658,1612,81,850,1925,101
1818: 2057,751,790,87,68,665
1819: 1205,241,1202,1985,882,260,1598
1820: 1477,691,464,1063
1821: 752,1802,1070,535,2136,416,748,2108,1309
1822: 242,1826,2038,893,1192,243
1823: 83,401,850,101,722,2248,1943,102
1824: 899,1873,2059,465,698,39
1825: 451,343,1431,1677,332,751
1826: 242,1822,759,1870,1192,243,900
1827: 705,1087,479,1896,466,1728
1828: 85,84,1036,1742,67,1667,609,1216
1829: 1406,756,1863,786,1315,132,344,112
1830: 1842,1343,754,269,285,753
1831: 86,1886,105,1721,1005,768
1832: 467,1549,968,710,1973
1833: 341,1807,468,1668,189,1003
1834: 2305,670,2024,1559,89,499
1835: 72,1965,1151,2296,1356,91,1152,2302
1836: 153,1457,789,2041,345,1499,154,173,1163,1578,898
1837: 770,531,1927,565,1971,2118,346,2250
1838: 216,2048,1019,589,1362,503,671,1694,2055,2030
1839: 841,1618,286,1616,301,347
1840: 348,630
1841: 131,2017,2272,111,1336,678,1020,2013
1842: 1830,754,285,1498,1455,1960
1843: 45,2062,30,1465,427,2091,1055,1021
1844: 1022,324,1730,2067,791
1845: 1524,783,394,1758,867,1043,1808,1040,2068,1983
1846: 163,2266,182,1023,2269,2094,971
1847: 1448,945,717,469
1848: 196,1594,1461,403,811,1471,1024,503,671,177,897
1849: 1734,819,326,1025,1332,797
1850: 1029,1613,1542,316,1895,868
1851: 2090,1011,518,2096,1026,480,1056
1852: 1947,903,808,446,1447,2076,244
1853: 800,1345,2312,1088,504,92,2014,2189
1854: 2045,1027,1476,741
1855: 673,859,1703,794,1183,1521,199,2295,349,1371
1856: 995,1221,1641,762,1682,1220,55
1857: 73,1157,93,1464,419,1220,1765,74
1858: 739,894,1756,755,1910,321,1741
1859: 1701,966,2097,1532,913,1284
1860: 350,1364,846,1642,1410,14
1861: 247,1547,1645,1786,942
1862: 1725,734,773,351
1863: 1406,756,1829,92,2273,1336,678
1864: 1487,352,844
1865: 945,247,368,1938,717
1866: 757,1651,123,144,124,886,439
1867: 249,925,2052,2101,947,250
1868: 1753,1893,764,385,414,1047,758,1439,217
1869: 1470,2052,955,391,1900,338
1870: 759,2076,1826,903,243,2060,900
1871: 1271,433,673,1573,1371,200,832,1540,1621,353,636
1872: 270,372,760,1184,1424,287
1873: 761,2059,1913,478,465,1824
1874: 1680,733,470,1049,1722,974
1875: 1884,354,467,1878,2215,356,1108
1876: 453,1707,2300,1683,355,1711,685,1704,855
1877: 651,869,762,1303,93,1464,1220
1878: 980,358,1875,1884,1785,356,1302
1879: 925,471,2095,912,2101,1333
1880: 1719,2160,1506,97,96,1143,1079,2281,1294,116
1881: 578,594,2306,1187,166,185,357
1882: 1468,295,804,472,908
1883: 1787,1543,513,703,1275,1479,251
1884: 1875,354,1629,980,1878,356
1885: 2222,473,1331,557,1115,2225,1112
1886: 1699,86,870,105,590,1831
1887: 763,658,345,1499,2255,491,173,814
1888: 1729,40,362,359,1923,1548
1889: 871,313
1890: 951,1479,513,2073,1620,252,1482,952
1891: 48,1028
1892: 1477,1283,2138,2141,2130,1063
1893: 1868,1753,487,764,1694,1954,216,385,414
1894: 1112,475,1756,320,1009,1741
1895: 868,392,1029,1850,455,1687
1896: 479,1915,1827,129,1728,765
1897: 1030,1346,522,2098,272,1976,600,1199,927,1241
1898: 522,1185,253,1351,2202,1507,272,1199
1899: 289,1932,304,1555,766,1911,603
1900: 1031,232,1640,391,1869,338,1787
1901: 99,2227,1793,704,1550,335,1118,827
1902: 420,1969,897,1698,946,1133,767,950,1982,1994
1903: 672,485,663,1032,1742,67
1904: 738,1955,2004,768,1286,644
1905: 476,62,1238,619,64,1236,719,1713
1906: 273,255,1323,960,525,442,1223
1907: 100,81,964,1236,1658,1804,1593
1908: 681,1347,769,1916,1380,1421
1909: 1360,134,690,684,1432,789,360
1910: 755,669,477,1589,1756
1911: 303,603,288,289,1899,361
1912: 881,37,362,1520,1923,995
1913: 817,1981,378,478,761,1873
1914: 627,363,998,2046,1051,885
1915: 479,1896,2171,544,2172,129
1916: 722,668,1630,1347,1908,681,1168
1917: 1941,876,690,2029,1921,1472,360,364,154
1918: 1310,481
1919: 174,1163,883,1996,194,2034,1213,1014,365
1920: 654,2099,782,914,482,1990,1953
1921: 1472,889,532,366,1374,2278,1917,364,696,1500,135
1922: 489,483,1717,120,785,1968,652,1300,140,1258
1923: 1548,872,362,1888,1912,881,1247
1924: 940,1426,2168,2082,484,441,1624
1925: 850,101,1658,1817,81,2248,1972
1926: 612,2089,290,772,873,1932,766
1927: 2254,565,613,1229,1129,2255,1837,770
1928: 2170,626,1250,542,2167
1929: 379,1106,256,2213,1483,1988,1223
1930: 164,2265,523,2100,460,1033,1186,1735
1931: 321,421,771,1311,1264,1013
1932: 289,1899,772,1926,873,1444,766
1933: 1316,666,117,400,1314,1339,367,2085,706
1934: 2287,806,734,723,773,5
1935: 49,1366,1603,1032,672,1764
1936: 260,259,976,1598,1382,1260,277
1937: 1649,1783,1535,78,1502,875,1078,688
1938: 368,724,247,2178,1093,1865
1939: 1456,369,918,2107,284,370
1940: 1764,2057,672,485,2235,790
1941: 876,1917,690,789,360,364,153,1288,154
1942: 1947,903,2060,263,262,2112
1943: 102,101,401,1823,1363,121,2246,563
1944: 877,1399,943,399,397,1574
1945: 89,499,131,2017,878,110
1946: 1813,323,1723
1947: 1852,903,2076,1342,244,1942,263
1948: 30,1462,493,843,879,910,863,2091
1949: 1035,497,319,1691,1754,328
1950: 585,103,1380,1421,1170,857,1751
1951: 2107,558,370,1208,2223,1564
1952: 314,1616,840,347,774,1522
1953: 84,1036,782,1920,482,1990,67
1954: 1694,1587,1326,175,195,487,764,1019,385,1753,1893
1955: 738,1904,412,105,1738,768
1956: 1542,361,303,880,1037,868
1957: 371,1419,922,2114,1375,7
1958: 775,1373,1488,350,1410,836
1959: 958,1486,106,1460,1509,953
1960: 417,1455,1842,760,1498,300
1961: 1509,953,107,127
1962: 1038,632,1709
1963: 776,1761,1310,322
1964: 501,2027,1375,7,373,618
1965: 72,1151,1835,575,777,1759,91
1966: 1332,1734,488
1967: 1484,22,924,2116,2239,374
1968: 1777,652,120,802,926,1354,1780,489,1922,743,1256
1969: 420,1902,1698,767,950,1755,862,778,1994
1970: 1454,490,58,1051,885,2007,57
1971: 2255,491,172,565,1837,346,2250,564
1972: 2248,100,81,1925,101,837,1566,375,102
1973: 710,1832,467,1039,53,2215
1974: 830,1558,559,119,975,1592,1388,978
1975: 840,302,880,1037,1522,1669
1976: 376,1222,711,254,1581,2098,612,1897,1346,927
1977: 377,1397,810,24,1355
1978: 624,1254,881,872,628,611,56
1979: 1610,718,2001,779,292,291,1458
1980: 720,1586,492,1025,1526,1296
1981: 817,1913,895,1440,1,378
1982: 218,1133,2267,2259,197,420,1902,780,1994,1478
1983: 2213,1483,1040,1524,1845,2000,256,963
1984: 1592,407,1388,978,120,785,483
1985: 2037,882,1819,261,260,1193,1598
1986: 765,781,735,1438,595,1189,149
1987: 708,393,1567,1212,1041,1749,1643,214
1988: 442,1223,379,1929,1626,1450,448
1989: 14,1539,1588,493,1211,43,2240,910
1990: 2077,782,524,1920,1953,1036,725
1991: 1611,2217,1149,1042,2297,575,2298
1992: 1604,715,1257,2191,1385
1993: 1267,108,740,494,1269,596
1994: 862,778,420,1969,1902,1982,783,394,1478,237
1995: 585,1076,2185,1651,988,2153,123,757
1996: 564,883,2251,1571,1163,174,1919,1213
1997: 967,554,2211,2212,1104,1369,1579,381
1998: 382,1597,822,207,1536
1999: 2026,896,662,136,1379,928,500,1325,884,1463,2035
2000: 408,1395,867,1263,1043,1524,2123,1983,963,692
2001: 1579,381,973,1610,1979,718,383
2002: 348,1257
2003: 2169,384
2004: 1005,768,1904,2065,126,644
2005: 785,732,2226,687,407,1529,820,138,158
2006: 1052,59,1008,2050,1585,1657,495,835
2007: 1743,363,634,1268,885,1970,58,1653,1010
2008: 385,749,1752,487,764,1749,1643,214,984,1047
2009: 1495,694,498,1651,2023,988,886
2010: 386,1244,190,621,586,229
2011: 887,1390,21,1433,2245
2012: 15,846,1533,430,1642,823
2013: 1020,1044,2257,1841,1336,1406,526,132,1128,151
2014: 2189,545,1853,1088,92,756,786
2015: 981,317,1688,1663,851,497
2016: 2155,541,606,28,931,1661,1370
2017: 131,1841,2272,1945,110,2304,526,1020
2018: 69,1045,395
2019: 1173,604,279,1748,1393,388
2020: 1774,742,1248,730,1710,389
2021: 787,1517,1639,314,1654,965
2022: 1758,867,218,238,788,219,1263,1043
2023: 1651,988,585,858,1751,104,498,2009
2024: 1152,670,1834,569,2271,499
2025: 888,307,1610,383,276,291,727
2026: 1999,896,1500,662,135,1289,1344,1325,884,398
2027: 793,2084,1375,920,1964,501
2028: 1700,1638,502,1760,1038
2029: 95,532,2127,134,690,1472,889,1917
2030: 2055,897,1362,1024,503,671,196,216,1838,2048,1475
2031: 890,1790,1469,1583,863,1544
2032: 902,2072,1137,73,800,1136,504,2273
2033: 599,210,1169,2061,2117,1492,505
2034: 1213,564,883,2251,1919,1126,891,192,193,795
2035: 506,156,1999,136,928,884,398,1463
2036: 2234,1762,1436,2242,38,892
2037: 1985,882,1046,2038,261,1192
2038: 1449,893,1046,1822,2037,261,1192
2039: 1262,502,739,894,1264,1718
2040: 758,1439,1692,396,1103,2205,553
2041: 345,1499,1432,1340,789,360,153,1457,1836,173
2042: 1012,1697,1748,528,1048,388
2043: 664,1574,305,1331,557,1049,1722
2044: 507,431,1370,1008,1585,78,1649,1535
2045: 1027,1050,1686,2049,2110,1854
2046: 1247,1051,40,998,1914,1548,57
2047: 895,1440,1195,0,1359,24
2048: 216,1838,1019,2055,897,2030,1753,508,1475
2049: 281,1050,390,2045,1854,297
2050: 1008,1585,42,1739,1052,59,2006
2051: 1156,509,584,1166,2311,94,113,1167
2052: 1470,1869,955,391,1867,249,250
2053: 702,1541,1374,1142,572,135,659,896,1379,500
2054: 1210,2237,60,2244,1217,1053
2055: 897,2030,503,1838,2048,1698,508,767,950,1475
2056: 1516,852,1669,392,969,1687
2057: 1764,1940,332,751,790,1818
2058: 1163,1578,645,898,1161,174,583,194
2059: 761,1873,11,1824,899,25
2060: 900,1870,903,1942,991,262
2061: 231,1194,1196,2033,599,505,510
2062: 45,1843,427,1055,1021,1054,2075,1681
2063: 901,2131,1467,2218,1110,1070,2220,752,222
2064: 214,1643,393,984,234,233,2088,1798
2065: 948,511,2004,1005,126,1737
2066: 1055,1073,434,63,2143,1681
2067: 1413,1730,939,791
2068: 1808,1040,862,783,394,867,2104,237,1845
2069: 1612,82,518,64,1713,1056
2070: 462,411,996,1684,1045,395
2071: 2081,907,2085,709,512,1575,657,2201,1107
2072: 902,2032,1765,1383,73,800,1345
2073: 513,1620,517,2088,252,1890,952
2074: 792,573,1246,1454,490,1776,809,1145
2075: 1054,2062,1021,514,62,1238,994
2076: 759,1870,1308,808,1447,1947,1852,903
2077: 1990,524,1057,1036,725,65
2078: 396,217,1781,1439,1755,745,553,1803,1058,236
2079: 587,1172,308,679,904,1485
2080: 1325,1289,1161,398,583,1177,905,176,1357
2081: 2071,515,512,1575,1693,657,2201,972,178,1182,1107,1580
2082: 484,1924,301,906,1624,1517
2083: 1207,304,877,603,397,1206
2084: 793,2027,847,1647,1600,920,2111
2085: 907,706,1933,1316,1339,367,1312,1384,709,512,2071
2086: 875,1078,1590,2161,516,2206,1004,540,2158
2087: 908,587,295,1485,771,1311
2088: 234,233,2064,517,1797,2073,252,1810,1006
2089: 612,909,290,1626,1450,1926,873
2090: 1745,1011,1706,521,518,1851,2096,1026
2091: 427,30,1948,1462,1465,1518,1015,1843
2092: 235,519,1103,2199,2205,553,1322,2200,1105,2202,1291
2093: 7,911,1386,373,18
2094: 1131,2269,568,520,1023,1523,1846
2095: 912,724,1879,1606,1655,1333
2096: 1057,1026,2090,2102,521,524,1851,1724
2097: 435,864,1685,1532,913,1859
2098: 272,711,1581,522,1976,1897,1346
2099: 1307,548,654,66,1920,914
2100: 1242,523,1551,622,1930,164
2101: 915,1333,1879,925,1867,947
2102: 521,1306,782,47,524,1057,2096
2103: 311,1165,916
2104: 1788,1512,237,1808,2068,1323,960,525
2105: 917,48
2106: 1227,1153,2304,526,2303,130,1231
2107: 1951,682,918,1939,558,370
2108: 416,748,1821,1443,527,1046,1449
2109: 922,2114,1348,801,911
2110: 528,1048,997,1686,2045,1027
2111: 920,2084,1600,438,879,890,1790
2112: 997,262,1942,529,263,1686
2113: 921,695,951,1726,1482,1185,957
2114: 2109,922,1957,801,911,7,2093
2115: 1235,923,31,618,1469
2116: 1762,461,924,1967,374,2242
2117: 471,1492,546,1169,2033,2184
2118: 2121,613,616,1837,770,531,1248,1061,211,1740
2119: 2120,1740,191,1774,742,1060,212,213
2120: 2119,191,1774,1060,192,607,591,212,213,1179
2121: 2118,150,613,616,770,1061
2122: 1062,2282,570,2275,2208,1139,815,2274,115,889
2123: 2125,2128,1273,1064,408,1395,2000,1066,692,534
2124: 2183,1065,2189,545,2129,786,2174,684,1360
2125: 2128,2123,1273,1064,1270,636,1395,1066
2126: 258,1066,220,1270,636,1272,221,637,2211
2127: 95,532,2276,2129,114,1062,1360,134,690,2029
2128: 2125,2123,1270,408,1066,1104,534,554,2211
2129: 114,1138,1489,2124,1065,95,2127,1360,134
2130: 186,2141,1892,986,1063,1067
2131: 2063,901,1707,1467,2139,201,855,2220,752,222
2132: 1277,639,108,494,1160
2133: 535,2136,1110,1070,2219,183,752,202,2221
2134: 536,620,462,52,1809,1071
2135: 127,2138,533,691
2136: 535,2133,1070,752,1821,202,416,1309
2137: 1750,1809,536,1239,70
2138: 533,1283,2135,1477,1892,691
2139: 201,855,440,2131,796,1068,222
2140: 69,667,1341,1750,88
2141: 1283,167,986,2130
2142: 32,19,1072,46,2143,2145
2143: 63,46,1073,1072,2142,2066,2145
2144: 2145,32,46,537,1306,1745,521
2145: 2144,32,2142,46,2143,537,1745
2146: 451,343,2149,538
2147: 729,1074,86,106,1460,1721
2148: 538,1075
2149: 87,538,426,1514
2150: 2152,1077,142,2177,1411,845,838,539,1599
2151: 2285,2177,1435,1077,571,838,539,1141,2284,615
2152: 2150,1077,143,142,123,1411,845,1599
2153: 143,2188,1076,2185,122,1995,123,1411
2154: 1079,98,1130,2262,2160,118,1295,2264,567
2155: 2016,387,541,606,1080,1268,1568,931,1739
2156: 2159,541,404,1373,1081,387,606
2157: 1378,1081,387,41,27,1266,1080,1268
2158: 540,97,875,1590,2086,437,2262,1134,98
2159: 2156,541,1373,836,606,1211
2160: 1719,1880,540,97,96,1079,98,2154,116,1295
2161: 516,2289,2292,1144,1502,697,77,1078,1590,2086
2162: 1082,2167,874,2163,169,1561
2163: 168,1082,2162,1083
2164: 312,2166,1085,1084,2168,543
2165: 2166,1085,300,1424,1618,1218
2166: 1085,2165,1622,417,300,312,2164
2167: 542,1928,1082,2162
2168: 1084,2164,543,1924,1426,484
2169: 993,168,2003,384
2170: 1928,148,874,1087
2171: 544,635,1269,148,479,1915
2172: 1267,544,1190,1915,129,1086
2173: 1086,1191,781,1298,1299,170
2174: 1089,684,545,2124,786,1315,1432
2175: 1125,1090,1780,141,1402,744,743,1092
2176: 229,386,1278,1171,640,2181,1091
2177: 1092,1435,744,2150,1077,571,2151,539
2178: 1093,1279,247,1547,230,1938
2179: 34,1094,1430,336,2182
2180: 1095,1307,1650,445,1644,444
2181: 546,1091,2176,1279,640,230
2182: 1503,34,2179,336,917
2183: 2124,1065,1088,113,2187,954,1489,2189,545
2184: 230,546,1093,2117,471,912
2185: 1076,122,547,1995,1125,143,2153,2188
2186: 33,1474,1204,1095,548,602
2187: 113,954,509,2312,1088,579,2189,2183
2188: 143,2153,142,547,2185,122,1125,1090
2189: 2014,545,1853,2312,1088,579,2187,954,2183,2124,786
2190: 2192,549,1337,1408,1097,422,1488
2191: 1257,2,1992,1385,380,3
2192: 549,2190,1337,798,1408,4
2193: 630,2,723,3,1096
2194: 1099,1497,425,1342,550,799,2197,1098
2195: 245,264,643
2196: 246,550,1685,1779,1099,913
2197: 1098,2194,529,799,1494,1050,281
2198: 157,1313,1352,1312,657,1102,1367,811,1471,2204,552
2199: 1798,854,1103,2205,1017,519,2092
2200: 1322,1803,396,2205,553,1058,2092,1105,646
2201: 657,1102,907,1575,157,2081,2071,515,178,1107
2202: 253,1351,1017,235,519,2092,1185,593,1291,1898
2203: 551,2290,792,573,1429,1100,2275,2208
2204: 811,1471,157,1313,2198,1102,403,552,566,178,177
2205: 553,1692,2040,854,1103,2199,2200,2092
2206: 1004,1506,77,516,2086,76,1139,815,2279
2207: 1182,1107,515,552,566,178,1135,592,2263
2208: 2275,2203,551,2290,1100,77,2209,76,1139,2122
2209: 2277,2276,424,1101,1429,551,570,2275,2208,95
2210: 932,257,1483,963,692,2212,1106,716
2211: 967,554,1997,2128,258,1066,2126,637,601
2212: 1104,534,408,692,1997,2210,257,1369
2213: 1483,1983,1040,256,963,1223,1106,1929
2214: 839,2216,53,1109,555,1611,1042
2215: 1109,1973,467,1875,53,1108
2216: 1039,53,51,555,2214,839
2217: 1611,1991,1109,1108,54,1149,2298
2218: 1111,556,689,1445,1467,2063,901,2220
2219: 1631,183,184,1110,1070,1175,2133,202,2221
2220: 1110,1070,1111,556,2218,2063,901,2131,183
2221: 202,1631,2219,1175,2133,588,223
2222: 473,1885,1112,318,1009,1688
2223: 1564,1113,1208,283,2228
2224: 1114,1505,298,337
2225: 2229,1350,1115,1885,1112,475
2226: 1446,1116,687,119,2233,1361,407,1388,138,2005
2227: 99,1901,1118,2260,1558,2232,2268,559,2233
2228: 283,2223,1564,829,1480
2229: 2225,1350,1232,2230,306,1365,557,1115
2230: 1230,1232,617,306,557,1115,2229
2231: 265,677,605,558,1209,1208
2232: 118,2268,1118,2227,1130,559,2233,1361,567,1116
2233: 559,119,99,2227,1558,2232,118,2268,1361,2226,1116
2234: 2036,1675,1119,23,1762,1436,465
2235: 2241,1747,672,485,1940,790,2236
2236: 68,1121,2235,1747,790,2243,1334
2237: 1122,28,1511,562,2054,1210,2244
2238: 43,1123,606,1211,28,1122
2239: 1629,22,1967,1484,980,1785
2240: 43,1123,1989,493,910,29
2241: 2235,1747,1742,485,85,1216,1120
2242: 374,560,1762,2116,2036,38
2243: 561,1120,1747,1121,2236,1180
2244: 816,2237,1015,562,2054,1210,1217,44
2245: 1117,22,2011,887,1433,924
2246: 121,2247,1943,102,1363,563,547,2249,141
2247: 121,2246,1335,1124,2249,141,1402
2248: 1972,1925,101,1823,837,375,102,1814,1124,121
2249: 563,547,121,2246,2247,122,141,1125
2250: 346,565,1971,1837,531,2251,1127,891
2251: 564,883,1996,346,2250,1126,891,2034,1213
2252: 1805,193,1126,1060,192,607,795,1179,1212,1041
2253: 1126,891,1740,191,1127,1060,192
2254: 1927,565,151,152,2256,763,613,1129,2255
2255: 491,1971,152,2256,763,1887,2254,1927,565
2256: 152,2257,1128,1317,151,1229,1129,2254,2255
2257: 1044,2013,132,1128,1227,151,152,2256
2258: 460,1033,2265,1131,2269,163,648,1132
2259: 2267,2261,1594,1135,1452,1698,946,1133,197,1982
2260: 335,1118,1772,2262,1134,2227,1130,118,2268
2261: 2267,2259,1135,1452,177,198,2263,1491,197
2262: 1134,437,2158,97,335,2260,98,2154,1130,2268
2263: 198,592,566,1182,2207,1135,177,1183,2261
2264: 1295,666,117,1079,2154,118,400,567
2265: 1634,568,1599,1551,1930,164,520,1131,1033,2258
2266: 163,1846,182,2269,648,1293,1617
2267: 2259,2261,1452,946,1133,197,420,1982,218,1812,780
2268: 2232,118,2262,335,1118,2260,2227,1130,2233
2269: 1131,2094,1023,2258,163,2266,1846
2270: 569,2271,2272,71,1137,111,1136
2271: 569,2270,91,1152,71,1137,2024
2272: 569,2270,111,499,131,2017,1841,678
2273: 504,92,2032,111,1136,678,756,1863
2274: 115,2279,76,1139,815,1062,2282,2122,1143,366
2275: 570,2208,2203,551,2209,2276,76,1139,1062,2122
2276: 2277,2209,1101,1138,570,2275,114,95,2127,1062
2277: 2209,2276,424,1101,551,1167,1138,1489,570,114
2278: 366,1374,1142,115,2279,1143,1921,572,2281,135,1541
2279: 2274,115,815,2206,1506,2282,96,1143,2278,2281
2280: 162,615,2285,1140,181,2284,2283,161
2281: 572,1294,2279,96,1143,1880,2278,116,1541
2282: 1062,2122,1139,532,2274,115,2279,889,366
2283: 1683,355,181,2280,944,1565,161,453
2284: 1140,181,160,571,1225,2285,2151,615,2280
2285: 2151,571,1225,539,1141,2284,615,2280,1523
2286: 1635,5,2288,1146,4,15
2287: 1934,773,2291,5,2288,1147
2288: 2287,2286,5,1147,15
2289: 2161,516,1145,2292,1144,697,1100,77,2293
2290: 2203,792,573,809,1145,1100,77,2293,2208
2291: 773,351,2287,1632,1147,574
2292: 809,1657,1145,495,1144,2293,2161,2289
2293: 1100,77,573,1657,1145,2292,1144,2290,516,2289,76
2294: 575,2298,1149,1303,93,675,777
2295: 1434,962,1148,1150,199,1704,1855,1703,1371,200
2296: 1071,707,620,1151,1835,1356,2302
2297: 1991,707,1042,575,2298,72,1151
2298: 575,2294,1991,2217,1149,2297,1303
2299: 962,1608,1392,428,1519,1148,1496,576,1150,1521
2300: 180,2301,1228,1683,355,1711,685,1876
2301: 180,2300,159,1148,1496,576,355,1434,685
2302: 91,1152,2296,1835,1356,577,670
2303: 130,109,1153,2304,1191,2106,1298
2304: 878,110,1153,2017,526,2303,130,1227,2106
2305: 577,670,1834,90,828,1559
2306: 165,1186,594,1155,578,1881,1556
2307: 1292,648,1132,1187,1659,1293,979,1154,1619
2308: 1155,865,1280,1799,1556,1416
2309: 185,979,1154,1815,357,203,700,1715,1508
2310: 74,2311,419,2313,73,1157,509,1345,2312,579
2311: 74,2310,2313,55,1156,509,2051,2312,579,113
2312: 1088,579,1157,2310,2311,800,1345,1853,2187,2189
2313: 55,419,1220,1255,584,74,2310,2311,1156,509