0: 1359,1195,2047
1: 1349,1513,930,895,934,1981,817
2: 1257,1992,348,1840,630,1096,3,380
3: 380,2,1992,1096,798,1408,1337
4: 1146,1635,798,1337,549,1364
5: 1368,723,806,1934
6: 1864,352,1372,919,371
7: 1964,1957,922,2114,1375,2027,373
8: 801,1768,911,20,1386,1633
9: 1397,805,887,1407
10: 1466,9,1397
11: 761,2059,1401,1569,1451,25
12: 1405,13,1401,26,1451,831
13: 1405,12,1385,380,1408,26
14: 1539,1642,1860,1410,1588,1989,493
15: 1147,430,5,723,1934,773,1146,1635
16: 574,1417,812,847,1533,1647
17: 1419,1487,352,812,847,793
18: 1235,2093,373,443,1386,1234,923
19: 1200,1427,923,1072,2142,32
20: 860,1768,8,1430,1633
21: 2011,1390,35,1433
22: 924,1967,1117,374,1629,1785,1484
23: 929,1675,1119,478,465,1436
24: 2047,1440,1195,1977,1355,929
25: 1537,11,2059,1569,899,1552,1252
26: 1408,12,13,1097,1451,422,831
27: 1080,2157,1081,1378,41,1266,634,1268
28: 606,541,2016,1123,1122,931,60,1661,1210
29: 1462,1518,43,910,1123,1122,1511
30: 879,1948,863,910,1462,1465,2091
31: 1469,1544,2115,1072,1073,2142,2143
32: 537,1072,1200,19,1427,2142,2145,1204,2144
33: 602,1204,1200,1727,1474,548
34: 336,1503,917,1650
35: 21,1705,1433
36: 1484,374,560,37,861,983,1520
37: 560,1525,36,362,983,1520,1912
38: 1762,1119,892,2036,560,1525,359
39: 1537,899,1504,1007,1252,1689
40: 1548,2046,1888,1007,1729,998
41: 1266,674,1552,1378,1252,627,27,2157
42: 1052,1268,1568,1743,1739,2155,1010,1008,2050,2006
43: 1989,1588,1211,910,493,1123,1122,29,1462
44: 1577,1215,562,816,1217,608,61
45: 1583,434,1465,1843,2066,1021,2062,1055
46: 1745,1706,2066,2142,2145,2143,63
47: 2102,1306,602,654,782,524
48: 2105,1595,653,1891
49: 447,1389,1603,1034,1664,1935,1366
50: 1607,1664,941
51: 1572,1039,1625,555,1423
52: 1636,411,462,1563,1809,2134,1071
53: 356,1875,467,1973,1039,1109,1108
54: 1302,356,1878,1108,1149,651
55: 1221,1255,1220,584,419,1156,74,509
56: 584,1254,628,881,1978,624,1221,1255
57: 885,1970,2046,1051,1247,624,1246,490,1776
58: 2007,1010,885,1970,490,1454,1653
59: 495,2006,1010,1052,1653,1657
60: 1370,1661,28,2054,562,1210,1053,507
61: 712,456,1217,44,1577,1215,608,848,1591
62: 476,1054,1681,1800,1238,747,1905
63: 1681,1800,2066,2143,1055,1706,46
64: 518,747,1011,476,1713,1612,1905,1056,2069
65: 1724,1057,2077,1026,725,1036,1347,769,406
66: 444,1305,2099,914,1327
67: 482,1953,1903,663,1742,1828,84
68: 1747,790,2057,1120,1818,1334,1121
69: 1045,2018,395,1341,2140,1750
70: 88,2140,1750,2137,1277,1237
71: 1152,569,91,902,1759,1137
72: 1965,1042,1991,575,707,1151,777
73: 2072,800,1765,1857,1157,1345
74: 1156,509,1220,55,419,1157,2051,1345,579
75: 1246,624,1254,490,1776,683,1493,1166
76: 1004,77,1144,2161,516,1100,1139,2086,815,1719,1506
77: 573,1145,551,1144,516,1100,1139,76
78: 835,1585,2044,1649,1937,697,1502,875
79: 1453,1793,608,848,712,704,1591
80: 1527,1696,964,456,704,746,1591,1804
81: 837,1972,1804,1658,1907,1925,1796,100,101
82: 722,83,1612,1056,2069,1916,1630
83: 722,82,1612,850,1817,401,1823
84: 1742,1828,1953,67,482,725,1036,1667,85
85: 485,1742,1828,84,609,1120,1216
86: 1886,1831,1699,2147,106,1721
87: 343,751,1818,426,2149,665
88: 70,2140,667,582,639
89: 1834,2024,1559,499,1945,1766,109,878
90: 577,1239,1237,1069,828
91: 1151,1965,777,1835,1759,1152,569,71
92: 2014,1853,800,1136,504,1863,756,786
93: 1765,1857,1303,1877,1464,675
94: 2051,584,1156,509,1493,1166,1167,1138,424
95: 114,2127,1138,1101,570,2129,1062,532
96: 1719,1506,1880,1004,815,2160,1143,572,1294
97: 2160,1004,540,2158,1719,1079,98,116
98: 1079,2154,540,1590,2158,437,1134,97,2160,1130,567
99: 1901,1550,335,1118,827,559,1558
100: 1593,1796,827,1804,1907,837,81
101: 102,850,1925,1972,81,1943,1823,375,1124
102: 101,1943,1823,1124,1335,121
103: 857,1751,1380,1214,1421,1950,585
104: 561,409,609,1216,858,1732,1180,498,1495
105: 1886,1831,590,412,1955,1005,768
106: 1074,2147,1486,1422,86,1721,1460,1959
107: 642,1509,1961,127
108: 2132,1559,828,1993,494,740
109: 1766,878,89,596,110,1190,1191,130,1153
110: 1945,131,2017,109,878,1020,526,2106,1153
111: 2017,1841,569,1137,1136,131,678,1336
112: 344,1315,1829,1089,132,133,1340,658,1317
113: 579,509,2051,1167,545,1088,954,1489,1065
114: 95,2127,1167,1138,1101,2129,1489,1065,532
115: 815,2122,570,1139,1062,532,889,1921,366,1143
116: 1294,647,1719,1880,97,2160,1079,2154,1295,117
117: 1316,1933,116,647,1295,666,567,1314,1339,2085
118: 1130,1134,1118,2154,559,567,400,1361,1116,1446
119: 559,830,1558,1974,975,1116,1388,1592,407
120: 978,1614,1984,1354,785,489,483,1922,1968
121: 102,1943,1363,1124,1335,1125,563,1402,141
122: 1125,563,1168,1170,1076,2153,547
123: 143,1995,2153,757,144,1411,2152
124: 622,439,886,1866,1178,694,1240
125: 145,1240,1738,1178,738,1286
126: 1904,2004,644,2065,1737,1281,737
127: 642,107,533,2135
128: 582,1251,1162
129: 781,1086,1915,544,1190,1896,765
130: 2106,1153,109,1191,1298,1299,650,1231
131: 499,1945,569,1137,2017,1841,111,110
132: 2013,1336,1406,1829,344,112,1128
133: 1340,658,1432,1315,1089,684,112,345
134: 690,2029,1917,2129,2127,1360,684,1909
135: 2053,1374,1142,364,696,1500,662,896,500
136: 1379,500,928,702,896,1999,1560,506,2035,1352
137: 659,1314,1384,702,1541,1316,1379,500,1560
138: 1387,367,1339,400,1361,1446,687,1529,1570
139: 158,140,820,1473,834,999,826,1392
140: 158,1717,139,732,1922,1300,826,1392,1301,1554
141: 1090,1780,1335,121,1125,563,802,1402
142: 547,1125,2153,1090,143,539,1092,1077,2150,2152
143: 123,1995,2153,547,142,1077,1411,2152
144: 757,123,1866,1411,845,1615,439
145: 125,1240,1286,146,1242,1287
146: 1242,145,523,1287,1280,1186,165
147: 737,167,1281,1770,1799,1420,986
148: 635,1269,1250,1915,544,1087,479
149: 1189,1244,1986,1438,595,190
150: 1229,613,650,1231,1188,616,2121
151: 1128,152,1044,2013,1227,1229,1129
152: 151,1128,344,763,1317,1129,1927,565,491
153: 1457,1836,2041,1340,789,360,645,154
154: 645,1288,789,360,1941,876,153,1457
155: 1461,803,1176,1357,1362,1024,503,671
156: 1461,803,506,1463,2035,1313,1367,403
157: 1313,1352,1312,657,811,1367,1102
158: 140,1717,139,820,2005,732,1473,999
159: 1301,1554,160,1228,629,1148,1496,180
160: 1228,629,1256,1258,1225,159,1140,181
161: 1683,181,1140,162,615,944,1565,453
162: 1523,615,1141,1140,1023,161,944,1565
163: 648,1132,1131,1033,182,1846,971,1659,1617,1292,1293
164: 568,1634,1551,2100,1131,1033,1930
165: 1155,146,1280,1186,594,578
166: 1556,578,1881,1816,357,1815,866
167: 147,737,474,2141,1892,1420,986,2130
168: 1083,169,993
169: 1082,1662,1561
170: 1249,595,781,1086,1298,1299,1438
171: 625,1245,621,1248,1233,1806,730
172: 814,1571,565,491,1971,173,346,564
173: 1578,1163,1499,1836,172,814,1571
174: 1996,1919,1163,2058,583,194,1213,1014,1789
175: 589,195,194,1177,1674,1326,1789,1587
176: 1177,905,1674,1325,2080,884,398,1176,1357,589
177: 1135,1452,1471,552,1594,566,946,197
178: 1182,515,657,1107,2081,552,1102,1135,592,566
179: 1608,1521,834,1580,1182,515,592,1324
180: 355,159,1228,629,1148,1496,181,1434,685,1876
181: 1683,161,160,1228,1140,180,355,1876
182: 1846,971,1131,1445,648,163,556,183,1617,1293
183: 1617,182,556,1293,184,1111,1110,1631
184: 1292,1293,648,183,1110,1175,1631,1619
185: 1715,357,1881,1187,979,1154,1815,203,1508,700
186: 2130,1646,986,1067,1637,1002
187: 464,1656,990,1665,1597
188: 1668,1662,993,341,1676
189: 209,1736,1668,1833,726,1003
190: 1245,621,595,1244,149,386,2010
191: 1127,1126,531,1740,742,2119,1060,2120
192: 1212,193,1126,2034,1213,1060,607,1805,1179
193: 1212,192,1126,2034,1213,365,749,1805,795
194: 583,2058,1919,174,905,1674,1014,1326,1789,175
195: 175,589,1177,1789,1587,1019,487,1954,1694
196: 1848,1594,1024,503,1452,897,2030,1698,946,1133
197: 1133,780,1135,1452,177,198,566,946,1491,1982,1812
198: 592,566,1182,1135,1324,1183,197,780,423,1491
199: 1150,1703,1855,1521,576,962,794,1324,673
200: 1434,1704,1150,1703,673,1371,1573,1871,832
201: 2131,2139,1711,453,1467,1707,901,855,1068,222
202: 588,223,1110,2133,1175,1631,535,2136
203: 979,185,1175,1619,1508,700,588,224,1174
204: 661,1404,1715,1815,866,1321
205: 463,866,1158,1515,959,1321,1320
206: 1159,580,818,1712,1637,1002,1158,1515
207: 1998,1720,227,1536
208: 985,1731,459
209: 189,1736,726,1623,228,1000
210: 1016,1091,1171,1194,1169,2033,599
211: 1740,742,1061,2118,1248,1233,2020,2119
212: 1744,591,1774,2119,2120,607,213
213: 1792,1060,2120,607,591,212,1179,1181,339
214: 1041,1749,1987,2008,1643,708,393,2064,984
215: 487,764,1752,365,1326,1587,749,1805,795
216: 1838,1753,2048,1019,1893,1694,2030,414,508
217: 414,508,1868,1781,1475,396,2078,1803,1439,1755
218: 1478,1982,780,1491,420,238,1812,1758,867
219: 788,1265,423,1491,1763,238,1812,2022
220: 1270,636,1271,221,1272,1328,2126,1066,637
221: 1769,1621,353,1271,220,636,1272,1328
222: 1802,796,1068,2131,201,2139,2063,752,1821
223: 588,202,2133,535,655,1308,418
224: 1459,1778,1175,203,588,1174,418
225: 1381,1671,454,449,1497,933,1779
226: 1320,1515,818,822,1791,1782
227: 1536,207,1546,970,1784
228: 209,1736,1623,721,1000,1645,1786
229: 1091,1171,386,2010,586,1278
230: 1279,640,1091,1169,1093,546
231: 1031,1181,1196,1744,591,599,2061,510,232
232: 1794,231,1031,1181,1900,1640,849
233: 517,2088,234,1797,393,2064,842
234: 517,233,2088,1797,393,2064,984,1798,1810
235: 519,2092,1103,593,1017,1291,1105,1185,253,1351
236: 1755,1781,2078,1803,778,745,1322,530,1058,1329
237: 783,394,862,1994,2104,1512,1808,1040,2068
238: 1812,1758,218,788,219,867,2022
239: 1757,1540,1265,633,1271,433,1064,1273,1270,636
240: 1205,601,637,1272,1328,527,1443,1819,241
241: 882,1819,527,1443,1205,240
242: 1308,893,655,1822,1826,759
243: 597,1822,1192,1870,1826,736,900
244: 446,1447,1852,933,425,903,1342,1947
245: 813,1284,1226,264,643,1285
246: 1284,913,1859,1494,550,813
247: 1865,1861,1547,1279,248,1938,1093
248: 942,1861,1865,247,1437,945
249: 925,1492,955,2101,250,1867,2052
250: 1867,2052,249,1470,1869,1338,267
251: 1275,1883,513,269,1479,1343,1274
252: 1890,1006,952,1620,517,2088,513,2073,1726
253: 1898,1351,1507,593,235,1185,272
254: 1323,1059,646,1290,255,711,1222,1581,1976,273
255: 1906,960,1788,1323,254,1059,1222,273
256: 1223,525,1929,1808,1040,1983,1524,1106
257: 692,1483,1106,963,1369,1104,1377,716,932,275
258: 2126,1066,1270,554,601,637,967
259: 1382,1579,1202,1545,260,973,383,976,1936,1260
260: 1598,1985,1205,1819,1202,1193,259,976,1936
261: 1193,2037,2038,1192,1985,597,278
262: 2060,991,903,2112,1942,1670,997
263: 1342,1947,799,2112,1942,529
264: 1701,457,245
265: 1330,677,605,1209
266: 918,1333,1425,1655,915,682
267: 1338,1456,250,949,1470,638,1442
268: 1811,410,638,1442,1275,686,753,1274
269: 1479,951,251,695,1343,1274,754,1830
270: 1185,957,1507,921,372,1199,1872,1184
271: 1184,600,287,1241,610,1198
272: 711,2098,1291,253,1898,1351,1581,1199,522
273: 909,254,255,1906,960,1223,1222,442,1450,612
274: 1666,1358,448,1377,937,452,1441
275: 718,381,257,1369,1104,716,1605,779
276: 727,888,383,1382,1260,2025,1695
277: 1695,976,1260,1261,631,1318,1409
278: 1261,1193,261,597,1203,1201,631
279: 1393,1733,736,1203,604,2019,1748
280: 1027,528,1012,741,1164,1398
281: 529,1226,1098,2049,1050,390
282: 
283: 1480,1564,829,282
284: 750,686,369,1456,370,1939,1412
285: 1455,1418,753,1343,1830,1842,340,1394
286: 1219,610,1218,1198,841,1618,1839,1616
287: 1872,1424,271,1184,1218,610
288: 1528,1243,1444,289,623,361,1911,880
289: 1932,1243,1444,288,361,1911,1899
290: 937,873,1626,1450,2089,1926,1666
291: 2025,1610,383,292,1979,1458,307,1584
292: 1979,779,718,1605,1679,291,1353,1232,1458,617
293: 631,1318,1319,660,294,1172
294: 1172,293,660,2079,472,587,295,1882
295: 1882,294,472,2087,587,1468,309,908
296: 1165,728,1697,1164,581,1396,1538
297: 614,390,2049,1854,1531,1476
298: 1114,1480,1534,699,1505
299: 1415,1501,701,1801,1534,699,833
300: 312,1085,417,760,1960,1872,1424,1622,1218
301: 2082,543,841,1839,484,1639,347,1517
302: 840,429,1528,880,1975,1522
303: 1542,1956,361,1911,603,1207,868
304: 603,2083,766,1555,1899,877
305: 1206,1049,2083,397,1944,1574,2043,470
306: 1365,1350,1232,1584,557,402,1885,1115
307: 1584,2025,291,888,1458,1376,1365
308: 405,1376,679,1365,402,1589,904
309: 1311,908,295,1468,1596,656
310: 1310,1596,1602,656,481,311
311: 481,1602,2103
312: 300,1085,417,1622,1714,1084
313: 940,1627,1426,871,1889,1924
314: 1639,347,774,1952,2021,1654
315: 774,852,1654,969,450,1673
316: 1207,1542,1206,1613,1850,470
317: 981,1688,1680,733,318,1663,2015
318: 1112,473,733,1009,317,1688
319: 329,1949,1691,1760,1001,328
320: 1894,1009,1741,1688,1700,1638
321: 421,1910,755,477,771,1264,894,1931
322: 1718,1761,632
323: 1813,787,1530,965,1946,1723
324: 1553,1730,961,1022,797
325: 1734,819,649
326: 961,1746,492,1025,797,1849
327: 1035,851,1526,1296,649,1297
328: 1001,1949,319,1754
329: 319,1700,1638,2028,1691,1760
332: 1431,1366,1764,1825,2057,751
333: 1672,432,853,916,1767
334: 1646,1420,1799,680,1416,1712
335: 1118,1453,1793,1772,1134,99,1901,1130
336: 1430,1490,1773,1503
337: 1114,298,1505,1775
338: 949,1470,1869,391,1900,1640,703,1787
339: 708,1652,1797,213,1792,1179,1567,1794,849
340: 1801,1394,410,753,1415,285,1418
341: 1833,1807,1662,1557,466,1668,188
342: 1566,375,975,1124,1814,978,1614,926
343: 87,1677,1825,451,751,2149
344: 112,1315,1829,132,2013,658,1128,152,1317
345: 1887,1499,133,1340,658,1317,1836,2041,814
346: 1837,1971,172,531,564,1127,891
347: 314,1639,841,1839,1616,301,1952
348: 2002,1840
349: 1763,794,1183,1855,423,673,859,1265
350: 1860,1410,549,1364,1488,1958
351: 773,1862,844,1632
352: 6,1864,1487,17,1419,371,1957
353: 1371,1573,1871,440,832,1068,1271,433,221,1621
354: 1629,1705,458,968,1875,1884,980
355: 180,1228,1148,1683,181,1711,685,453,1707,1876
356: 53,1875,1884,1878,1108,54
357: 1715,185,1881,1187,166,578,1815
358: 861,1648,1785,980,1878,1302,987
359: 1888,362,38,892,2036,1525,1729
360: 1941,1909,690,789,153,154
361: 1911,289,288,1528,603,880,303,1956
362: 359,1888,37,1525,1912,1923
363: 634,627,1266,1051,1914,885,2007
364: 696,876,1917,1472,1921,1941,135,1374,1500
365: 1213,1919,1014,1326,1789,193,795,215
366: 1143,1142,815,115,889,1472,1921,1374
367: 138,1387,1339,1316,1933,907,2085,709,512
368: 1865,1938,945,724,1606,717,1847
369: 947,915,918,1338,1456,1939,284,686
370: 1939,2107,284,1951,1564,1412
371: 1957,922,6,352,919,1419
372: 921,1498,695,957,270,760,1960,1872,1424
373: 2093,2114,7,1964,618,1235,18
374: 2116,1967,22,1762,1484,36,560
375: 342,1566,837,1972,101,975,1124,1814
376: 927,1346,2098,1222,1976,772,612,1030,1444
377: 1355,1977,1397,805,992,1675
378: 1981,1913,1440,895,929,478
379: 448,1377,1929,1106,1483,1988,1626,932
380: 3,2,1992,1385,13,1408
381: 275,718,1369,1104,1997,1579,2001,973,1610
382: 1665,1597,1998
383: 2001,973,259,1382,2025,291,1610,276
384: 2003,1690,1676
385: 1868,764,1752,1893,2008,1643,1047,758
386: 1601,1244,190,2010,586,1278,229
387: 541,2016,2156,1080,1081,931,2155
388: 1173,2019,1012,2042,1748,728,1697
389: 730,1710,2020,1774,1194,1196,1744
390: 614,297,281,1226,2049,643
391: 1900,510,1031,955,2052,1869,338
392: 868,1895,1669,1037,2056,1687
393: 2064,1987,214,1643,708,1797,233,234
394: 783,237,1478,1758,1845,867,2068,1524
395: 1809,462,1045,69,1750,2137
396: 2078,1803,1439,414,217,758,2040,1103,1322,553
397: 1944,877,2083,1574,1207,1206,305
398: 884,2026,1325,2080,1463,905,176,1176,1357
399: 664,1230,1574,943,1353,617,1944
400: 567,1361,118,666,1116,1446,1933,138,1387,1339
401: 1943,1823,850,722,83,1916,668,1363
402: 1589,308,1376,1365,1350,306,904,669
403: 811,1471,1367,156,1461,1024,1848,1594
404: 1373,2156,1253,775,1378,1081
405: 308,1376,727,888,679,1409
406: 1214,65,725,1667,1380,769
407: 1592,1984,119,1388,687,785,2005,732
408: 1395,534,2123,1043,2000,2128,963,692,1483,1104
409: 561,104,1180,498,1495,1403
410: 268,1811,753,1274,1415,1501,340
411: 462,1684,1423,52,1636
412: 590,1495,1403,105,1738,1428,1955,738
413: 571,1225,1777,744,1435,743,1092,1256
414: 508,217,1893,216,1753,1868,1781,1475,758,396,1439
415: 1802,796,1769,1328,527,1443,748
416: 1449,2108,1802,752,1821,527,748,1309,1046
417: 760,1960,1455,1418,1622,312,300
418: 1308,588,223,224,1459,655,808,1447
419: 1157,1464,1220,55,1857,74
420: 1969,1902,1133,1478,218,1982,862,778,1994,783
421: 321,1910,477,1485,2087,771
422: 831,1253,26,1097,775,1488
423: 1491,198,1183,349,1763,1812,1265,219
424: 1138,1101,94,2051,1429,1493,1166,1167
425: 1497,933,446,244,1342,1947,1099,799
426: 2149,665,87,1514,1074,729,1422
427: 1021,1795,1518,1465,1843,2091,1511,1015,2062
428: 576,962,834,1580,826,1392,1519,1608,1521
429: 1198,623,1219,1528,840,302
430: 15,1147,1146,1417,2012,846
431: 1053,507,2044,1217,1649,1535,608,848
432: 853,1538,333,2103,916
433: 1271,1540,353,1371,1871,1757,239,1273,636
434: 45,1583,2031,1544,1073,2066,1055
435: 864,1791,1546,1782,2097,1532
436: 731,1627,1775,1582,871
437: 1134,875,688,1772,1590,2158,98,1130
438: 2111,1600,496,1628,843,879,1948
439: 622,124,144,1866,1615,1551
440: 832,855,1068,353,1573,2139,1271,1769,1621
441: 906,940,1624,1018
442: 1988,1626,1450,1906,1223,273,909
443: 1386,1490,1633,1234,693
444: 66,1644,1304,1305
445: 1474,956,1503,1650,1644
446: 244,1778,1660,1381,1447,1852,933,425
447: 1028,935,1389,1607,49,1034,1664
448: 1377,379,1988,1626,932,1666,274,452
449: 454,1510,661,959,1381,225,1671
450: 1413,1673,315,969,1553,1730
451: 1677,343,2146
452: 1441,1605,1679,448,1377,716,274,1358,779
453: 1467,1707,1876,355,1683,161,944,689,901,201
454: 1510,449,225,864,1685,1779
455: 1687,1746,1895,1850,492,1029
456: 61,712,1215,1678,1696,80,1591
457: 1562,966,1701,264
458: 1433,1117,1705,968,354,1629
459: 985,208,942,1708,1437
460: 1930,1735,523,1033,594,1132,989,1659
461: 1407,805,992,1119,2116,1762
462: 411,52,395,1809,2134
463: 205,866,680,1816,1712,1158,1321
464: 1067,1063,1656,1820,990,187
465: 478,1873,1824,23,1436,698
466: 705,1827,1557,1728,735,341,1807
467: 1832,968,1973,53,1875
468: 735,1833,1807,1189,1003,714
469: 717,1847,1400,1330,677
470: 974,316,1206,305,1049,1613,1874
471: 912,546,1093,925,2117,2095,1879
472: 660,1173,294,804,295,1882
473: 1112,1885,1722,1331,733,318
474: 1283,1282,1737,737,167,2141,1892
475: 1115,1350,1112,669,1756,1894
476: 62,1800,1238,747,64,619,1713,1905
477: 904,1485,2079,1589,321,421,1910
478: 1873,465,929,378,1913,23
479: 1087,1827,148,1915,544,1896
480: 1026,1851,1056,1724,1916,1347,1630
481: 311,1310,310,1918
482: 67,2099,914,1920,1953,663,84
483: 489,1922,1984,120,785,732,1717,1300
484: 1624,1924,543,841,2082,301
485: 85,1903,672,1742,790,1940,1120
486: 939,1723
487: 215,764,1752,1326,1587,195,1893,1954
488: 1022,1332,1844
489: 483,1922,120,1614,1354,1968,1777,1300,652
490: 2074,1776,1454,57,1970,58,75,1246
491: 565,1971,152,763,1887,172,814
492: 1029,1746,455,1980,720,326,1025
493: 910,843,1539,14,1628,43,1989,1948
494: 1269,1993,639,108,2132,1160
495: 2006,59,1657,835,1585,1145,1144,2161,697
496: 1628,1533,823,1600,1647,438,843
497: 1949,1691,2015,981,1035,851
498: 2009,2023,858,1732,409,104,1495
499: 1945,131,2024,1152,569,89,1834
500: 136,1379,928,135,2053,702,137,896,1999,2035
501: 618,2027,1964,920,890,1469
502: 2028,739,1700,1262,2039,1038
503: 1024,671,155,1848,196,1838,897,2030
504: 1136,2032,2072,800,1853,92,1863
505: 599,2061,510,2033,1492,955
506: 1463,2035,136,928,1313,1352,156,1367
507: 1053,431,2044,1370,60,2054,1008,1649
508: 414,217,216,1753,2048,2055,1868,1781,1475
509: 1156,74,55,1157,94,2051,113,579,1167
510: 505,599,2061,231,1031,955,391,1900
511: 948,2065,958,1737,1282
512: 709,1575,1387,367,907,2085,657,1107,2071
513: 2073,1620,703,1543,1883,252,1890,251,1479,951
514: 1678,1021,1795,1577,1215,994,2075
515: 1182,178,1107,2081,1580,972,179,566
516: 1144,2161,77,1145,697,1078,76,1004,2086
517: 233,2088,234,1797,842,1620,2073,252,1006
518: 747,1011,64,1851,2090,1056,2069
519: 235,854,1810,2092,1103,593,1017,1105
520: 838,1599,1141,568,1523,2094,1023,1131
521: 2144,537,1745,2102,1306,1011,2096,1851,2090
522: 1897,1898,272,2098,1199,1346,600
523: 2100,622,146,1242,460,1930,1735,1186
524: 1057,2077,47,2102,782,2096,1990
525: 1223,256,1929,2104,1788,1808,1040,1906,960
526: 1020,1044,2017,110,2106,1153,1227
527: 1443,748,415,416,2108,240,882,1819,241,1046
528: 280,1027,1048,2110,1012,2042
529: 281,263,799,2112,1098,1686,1050
530: 1058,1329,236,1322,1788,646,1323,1059
531: 2118,770,1927,346,1837,1740,191,1127
532: 1062,95,114,2127,115,2029,889,1472,1921
533: 642,2135,2138
534: 408,1395,2123,2125,554,2128,963,692,1104
535: 2136,1070,2133,1821,223,202,655,1309
536: 1239,620,1809,2134,2137,1356
537: 32,2145,602,1204,1745,521,2144,1306
538: 2146,2148,2149,1514,1075
539: 1092,1077,142,1435,2150,2152,571,1141,2151,838
540: 1590,2158,2086,1078,1004,1719,97,2160,98
541: 387,2016,1373,2156,2159,606,28
542: 1251,626,1928,1082
543: 1084,1085,841,1618,1924,484,301
544: 1915,1269,1993,1267,596,148,1190,129
545: 1088,954,113,2014,1853,1065,786,1089,2124
546: 912,471,230,1169,1093,925,2117
547: 142,122,1125,563,1076,2153,1090,143,2152
548: 1307,1095,445,1474,33,602,1204,654
549: 1337,1097,798,1146,4,1364,1488,1958,350,1860
550: 1494,1497,1685,1779,913,1099,246,1098
551: 792,1429,683,573,77,1101,570,1100
552: 1102,1107,811,1471,1182,178,1594,1135,1452,177,566
553: 1322,1692,2040,396,2078,1803,1439,2092,1103,1058,646,1105
554: 2128,2125,534,258,2126,1066,1369,1104,1997,967,1579
555: 1423,51,1039,1109,1636,839
556: 689,901,1445,182,971,1467,183,1617,1111,1110
557: 1232,617,664,1230,306,1331,1112,1885,1115
558: 682,2107,1425,605,1209,1208,1113,1951
559: 119,1118,99,1901,827,1130,118,1558,1974,1361,1116,1388
560: 37,1525,374,38,1762,1484,36
561: 409,104,1120,1216,1747,1180,1121
562: 2054,1210,1122,60,816,1511,1015,1053,1217,44
563: 122,1125,1943,1168,1363,121,141,547
564: 883,1971,172,1571,1163,346,1996,1127,891,2034
565: 491,1971,152,763,1129,1927,172,770,1837
566: 198,592,552,1102,1182,178,515,1135,177,197
567: 400,1361,1079,98,2154,1130,118,1295,666,1116,117,1339
568: 164,1634,845,838,1599,520,2094,1131,1033
569: 1152,71,91,2024,1137,499,1945,131,111
570: 1429,551,1138,1101,1100,1139,95,1062,115,2122
571: 1225,413,1435,539,1092,1256,1141,2151,1140,615
572: 96,1880,1143,1142,1294,1541,659
573: 77,1145,2074,809,792,551,1100
574: 16,1417,351,773,1632,812
575: 1149,1303,1991,72,777,675
576: 962,428,1519,1554,1148,1496,1150,199,1434
577: 90,1239,1356,2024,670,1559,828,1834
578: 1556,166,594,1155,165,1881,1187,357
579: 113,1157,74,509,2051,1345,1853,1088
580: 1159,818,206,382,1665,822,1998
581: 1396,1468,1165,296,1596,1602
582: 1276,88,639,1162
583: 194,1163,898,1161,2058,2080,174,1177,905,1674,1789
584: 56,1254,1255,55,1156,94,2051,1166
585: 988,1950,1170,103,1751,1076,1995,2153,2023
586: 2010,621,386,1806,229,1091,1171,1016
587: 2087,2079,294,1172,1485,295,908
588: 223,202,1175,203,224,1459,1308,418
589: 175,195,1177,1674,176,1176,1587,1362,1019,1694,1838
590: 412,1180,870,1403,1886,1831,105,1955
591: 1744,212,1774,2120,1196,213,1792,231,1181
592: 198,566,1182,178,179,1135,794,1324,1183,1491
593: 1726,1017,2092,1006,235,519,1185,253,1351
594: 1186,460,1735,165,989,1881,1187,578
595: 170,1249,1299,1438,149,190,1245
596: 1267,740,1766,109,544,1190,1191
597: 243,1192,1193,261,736,900,278,1203,1201
598: 1359,930,1197
599: 505,2061,510,210,1194,1196,2033,231
600: 271,1184,1199,522,1897,1241,1030
601: 1205,240,637,258,2126,967,1579,1202,1545
602: 33,1204,537,548,47,1306,654
603: 2083,304,766,361,1911,1899,877,303,1542,1207
604: 1319,660,1203,1201,279,1173,2019
605: 1425,677,265,1209
606: 28,836,2159,1211,541,2016,1123
607: 1060,2120,1126,1212,192,212,213,1179
608: 848,1053,431,1217,44,1649,1535,61,712,79
609: 1667,1828,85,1214,1216,857,1732,104
610: 1219,286,1424,287,271,1218,1198
611: 628,1641,1520,1912,995,881,1978,1221
612: 772,2089,1926,1222,1976,273,909,1450,927,376
613: 150,1229,1129,1927,616,2121,770
614: 297,390,643,1531,1476,1224
615: 162,1523,571,1225,1141,2151,1140,161
616: 2121,1061,150,613,625,1188,1233
617: 1232,1458,1679,292,1353,1230,399,557
618: 501,1964,373,1235,890,1469,2115
619: 1236,1678,1238,994,476,1527,964,719,1713,1905
620: 536,1239,2134,1071,707,1151,1835,1356
621: 190,1245,171,2010,586,1806
622: 124,439,1615,1240,1551,523,2100,1242
623: 429,1198,1241,1030,1243,288,1528
624: 1247,1548,872,1978,57,56,1254,75,1246
625: 1188,1249,616,1061,1245,171,1233
626: 1928,1250,1251,1162,542
627: 1252,1689,41,1266,1914,998,363,634
628: 611,995,881,1978,1221,1255,56
629: 160,1228,1300,1256,1258,1301,1554,159,1496,180
630: 1096,1840,1259,2,1368
631: 293,1318,278,1261,1201,277,1319
632: 1262,322,1718,1962
633: 788,1265,1757,239,2022,1064,1263,1273
634: 363,627,1266,27,1268,1568,1743,885,2007,1010
635: 1160,1162,1269,626,1250,148
636: 220,1270,239,1271,433,221,1273,2126
637: 1205,240,601,220,1272,258,2126,1066
638: 1442,949,1470,703,267,1275,268,1274
639: 88,582,2132,1160,494
640: 1278,1702,824,1091,1547,1279,230
641: 1281,1770,1286,644,1287,1280,1155,865,1799
642: 107,1509,958,1283,1282,533
643: 1226,245,813,614,390
644: 126,1904,2004,1286,1287,1281,641
645: 1288,154,153,1457,1289,1578,898,1161
646: 1291,1105,1290,1322,553,530,1058,1323,254,1059
647: 116,1294,1079,1295,666,659,1314,117,1316
648: 163,1132,182,1659,1292,1293,184,1154
649: 1526,327,1734,819,1297,325
650: 1231,130,1298,1299,150,1188
651: 1149,1303,54,1302,869,1877
652: 1256,1258,489,1922,1968,1777,1300
653: 1595,1304,917,1650,2105,48,1644
654: 2099,782,602,548,1307,1095,47,1920
655: 893,1309,535,2136,223,1449,1308,242,418
656: 776,1013,309,1311,1596,1310,310
657: 1312,907,706,512,157,1352,1107,2071,1102,178
658: 133,1340,344,112,763,1317,1887,345,2041
659: 1314,1384,137,572,1294,647,702,1541
660: 1319,604,293,1173,294,472,804
661: 204,1404,959,1321,1671,449
662: 2026,896,1999,696,135,1500,1344,1325
663: 1032,1903,914,1603,1327,67,482
664: 1230,399,1574,557,2043,1331
665: 426,751,87,1818,1334,729
666: 1295,647,567,400,1361,117,1933,1339
667: 1276,1341,2140,88
668: 1168,681,1363,722,1916,1908,401
669: 1756,1350,402,1589,475,1910,755
670: 2024,1239,1835,1356,577,1152,1834
671: 1024,503,1176,155,1362,1019,1848,1838,2030
672: 1032,1903,1935,1764,485,1940
673: 859,1540,199,1703,1855,200,349,1371,1871,1757
674: 1552,1569,825,1253,1378,1252,41,2157
675: 777,1303,575,93,1765,1383
676: 1391,1672,1771,333
677: 1330,469,1425,1400,605
678: 1406,1863,1136,1841,111,1336
679: 2079,1409,727,405,308,1172,904
680: 1816,1416,334,1556,1712,463,1158
681: 1168,668,1363,1916,1908,1421,1950,1170
682: 558,2107,1425,266,918,605
683: 1429,1493,1166,75,1246,2074,1776,792,551
684: 1360,1909,1065,1089,2124,134,133,1432,789
685: 1711,1148,180,355,1434,1704,1876,832
686: 284,750,369,1456,1442,268,1811
687: 1116,1446,1388,407,138,1529,820,785,2005
688: 1783,875,1937,1453,1772,1590,437,1134
689: 556,901,944,1565,1445,453,1467,1111
690: 134,2029,1917,1360,1909,360,1941,876
691: 2135,1477,1820
692: 257,1483,408,534,1106,963,1369,1104
693: 1773,443,1490,1234,1727,856
694: 1738,1178,1428,2009,1651,1495,886,124
695: 1482,269,951,2113,957,754,921,1498,372
696: 364,876,1917,1921,135,1374,1288,1500,1344,662,896
697: 1078,1502,495,2006,835,78,1144,2161,516
698: 899,1504,465,1824,892,1436,2036
699: 833,299,1534,298,1505,1582
700: 1508,979,1715,185,203,1174
701: 829,1412,750,299,1501,1534
702: 1541,1142,2053,659,1384,137,896,136,1379,500
703: 1543,1883,1787,949,338,513,638,1275
704: 746,1591,712,80,79,1453,1793,1901,1550,1593
705: 1087,1827,874,1561,1557,466
706: 907,2085,1314,1384,1316,1560,1312,657
707: 1071,1151,1563,1042,1991,72
708: 339,1652,1797,1179,1567,1987,214,393
709: 512,1575,1387,367,1693,1570,2071
710: 1832,1572,1973
711: 272,2098,1291,1290,254,1898,1351,1581,1976
712: 61,456,1215,608,848,79,704,1591
713: 1597,1720
714: 1003,1716,468,1189,1244,1601
715: 1604,1197,1349,934,1385
716: 932,257,1377,275,452,1605,779
717: 469,1847,945,368,1606,1400
718: 275,381,1369,2001,292,1979,779,1610
719: 1713,1612,1905,619,1236,1658,1817
720: 1980,1586,1613,974,492,1029
721: 1609,1623,228,985,1731,1645
722: 83,82,1916,1630,401,1823,668,1363
723: 5,1368,1096,1146,1635
724: 1606,1938,1093,912,368,2095
725: 1036,1667,2077,65,84,769,1214,406
726: 1690,1676,1668,209,189,1623
727: 888,276,1260,1695,405,679,1409
728: 804,388,1173,1697,1396,296
729: 1074,2147,1334,426,665,1699
730: 389,1710,2020,171,1248,1233,1806
731: 436,1627,1576,936,1582,1714
732: 785,2005,407,820,483,1922,1473,158,140,1717
733: 1680,1874,1722,473,318,317
734: 806,1725,1862,1934
735: 1728,765,466,1986,1807,468,1189
736: 900,597,243,991,1203,279,1733
737: 147,167,126,1737,474,1281
738: 1955,412,1738,768,125,1286,1904
739: 502,2028,1858,1741,894,1700,2039
740: 1267,596,108,1559,828,1993,1766
741: 1854,280,1027,1476,1398,1672,1771
742: 211,1740,1248,191,2020,1774,2119
743: 744,1435,802,1090,1780,1968,1777,1256,413
744: 1435,743,802,1090,1780,1777,1092,413
745: 862,778,1994,1755,236,1329,1788,1512
746: 704,1591,964,80,1804,1550,1593,827
747: 518,1011,64,1800,1706,62,476
748: 527,1443,1802,796,415,416,2108
749: 1805,795,1212,193,215,1752,1041,1749,2008
750: 284,686,1811,701,1412,1501
751: 332,1825,2057,343,87,1818,665
752: 1821,2131,1070,1111,2063,1802,222,2136,416
753: 1343,1274,268,410,1830,1415,340,285
754: 1830,1842,269,951,695,1343,1498
755: 321,1910,669,1756,1858,894
756: 1315,1829,786,2014,92,1406,1863
757: 144,1995,988,1651,123,886,1866
758: 1692,2040,385,1868,414,984,1047,396,1439,1103
759: 1870,1826,1308,242,808,1822,2076
760: 417,1960,1498,372,1872,1424,300
761: 11,2059,1913,817,1401,1873
762: 1877,1464,869,1682,1856,1220
763: 1317,658,1128,152,1887,565,491,814
764: 487,215,1752,1893,1954,2008,385,1868
765: 1728,735,1896,129,781,1986,1438
766: 1555,1926,937,873,1932,1899,603,304
767: 1969,1902,2055,897,1698,1133,950,1475,778
768: 1005,1831,105,1955,738,1904,2004
769: 1380,1908,65,1724,725,1916,1347,406,1421
770: 2118,531,613,1129,1927,565,2121,1061,1837
771: 2087,321,421,1311,908,1931
772: 2089,612,1926,927,376,1444,1932
773: 351,1862,1934,574
774: 1522,1952,852,314,1654,315
775: 1488,1958,1097,422,1253,1373,404
776: 1013,656,1310,1963,1761
777: 675,575,72,1965,91,1383,1759
778: 862,1994,745,1781,950,420,1969,767,1755,236
779: 292,1979,716,275,718,452,1605,1679,1610
780: 197,1133,198,1491,1478,218,1982,1812
781: 129,1086,765,1986,1438,170
782: 654,2099,47,2102,524,1990,1920
783: 394,237,420,1478,1758,862,1994,1512,2068
784: 2002,1197,1604
785: 2005,732,687,1592,407,1984,120,820,483,1717
786: 756,1315,1829,2014,92,545,1088,1089,2124
787: 1517,2021,1813,323,965
788: 1265,219,633,1763,238,867,2022,1263
789: 684,1909,1340,1432,360,153,2041,154
790: 2057,1940,485,1120,68,1747,1818
791: 2067,1844
792: 551,2074,1776,809,1429,683,573
793: 1375,2084,2027,847,17,1419,1600
794: 1324,1183,1521,592,199,1855,349
795: 749,1805,1213,365,1326,193,215,1752
796: 1802,222,415,1068,2139,1769,1328,748
797: 1332,324,326,961,1022,1849
798: 1096,3,1635,4,1337,549
799: 1099,425,263,1342,529,1098
800: 73,2072,1157,1345,504,2032,1853,92
801: 8,1348,1768,911,2109
802: 1402,1354,926,141,1780,1968,1777,744,743
803: 155,156,1461,1463,1176,1357,1024
804: 728,660,1173,472,1882,1396
805: 1397,9,377,461,1407,992
806: 1259,734,5,1368,1934
807: 1514,1075,1486,1422
808: 1447,1852,1459,1308,418,759,2076
809: 1653,1657,2074,1454,792,573,1145
810: 1466,1195
811: 1471,1367,403,157,1313,552,1102
812: 847,1632,1487,574,16,17
813: 245,1494,1284,246,1226
814: 172,1571,763,1887,345,1499,1836,491,1971,173
815: 115,2122,1139,76,96,1506,366,1143
816: 1511,1015,1122,562,1795,1217,44,1577,1215
817: 1401,1,1513,1981,1913,761
818: 1159,580,206,1158,1515,226,822
819: 1734,1849,1025,1526,649
820: 1529,687,785,2005,732,1473,1570,158,139
821: 1531,1224,1391
822: 226,1998,1782
823: 1533,2012,1539,1642,496,1628
824: 1000,1702,640,1278,1786,1547,1279
825: 1569,1451,831,1253,674,1552,1378
826: 1392,1519,140,139,1300,1301,1554,428,1496
827: 1593,1796,100,746,99,1901,1550,559,830,1558
828: 1559,1069,90,577,108,1834,740
829: 701,1412,1564,283,1480,1534
830: 1558,1974,975,1796,827,837,119,1566
831: 422,1253,12,26,1097,1569,1451,825
832: 440,855,1068,200,1704,1711,685,1707,353,1573
833: 699,299,1801,1576,1582
834: 1580,972,999,139,1392,179,1608,428
835: 78,1585,2050,2044,495,2006,1144,697,1502
836: 1588,2159,1211,1958,1410,1373,606
837: 1972,81,1796,100,830,1566,375
838: 1599,520,539,1077,2150,845,1141,2151,568,1523
839: 1563,1042,555,1109,1636,1611
840: 302,1219,429,1528,1616,1522,1952
841: 1618,286,543,1839,484,301,347
842: 1620,1652,1797,849,982,517,233
843: 910,493,1539,496,1628,438,879,1948
844: 351,1632,1864
845: 2150,1411,2152,144,1615,838,1599,568,1634,1551
846: 2012,1146,430,1364,1860,1642
847: 812,17,1600,1647,793
848: 608,431,1535,61,712,1783,79,1453,1793
849: 1640,982,1794,232,339,1652,1797,842,1620,1787
850: 1817,1925,1612,1658,83,101,401,1823
851: 1035,327,1663,2015,1296,497
852: 774,1522,1669,315,969,2056
853: 432,1538,1164,1398,1672,333
854: 1798,1810,984,1692,2092,1103,1017,519
855: 440,832,1068,1711,1707,201,2139
856: 1727,1234,693,1200,1427
857: 103,1751,1214,609,858,1732
858: 1732,857,1751,104,498,2009,2023
859: 673,1540,1855,349,1763,1265,1757
860: 20,1768
861: 358,1648,1785,1484,36,980,983
862: 778,1994,745,420,783,237,1329,1512
863: 879,1948,30,2031,1790,1465,1583
864: 435,1791,454,1510,1685,2097
865: 1799,1280,1770,641,1155,1416
866: 205,463,166,1816,1815,204,1321
867: 1845,1043,2022,218,238,1758,788,394,1263,1524
868: 392,1895,303,1542,1956,1037,1850
869: 987,1302,1682,1856,651,1877,762
870: 1180,1121,1699,590,1886
871: 1889,1775,436,1627,313
872: 881,1978,1923,1548,1247,624
873: 290,937,2089,1926,1666,1932,766,1555
874: 1928,1250,1082,1087,705,1561
875: 1783,688,78,1937,1078,1502,1590,437
876: 364,696,690,1917,1941,1288,154,1500
877: 397,1944,1555,1399,603,2083,304
878: 1766,109,89,1945,110,1153
879: 1948,30,863,438,2111,843,1790
880: 1975,288,1528,361,302,1956,1037
881: 872,1978,1912,1923,628,611,56
882: 1819,241,527,2108,1046,2037,1985
883: 564,1571,1996,1919,1126,891,2034,1213
884: 398,2026,1999,1325,1463,2035,176,1357
885: 57,1970,1051,1914,363,634,58,2007
886: 1866,2009,1651,757,1178,694,124
887: 1390,9,2011,1407,924
888: 727,276,2025,307,405,1376
889: 1472,1921,1062,532,115,2122,366
890: 2031,1790,920,501,618,1469,1544
891: 2034,346,564,883,1127,1126,1213
892: 1436,2036,38,698,1504,359,1729
893: 655,1309,1449,242,2038,1822,1192
894: 1264,321,755,1858,739,2039
895: 1359,930,2047,1440,1,378,1981
896: 662,2026,1999,696,135,2053,702,136,500
897: 2055,2030,503,1848,196,2048,1698,946,767
898: 1161,2058,1457,1836,645,1289,1578,1163,583
899: 698,1504,1824,2059,1537,25,39
900: 736,1870,1826,597,243,2060,991,1733
901: 556,689,453,1467,2131,201,1111,2063
902: 1383,1759,2072,71,1137,2032
903: 2076,1852,244,1870,1947,262,2060,1942
904: 477,1485,308,679,2079,402,1589
905: 1177,1674,176,1161,2080,398,583,194
906: 441,1624,2082,787,1517,1018,1813
907: 2085,706,1316,367,1312,512,657,1107,2071
908: 309,1311,2087,587,295,771
909: 273,1906,1222,442,1450,2089,612
910: 493,843,43,1948,30,29,1462
911: 2109,2114,922,8,801,2093,1386
912: 546,471,1093,724,2095,1879
913: 2097,1685,1859,550,246
914: 66,2099,1327,1920,482,663
915: 369,947,1333,1879,2101,266,918
916: 1767,432,333,2103
917: 1650,34,1503,2105,653
918: 266,1333,369,947,915,682,2107,1939
919: 6,1348,371,922,2109
920: 2084,2027,2111,501,2031,1790,890
921: 1498,372,695,1482,2113,957,270
922: 371,1957,919,911,2109,2114,7
923: 2115,1072,1235,18,1234,19,1427
924: 1967,22,2011,887,1407,1117,2116
925: 249,2117,1492,546,471,1879,2101,1867
926: 802,1402,1354,342,1124,1335,1814,1614,1780
927: 376,1346,1976,1897,772,612,1030,1243,1444
928: 136,1379,500,1560,1312,506,2035,1313,1352
929: 24,1440,1355,378,1675,23,478
930: 598,1359,1197,895,1,1349
931: 1739,2155,387,2016,28,1568,1370,1661
932: 716,1106,257,1483,448,1377,379
933: 1497,425,1660,1381,225,446,244
934: 1385,715,1,1349,1513,1405
935: 1028,447,1389,1595,1304,1305
936: 1622,1394,1418,1576,731,1714
937: 290,873,1666,274,1358,766,1555,1399
938: 1174,1660,1508,1404,1381,1671
939: 486,1723,1530,1413,2067
940: 313,1426,1889,1624,1924,441
941: 1034,1664,1431,1677
942: 248,985,1861,1645,459,1437
943: 1399,1358,1441,1679,1353,1944,399
944: 1565,1445,162,1683,161,453,689
945: 1437,1448,248,1865,368,717,1847
946: 1698,1848,196,1594,1135,1452,177,897,197,1133,1902
947: 369,915,2101,1867,918,1338,1456
948: 511,2065,1831,1721,1460,1005,958
949: 1470,1869,338,703,1883,1787,267,638,1275
950: 1781,1475,2055,1969,767,1755,778,1994
951: 269,1479,513,1890,695,1482,754
952: 252,1890,1006,2073,1726,1017,1482,2113
953: 1509,1486,1959
954: 545,1088,113,1167,1489,1065,2124
955: 505,510,249,1492,391,2052
956: 445,1474,1773,1503,1727
957: 2113,1185,695,1507,921,372,270,1199
958: 1460,1959,1509,948,511,642
959: 1321,205,661,1320,1510,449
960: 255,1906,2104,1788,1808,1323,1223,525,273
961: 326,1516,1746,324,1553,797
962: 576,428,1519,1608,1521,1150,199
963: 1106,2000,1983,1524,408,1395,534,257,692,1483
964: 1527,1696,80,619,1236,746,1804,1907
965: 1530,787,2021,1654,323,1673
966: 1532,1859,1784,1701,457,1562
967: 1579,554,258,601,1997,1545
968: 1705,458,1832,467,354,1875
969: 1516,2056,852,315,450,1553
970: 1784,227
971: 182,1846,1023,1565,1445,163,556,1617
972: 834,1580,999,1575,1693,1473,1107,2081,515
973: 2001,383,1579,1202,1545,381,259,1382,1610
974: 470,1613,1680,1874,720,1586
975: 830,1974,119,342,1566,375,1592,1984,978,1614
976: 1936,1260,260,1598,1193,259,1261,1695,277
977: 1609,1731
978: 120,1614,1974,975,342,1592,1984,1354
979: 1154,1292,185,1175,1619,203,700
980: 1884,1878,354,1629,1785,358,861
981: 317,1688,2015,1638,497,1691
982: 1640,849,1652,842,1620,1543,1787
983: 1641,1484,36,37,861,1648,1520
984: 1047,214,1643,2064,758,1692,234,1798,854,1103
985: 1731,721,1645,459,942
986: 1646,1420,147,167,2141,2130,186
987: 869,1878,358,1648,1641,1302,1682
988: 585,1751,1995,2009,2023,1651,757
989: 1659,460,1735,594,1132,1187,1154
990: 464,1067,1637,1665
991: 262,2060,1870,736,900,1393,1733,1670
992: 1675,1119,805,377,461
993: 1662,188,384,1676
994: 1238,2075,514,1678,1527,1696,619
995: 1682,1856,1641,1520,628,611,1221
996: 2070,1684
997: 1048,1670,262,2112,1686,2110
998: 1051,1914,1007,1689,627,40,2046
999: 834,1580,972,1693,1473,158,139,1392
1000: 1702,824,209,1736,1716,228,1786,1547
1001: 328,319,1760,1709
1002: 1637,1646,186,1712,1158,1159,206
1003: 1716,714,1833,468,189,1736
1004: 76,516,1139,540,2086,96,1719,1506,97
1005: 768,1831,105,1721,948,2065,2004
1006: 252,952,517,2088,1810,1726,593,1017
1007: 1729,1504,39,1888,1689,40,998
1008: 2050,1739,1370,42,507,2044,1585
1009: 320,1894,1112,318,1741,1688
1010: 58,2007,634,1743,1052,42,1653,59
1011: 518,747,64,1800,1745,1706,521,1851,2090
1012: 2042,388,280,528,1697,1164
1013: 776,656,1311,1931,1761
1014: 1326,1789,1919,174,194,1213,365
1015: 816,1511,1518,2091,562,1021,1795,427,1577
1016: 210,586,1806,1710,1171,1194
1017: 1726,593,2088,854,1810,1006,952,235,519,1185
1018: 906,441
1019: 1362,589,195,671,1954,1694,216,1838
1020: 526,1044,2017,1841,110,2013,1336
1021: 1795,427,1843,45,1015,1054,2062,514,2075
1022: 324,1332,797,1844,488
1023: 2094,520,162,1523,1131,1565,1846,971
1024: 503,671,155,1461,803,1367,403,1362,1848,196
1025: 492,1980,326,1526,819,1849
1026: 480,2096,1851,2090,1057,1056,65,1724,1347
1027: 280,528,2110,2045,1854,741
1028: 935,447,1389,1595,1891,1607
1029: 492,1895,1613,1850,455,720
1030: 1241,1897,927,376,1346,600,1243,1444,623
1031: 231,1181,2061,510,232,391,1900,1640
1032: 1903,672,663,1603,1327,1935
1033: 1131,164,568,460,1930,163,1132
1034: 1664,447,49,1935,1431,1366
1035: 327,851,1949,497,1297,1754
1036: 725,1667,2077,1990,1953,65,1828,84
1037: 1669,880,1975,1956,868,392
1038: 1760,502,2028,1262,1962
1039: 1973,1572,51,53,555,1109
1040: 1808,2068,237,1845,2000,1983,1524,256,525
1041: 1749,1987,214,1212,749,1805,1567
1042: 1563,839,1991,1611,707,72
1043: 1845,867,2022,1263,2000,1524,408,1395
1044: 1020,526,2013,1336,2106,1227,151,1128
1045: 69,2070,2018,395
1046: 2037,2038,527,416,1449,2108,882,1192
1047: 984,2008,1643,385,1868,2064,758,1692,2040
1048: 1670,997,1393,2110,2042,1748,528
1049: 1206,305,1722,2043,470,1874
1050: 2049,2045,2112,281,529,1686
1051: 1914,998,2046,363,1247,57,885,1970
1052: 42,1568,1743,1010,2050,1653,2006,59
1053: 507,431,2044,1370,60,2054,562,1210,1217,1649,608
1054: 2062,1055,1021,1681,1800,1238,2075,62
1055: 1054,2062,1843,45,434,2066,63,1681
1056: 2069,518,64,1851,1026,480,82,1630
1057: 524,2077,2102,2096,1990,1026,65,1724
1058: 530,1329,2078,1803,236,1322,553,646,1105,1059
1059: 1323,254,530,1058,646,1290,255
1060: 2120,607,191,1127,1126,2119,192,213
1061: 616,2121,625,2118,770,1248,1233,211
1062: 532,570,95,115,2122,889
1063: 1477,2138,2141,1892,2130,464,1067
1064: 1263,633,239,1273,2125,1395,2123,2128
1065: 2129,1489,113,545,954,114,2124,1360,684
1066: 258,2126,1273,2125,220,1270,554,2128,637
1067: 464,1063,2130,186,1637,990
1068: 440,832,855,353,201,2139,1769,1621,796,222
1069: 1277,1237,90,108,2132,828
1070: 1111,2063,1110,2133,752,1821,535,2136
1071: 707,1151,52,1563,2134,620
1072: 923,2115,31,19,2142,2143,32
1073: 2066,31,1469,1544,434,2143
1074: 2147,729,106,426,1514,1422
1075: 538,2148,1514,807
1076: 1995,2153,1168,1950,1170,122,585,547
1077: 539,1092,1090,142,143,2150,1411,2152,2151,838
1078: 697,1502,2161,516,875,540,1590,2158,2086
1079: 98,2154,2158,97,2160,1130,116,647,1295,567
1080: 27,2157,1081,2156,387,1268,1568,2155
1081: 27,1080,2157,1378,2156,404,387
1082: 542,1928,874,169,1561
1083: 1082,169
1084: 543,1622,312,1085,1426,1714,1924
1085: 312,300,1218,543,1084,841,1618
1086: 129,781,1190,1191,1298,1299
1087: 705,479,1827,1928,1250,148,874
1088: 545,954,1345,113,579,2014,1853,786
1089: 2124,545,1315,786,1360,684,112,133,1340,1432
1090: 141,1780,1125,1402,547,142,744,743,1092,1077
1091: 229,1171,586,640,1278,210,230,1169
1092: 539,1077,1090,1780,142,744,1435,571,413,2151
1093: 1938,1279,230,247,912,546,471,724
1094: 1430,336,34
1095: 548,1307,445,1474,1644,444,66,654
1096: 630,1368,723,3,798,1635
1097: 1337,549,1408,26,422,831,775,1488
1098: 1226,1099,799,1494,550,281,529
1099: 799,1497,425,1779,1342,1494,550,1098
1100: 1139,551,573,77,1145,570,76,2122
1101: 1138,424,1429,1493,551,1167,570,95,114
1102: 552,157,1313,657,1107,2071,811,1471,178,566
1103: 2092,984,758,1692,2040,396,1798,854,553,235,519,1105
1104: 1369,1997,408,534,554,2128,257,692,1483,275,381
1105: 1291,646,1290,2092,1103,1322,553,1058,235,519,1351
1106: 963,2000,1983,1223,256,1929,257,692,1483,1988,379,932
1107: 2081,2071,907,512,1575,657,972,552,1102,1182,178,515
1108: 356,53,1109,54,1991,1611,1149
1109: 1039,53,555,1108,839,1611
1110: 2133,556,183,184,1070,1111,1175,1631,202
1111: 1070,2063,556,689,901,183,2131,1110,2133,752
1112: 1885,473,557,475,1115,318,1894,1009
1113: 1208,1951,1564,282,283
1114: 298,1505,337
1115: 475,557,1350,306,1112,1885,1894
1116: 1446,1388,687,118,559,119,1558,567,400,1361
1117: 1433,458,2011,924,1967,22,1629
1118: 335,1793,1772,1134,99,1901,1130,118,559
1119: 992,1675,461,23,38,1762,1436,2036
1120: 1216,485,85,790,1940,68,1747,561
1121: 1180,870,68,1747,1334,561,1699
1122: 1123,43,28,29,1518,2054,562,1210,816,1511
1123: 1122,1211,43,606,28,29,1210
1124: 1335,1814,1972,101,102,1823,342,1566,375,121,926
1125: 122,563,1168,121,1090,141,1780,547,142
1126: 191,1127,883,891,2034,2119,1060,607,192,193
1127: 191,1126,2118,531,346,1837,564,1740,891,2119,1060
1128: 151,152,1044,132,2013,1336,344,763,1317,1129
1129: 1927,1227,151,1128,152,1229,613,565,770
1130: 118,437,1134,335,1118,1079,98,2154,559,567
1131: 1033,520,164,568,2094,1023,182,1846,163,1132
1132: 648,163,1131,1033,460,1930,989,1659
1133: 197,780,196,1135,1452,1698,946,420,767,1902,1982
1134: 437,688,1793,1772,2158,335,1118,98,2154,1130,118
1135: 1452,177,552,1182,178,1594,198,592,566,946,197,1133,1491
1136: 504,2032,1137,92,1841,111,678,1406,1863
1137: 902,1759,569,71,1136,2032,131,111
1138: 1101,424,94,1493,1167,570,2129,1489,95,114
1139: 1100,77,570,76,1004,815,115,2122,1506
1140: 1256,571,1225,160,1228,162,615,1683,181,161
1141: 2151,539,571,838,520,162,1523,615,2094
1142: 366,1143,1921,572,135,2053,1374,702,1541
1143: 366,1142,815,115,96,1506,1880,1921,572,1374,1541
1144: 2161,516,1657,495,835,77,1145,697,76,2086
1145: 573,77,2074,809,1653,1657,495,1144,516,1100
1146: 1635,4,723,15,1147,430,549,1364,846
1147: 15,430,5,773,1146,574,16,1417
1148: 1496,1519,1554,159,576,180,355,1150,1434,1704,685
1149: 1303,651,575,1108,54,1991,1611
1150: 199,1703,1855,576,962,1148,1496,200,1434,1704,1371
1151: 1071,707,72,1965,620,1835,1356,91
1152: 569,71,1835,1356,91,2024,670,499
1153: 130,2106,109,878,110,526,1191,1231
1154: 979,648,989,1659,1187,1292,185,1619
1155: 165,1280,641,865,1799,1556,578,1416
1156: 74,509,1255,55,584,94,2051
1157: 419,1464,1857,74,509,73,800,1345,579
1158: 1515,680,1712,1002,205,463,818,206
1159: 580,818,206,1637,1002,990,382,1665
1160: 635,582,639,2132,1162,1269,494
1161: 898,2058,645,1289,1325,2080,583,905
1162: 582,1251,635,1160,626,1250
1163: 173,1578,1571,898,2058,564,1996,1919,174,583
1164: 1398,1012,280,1697,296,853,1538
1165: 296,581,432,1538,1602,2103
1166: 1429,683,1493,56,584,1254,75,1246,94,424
1167: 509,94,2051,113,1138,1101,424,954,1489,114
1168: 668,681,1363,1943,1421,1170,122,1125,563,1076
1169: 1091,1171,210,2033,546,2117
1170: 1421,1950,1168,681,122,1076,2153,585
1171: 229,1091,586,1016,210,1169
1172: 294,293,1318,679,2079,1409,587
1173: 388,2019,660,604,1748,472,804,728
1174: 938,1660,203,1508,700,224,1459,1778
1175: 1631,1619,184,979,1110,203,588,202,224
1176: 1357,398,1463,1177,176,155,803,589,1362,671
1177: 905,1674,176,583,1176,1789,175,589,195,1362
1178: 1738,1428,694,886,124,125,1240
1179: 1567,607,1212,192,213,1792,1794,339,708
1180: 1121,870,1747,561,409,104,1403,590
1181: 231,1031,591,213,1792,1794,232
1182: 178,515,1107,1580,552,179,1608,1521,1135,198,592,566,1324
1183: 794,1324,198,592,1855,423,1491,349,1763
1184: 271,600,270,1199,1872,1424,287
1185: 2113,957,1726,593,1017,235,253,1898,1507,270
1186: 594,523,146,1242,1280,1930,1735,165
1187: 1881,594,989,1659,578,1154,185,357
1188: 625,1299,650,1231,150,1249,616
1189: 1244,149,735,1986,1438,468,714
1190: 1267,596,109,1915,544,1191,129,1086
1191: 596,109,1190,130,1153,1086,1298
1192: 1822,893,1046,2037,2038,1826,261,597,243
1193: 261,2037,260,1598,1985,597,976,278,1261,1201
1194: 1196,389,1710,1016,210,1744,599,2061
1195: 1977,810,0,2047,24
1196: 1194,389,1744,591,599,2061,231
1197: 784,598,930,1604,715,1349
1198: 429,623,271,1241,1219,610,286,1528
1199: 957,1898,1507,272,270,522,1897,1184,600
1200: 19,1427,1727,856,32,33,1204
1201: 1203,1193,597,278,1261,631,1319,604
1202: 1545,1205,601,1819,260,1598,973,259,1936
1203: 1201,597,736,278,279,1733,604
1204: 33,602,1200,537,32,1306
1205: 240,601,637,1819,241,1202,1545,260
1206: 305,1049,2083,397,316,1207,470
1207: 316,603,2083,397,303,1542,1206
1208: 1113,1951,1209,282
1209: 605,265
1210: 2054,562,28,1123,1122,60,1661,1511,1053
1211: 836,1588,2159,43,1989,606,1123
1212: 192,193,607,749,1805,1179,1567,1041,1987
1213: 365,883,1996,1919,174,891,2034,1014,192,193,795
1214: 406,725,1667,1828,1380,609,103,857,1732
1215: 44,1577,816,1795,514,1678,61,712,456,1696
1216: 1120,85,609,1732,561,104
1217: 2054,562,816,1053,431,44,608,61
1218: 1424,287,300,1085,610,286,1618
1219: 610,286,429,1198,1839,1616,840
1220: 1856,762,1464,1221,1255,55,419,74
1221: 1255,55,1856,995,628,611,1220,56
1222: 1581,1976,1290,254,255,273,909,376,612
1223: 256,525,1929,1906,960,1106,273,442,1988,1626
1224: 643,1285,1531
1225: 571,413,1777,1435,1256,1258,160,1228,1140,615
1226: 1098,1494,281,245,813,390,643
1227: 526,1044,2106,151,1231,1229,1129
1228: 160,629,1258,1225,159,1140,180,355,181
1229: 150,613,1227,151,1231,1129
1230: 664,399,1574,1353,1232,617,557
1231: 650,130,2106,1153,1227,150,1229,1188
1232: 1458,617,292,1584,1230,557,1365,306
1233: 1248,625,616,2121,1061,171,211,730
1234: 443,1235,18,693,923,1427,856
1235: 18,2093,373,618,1234,923,2115
1236: 619,1527,964,719,1905,1804,1658,1907,1817
1237: 1277,1069,1750,2137,1239,90
1238: 994,2075,1054,62,476,1527,619,1905
1239: 536,620,2137,1356,1237,90,577,670
1240: 125,145,1178,622,124,1242
1241: 1030,1897,271,600,1243,1198,623
1242: 146,622,145,1240,523,2100,1186
1243: 1444,927,1241,1030,289,623,288,1528
1244: 1189,149,190,714,386,1601,2010
1245: 190,621,1249,595,625,171
1246: 75,1247,624,57,1254,490,1776,683,1166
1247: 624,1548,2046,1051,872,57,1246
1248: 1233,1061,171,211,742,730,2020
1249: 170,595,1299,625,1188,1245
1250: 626,1928,1162,635,148,874,1087
1251: 542,626
1252: 1689,627,1537,25,39,674,1552,41,1266
1253: 422,831,825,775,674,1378,404
1254: 56,584,1978,624,75,1246,1166
1255: 1221,55,628,1220,56,584,1156
1256: 1258,652,1777,743,571,1225,413,160,629,1140
1257: 2,1992,2002,348,1604
1258: 1256,652,1922,1777,1300,1225,1301,160,1228,629
1259: 806,1414,1840,1368
1260: 976,1936,259,1382,727,276,1695,277
1261: 278,1598,1193,976,1201,277,631
1262: 2039,502,1718,1038,1962,632
1263: 1064,788,633,867,1043,2022,1273,1395,2123
1264: 894,321,1931,2039,1718
1265: 788,219,633,423,349,1763,859,1540,1757,239
1266: 41,1252,627,27,2157,363,634,1268
1267: 596,740,1269,1993,544,1190
1268: 1568,1743,1266,27,1080,634,2155,42
1269: 1993,494,635,1160,1267,148,544
1270: 220,636,239,1273,2125,2128,258,2126,1066
1271: 433,353,1871,440,239,221,1621,220,636
1272: 1328,221,220,1443,2126,240,637
1273: 2125,633,1757,239,433,1064,1263,1270,636,2123,1066
1274: 753,1343,638,1275,251,269,268,410
1275: 251,949,1470,703,1883,638,268,1343,1274
1276: 667,128,582
1277: 1237,1069,88,70,639,2132
1278: 640,386,1601,1702,824,229,1091
1279: 230,824,640,1547,247,1938,1093
1280: 1287,146,641,1186,1155,165,865
1281: 1770,641,126,644,147,737
1282: 1283,474,511,958,642,1737,1892
1283: 1282,474,642,533,1892,2138
1284: 246,1859,1701,245,813,264
1285: 245,264,643,1224
1286: 738,125,145,1904,644,1287,641
1287: 1280,145,1286,644,146,641
1288: 645,154,1941,696,876,1457,1289,1500,1344
1289: 1500,1344,645,1288,898,1161,1325,2080
1290: 1291,646,1105,254,1059,1351,711,1222,1581
1291: 646,1105,1290,1322,235,1351,711,272,1581
1292: 1293,184,648,163,1659,979,1154,1619
1293: 1292,184,182,648,163,183,1617
1294: 116,647,96,1880,2160,572,1295,1541,659,1314
1295: 666,1079,2154,116,1294,647,567,117
1296: 1526,1980,1586,1663,327,851
1297: 1035,327,649,1754
1298: 1299,1191,130,1086,650
1299: 1298,130,1086,650,170,1249,595,1188
1300: 489,483,1922,140,1717,1258,652,826,1301,629
1301: 1554,159,140,1717,1300,1258,826,1519,629
1302: 54,1878,358,869,987,651
1303: 1149,651,575,1877,675,93
1304: 1595,653,1644,444,1305,935
1305: 1304,444,66,935,1389,1603,1327
1306: 47,2102,537,602,1204,521,2144
1307: 548,1095,444,66,654,2099,914
1308: 242,418,588,223,1459,655,808,759,2076
1309: 893,655,1821,535,2136,416,1449
1310: 310,776,656,481,1918
1311: 309,908,771,1931,1013,656
1312: 1560,1384,928,907,2085,706,157,1313,1352,657
1313: 157,1352,928,1312,506,156,1461,811,1367,1102
1314: 659,1384,137,1294,647,117,1316,706
1315: 756,1829,786,1089,344,112,133
1316: 117,1933,647,1314,1384,137,367,1560,907,2085,706
1317: 763,344,112,658,1128,152,1887,345
1318: 631,293,1695,277,1319,1409,1172
1319: 660,604,1201,631,293,1318
1320: 226,205,1515,959,1321,1510,1791
1321: 959,1815,205,463,866,661,204,1320
1322: 553,396,1803,236,530,1058,1291,646,1105
1323: 254,1059,530,1329,2104,1788,646,255,1906,960
1324: 794,1183,1182,179,1608,1521,198,592,199
1325: 2080,1289,1344,662,2026,1161,884,398,176
1326: 1014,1789,1587,194,365,175,795,487,215
1327: 1603,66,1305,1389,914,1032,663
1328: 1272,221,1769,1621,796,415,220,1443,240
1329: 530,1058,1755,236,862,745,2104,1788,1512,1323
1330: 677,469
1331: 1722,2043,664,557,1885,473
1332: 797,1022,1734,1849,488,1966
1333: 2095,1879,2101,1655,266,918,915
1334: 1818,68,665,1121,1699,729
1335: 1124,1814,102,121,1402,926,141
1336: 132,2013,1841,111,678,1406,1020,1044,1128
1337: 1097,549,3,798,4,1408
1338: 1456,267,2101,250,1867,1470,369,947
1339: 138,1387,367,666,567,400,117,1933,2085
1340: 133,658,1432,1089,112,789,345,153,2041
1341: 2018,69,2140
1342: 263,1947,244,1497,425,1099,799
1343: 753,1274,1275,251,269,1479,754,1830,285
1344: 1289,1500,696,1288,662,2026,1325,2080
1345: 1157,74,73,800,579,1853,1088
1346: 927,376,2098,1976,522,1897,1030
1347: 1916,1630,1026,480,65,1724,769,1908
1348: 919,2109
1349: 1,1513,930,1197,715,934
1350: 1365,306,402,1589,475,1115,669
1351: 253,1898,593,235,1291,1105,1290,711,272
1352: 157,1313,136,928,1560,1312,506,657
1353: 1441,1679,292,943,617,1944,1230,399
1354: 802,926,978,120,1614,489,1968
1355: 377,1977,24,929,1675
1356: 1835,1151,536,1239,620,577,670,1152
1357: 1176,884,398,1463,2035,176,155,803
1358: 1666,274,937,452,1441,1555,1399,943
1359: 598,930,0,2047,895
1360: 684,1909,2129,1065,2127,1089,2124,134,690
1361: 567,400,118,559,666,1116,1446,138
1362: 1019,1177,1176,155,589,1024,671,1838
1363: 1168,668,681,722,401,1943,1823,121,563
1364: 1146,4,549,846,350,1860
1365: 1350,306,1232,307,1584,308,1376,402
1366: 1431,332,49,1034,1935,1764
1367: 811,1471,403,506,157,1313,156,1461,1024
1368: 5,723,1259,806,630,1096
1369: 1104,1997,554,257,692,275,718,381
1370: 60,1661,931,1739,1008,2050,1053,507,2044
1371: 353,1573,1871,1150,1703,1855,200,673,1540,433
1372: 6
1373: 2156,404,775,1488,1958,836,2159,541
1374: 135,2053,1921,366,1143,1142,364,696
1375: 793,2084,2027,1419,1957,7,1964
1376: 405,308,888,307,1584,1365,402
1377: 448,379,257,716,932,1666,274,452,1605
1378: 825,1253,674,2156,404,41,27,2157,1081
1379: 136,500,928,702,1384,137,1560
1380: 769,1908,1214,406,1421,1950,103
1381: 225,1671,938,1660,449,446,1497,933
1382: 259,973,383,1936,1260,2025,276
1383: 902,1759,777,675,1765,2072,2032
1384: 659,1314,137,702,1316,1379,1560,1312,706
1385: 934,715,1992,380,1405,13
1386: 443,911,8,2093,1633
1387: 138,367,1339,400,1529,709,512,1570
1388: 1116,1446,687,559,119,1974,1592,407,2005
1389: 1028,935,447,1305,1603,1327,49
1390: 21,2011,887
1391: 676,1531,1476,1771,821
1392: 826,1519,140,139,834,999,1608,428
1393: 279,1733,991,1048,1670,2019,2042,1748
1394: 1801,340,1415,285,1418,1576,936
1395: 408,534,2123,1043,2022,1064,1263,2000,1524,963
1396: 581,1468,804,728,1882,296
1397: 805,1466,1977,9,377
1398: 1164,280,741,1672,1771,853
1399: 943,937,1358,1441,1555,1944,877
1400: 1425,1655,1606,469,717,677
1401: 817,1513,1405,12,11,761,1451
1402: 802,926,1335,1814,121,1090,141,1780
1403: 1495,409,1180,590,412,1428
1404: 661,204,1715,1815,1508,938,1671
1405: 12,13,1513,934,1385,1401
1406: 678,1863,1136,756,1829,132,1336
1407: 461,805,887,924,1967,2116
1408: 26,3,380,13,1337,1097
1409: 679,2079,727,1695,277,1318,405,1172
1410: 350,1860,1958,14,836,1588
1411: 2150,845,2152,143,123,144,1077,1615
1412: 829,701,370,284,750,1564
1413: 450,1673,1530,1730,939,2067
1414: 1259,806,734
1415: 299,1501,1811,410,753,1801,340,1394
1416: 680,1816,1155,865,1799,334,1556
1417: 574,16,1147,430,2012,1533
1418: 285,1455,340,1394,417,936,1622
1419: 17,352,371,1957,793,1375
1420: 1646,334,986,1770,147,167,1799
1421: 1950,1170,1380,769,1908,1168,681,103
1422: 1486,426,1514,1074,106
1423: 555,1625,1684,411,1636
1424: 1872,287,372,760,1184,300,1218,610
1425: 1400,1655,266,677,605,558,682
1426: 1714,1084,940,313,1924
1427: 1200,19,1234,923,856,32
1428: 1738,1178,694,2009,1495,1403,412
1429: 683,1493,1166,792,551,1101,424,570
1430: 1490,1633,20,1094,336
1431: 332,1366,1034,941,1677,1825
1432: 133,1340,1089,684,1909,789,2041
1433: 1117,458,35,21,2011,1705
1434: 200,1704,576,1148,180,1150,1703,685
1435: 744,743,539,1092,571,1225,413,2151
1436: 892,2036,1119,23,465,1824,698
1437: 1448,945,459,942,248,1708
1438: 1986,781,765,170,595,1189,149
1439: 396,2078,1868,414,217,758,2040,553
1440: 2047,24,895,929,378,1981
1441: 452,1605,1679,274,1358,1399,943,1353
1442: 638,1456,267,686,268,1811
1443: 527,748,415,1272,1328,240,241
1444: 1243,927,376,772,1926,1030,1932,289,288,1899
1445: 944,1565,182,971,556,689,1617
1446: 1116,1388,687,118,400,1361,138,1529
1447: 808,1852,1459,1778,418,446,244
1448: 1437,945,1708,1847
1449: 416,2108,1821,893,655,1309,1046,2038
1450: 442,1988,1626,273,909,2089,612,290,1666
1451: 1569,825,1401,12,26,11,831
1452: 1135,177,552,196,1594,1698,946,197,1133
1453: 79,1793,1772,1535,848,1783,688,704,335
1454: 490,2074,1776,1970,58,809,1653
1455: 285,1418,1830,1842,417,1960,1622
1456: 1338,267,369,947,1442,284,686
1457: 153,1836,2041,645,1288,154,1578,898
1458: 1232,617,292,1979,291,307,1584
1459: 224,1778,588,1174,1308,418,808,1447
1460: 1721,106,1959,948,958
1461: 155,156,803,1463,1313,1367,403,1024,1848
1462: 29,1518,43,910,1948,30,2091
1463: 506,2035,884,398,1176,1357,156,1461,803
1464: 1877,762,1220,93,1857,419,1157
1465: 1843,2091,30,863,2031,45,1583,427
1466: 1977,1397
1467: 453,1707,1876,556,689,901,2131,201
1468: 581,1396,295,1882,309,1596
1469: 31,1544,501,618,2031,890,2115,1073
1470: 949,1869,338,250,2052,1338,267,638,1275
1471: 811,1367,403,552,1102,1848,1594,177
1472: 889,1921,2127,532,2029,1917,366,364
1473: 1693,1570,1529,820,732,158,139,972,999
1474: 445,956,1727,33,548,1095
1475: 1781,950,2048,2055,2030,414,508,217,767,1755
1476: 1531,1854,741,1771,1391
1477: 2138,1063,691,1820
1478: 218,1982,780,420,1902,1758,1994,783,394
1479: 269,951,1883,513,2073,1890,251,1482,1343
1480: 283,1564,829,1534,1114,298
1481: 1549,35,1705
1482: 695,1890,952,1726,1479,951,2113,921
1483: 257,692,408,1106,963,1104,379,932
1484: 36,1967,22,374,1785,560,861,983
1485: 904,477,2079,2087,587,421
1486: 1422,106,807,1959,953
1487: 1632,1864,352,812,17
1488: 775,1958,1097,549,422,350,1373
1489: 2129,1065,113,1167,1138,954,114
1490: 1430,1633,443,336,1773,693
1491: 423,1135,198,592,1183,197,780,218,1812,219
1492: 925,249,2117,2033,505,955
1493: 1429,683,1166,75,94,1138,1101,424
1494: 550,1099,246,1226,1098,813
1495: 1403,409,104,498,2009,412,1428,694
1496: 1148,826,1519,1554,159,629,576,180,1150
1497: 933,425,1381,225,1779,1342,1099,550
1498: 921,372,695,754,1842,760,1960
1499: 1887,345,1836,2041,814,173,1578
1500: 1289,1344,1941,364,696,876,135,1288,662,2026
1501: 299,1415,750,1811,410,701
1502: 697,1078,835,78,1937,2161,875,1590
1503: 336,1773,917,1650,445,956
1504: 899,698,1824,892,39,1007,1729
1505: 1775,1582,699,1114,298
1506: 96,1719,1880,1139,76,1004,815,1143
1507: 253,1898,1185,957,270,1199
1508: 700,1715,185,203,1404,938,1174
1509: 953,1959,958,642,107
1510: 454,449,959,1320,864,1791
1511: 816,1015,1122,29,1518,562,1210,427
1512: 2104,1788,862,745,783,237,1329,1808
1513: 1,1349,934,1981,817,1401,1405
1514: 538,426,2149,1075,1074,1422
1515: 1158,205,818,206,226,1320
1516: 969,2056,1687,1746,1553,961
1517: 787,2082,301,1639,2021
1518: 29,1462,1122,2091,1511,1015,427
1519: 826,1392,1301,1554,576,962,428,1148,1496
1520: 1912,36,37,983,1641,995,611
1521: 179,1608,1182,962,428,794,1324,199,1855
1522: 774,1952,852,840,302,1975,1669
1523: 162,615,1141,838,520,2094,1023,1565
1524: 2000,1983,394,1845,867,1043,1808,1040,2068,1395,256,963
1525: 560,37,38,359,362,1912
1526: 1296,1980,1025,327,819,649
1527: 1696,964,80,1678,1238,994,619,1236
1528: 288,1243,429,1198,623,361,840,302,880,1975
1529: 820,1446,687,138,1387,2005,1473,1570
1530: 965,1413,1673,939,1723
1531: 1476,1224,1391,821
1532: 966,1859,435,1546,2097,1784
1533: 823,16,1417,2012,1647,496
1534: 829,701,299,699
1535: 1649,1937,431,608,848,1783,1453
1536: 227,822,207,1998,1546,1782
1537: 25,39,2059,899,1552,1252,1689
1538: 432,853,1697,1164,1165,296
1539: 1642,14,823,1628,1588,1989,493,843
1540: 673,859,1703,1371,1871,1265,1757,239,433
1541: 702,1143,1142,572,1294,2053,659,137
1542: 303,1956,603,316,1207,868,1850
1543: 703,1883,1787,1640,982,1620,513,2073
1544: 31,1469,2031,890,1583,434,1073
1545: 1202,1205,601,967,1579,973,259
1546: 1782,435,227,1536,1532,1784
1547: 1786,1000,824,640,1861,1279,247
1548: 40,2046,1888,1923,872,1247,624
1549: 1481,1705,1832
1550: 99,1901,1793,704,746,1593,1796,827
1551: 164,1634,845,1615,622,439,2100
1552: 674,1569,825,1537,25,1252,41
1553: 324,1730,969,1516,450,961
1554: 1301,159,140,826,1519,629,576,1148,1496
1555: 766,937,873,1358,1399,304,877
1556: 166,578,1155,680,1816,1416
1557: 1662,1561,705,466,341,1807
1558: 830,1974,99,1796,827,559,119,1116
1559: 828,577,108,89,1834,740,1766
1560: 1312,1384,137,1316,136,1379,928,706,1352
1561: 1662,1557,1082,874,169
1562: 457,966,970,1784
1563: 839,1042,52,1636,1071,707
1564: 370,1113,1951,829,1412,283,1480
1565: 944,1445,162,1523,1023,161,971,689
1566: 342,375,1796,837,1972,830,1974,975,1124
1567: 1179,1212,1805,1041,1987,339,708
1568: 1268,1743,1080,634,931,1739,2155,1052,42,2050
1569: 1451,825,11,831,25,674,1552
1570: 1693,1473,138,1387,1529,820,2005,709,1575
1571: 172,814,173,1578,1163,564,883,1996
1572: 51,710,1973,1039
1573: 353,1371,1871,200,1704,440,832
1574: 664,1230,399,397,1944,305,2043
1575: 709,512,1693,1570,1107,2081,2071,972
1576: 1801,1394,833,936,1582,731
1577: 44,1215,816,1015,1795,514,1678,61
1578: 173,1163,1499,1457,1836,645,1571,898,2058
1579: 967,554,601,1997,1545,381,2001,973,259
1580: 834,972,999,2081,1182,515,179,1608,428
1581: 1222,1976,1291,1290,254,711,272,2098
1582: 1505,1775,699,833,1576,436,731
1583: 45,434,863,2031,1544,1465,1843
1584: 307,291,1232,1458,1376,1365,306
1585: 835,78,1008,2050,2044,495,2006,1649
1586: 1980,720,974,1680,1663,1296
1587: 1326,1789,175,589,195,487,215,1954,1694
1588: 836,2159,1211,1410,1539,14,43,1989
1589: 402,308,1350,904,477,669,1910
1590: 540,2158,2086,2161,1078,1502,875,688,437,98
1591: 704,746,61,712,456,1696,80,79
1592: 407,1984,119,1974,975,1388,978,785
1593: 1796,100,827,704,746,1804,1550
1594: 1848,196,1471,403,552,1135,1452,177,946
1595: 653,1304,48,1891,1028,935
1596: 581,1468,309,1602,656,310
1597: 713,187,382,1665
1598: 260,1985,1819,1202,1193,976,1936,1261
1599: 838,520,2150,845,568,1634
1600: 1647,847,793,2084,496,438,2111
1601: 386,1244,1716,714,1702,1278
1602: 581,1596,2103,311
1603: 1327,1305,1389,49,1032,663,1935
1604: 715,784,2002,1197
1605: 452,1441,1679,1377,716,275,292,1979,779
1606: 724,368,2095,717,1400,1655
1607: 1028,447,50
1608: 179,1521,834,1580,1392,1182,962,428,1324
1609: 1623,721,1690,977,1731
1610: 2025,291,718,381,2001,973,383,1979,779
1611: 1991,1109,1108,839,1042,1149
1612: 719,1713,64,2069,850,1817,83,82
1613: 1850,316,974,470,1029,720
1614: 978,120,975,342,1814,1984,1354,926,489
1615: 144,1866,1411,845,622,439,1634,1551
1616: 1839,1219,286,840,347,1952
1617: 183,1445,182,971,163,556,1293
1618: 841,1085,1218,286,543,1839
1619: 1175,1631,1292,184,979,1154,203
1620: 842,849,982,517,1543,513,2073,252
1621: 221,1769,353,440,1068,1271,1328
1622: 936,1455,1418,417,312,300,1714,1084
1623: 1609,721,726,1690,209,228
1624: 1924,484,940,2082,906,441
1625: 1684,51,1423
1626: 442,1988,1450,1223,448,379,290,1666
1627: 436,731,1426,1714,871,313
1628: 496,823,1539,1642,438,493,843
1629: 354,1117,458,22,1785,1884,980
1630: 1916,1347,1056,2069,480,722,82
1631: 1175,1619,183,184,1110,2133,202
1632: 1487,351,1864,812
1633: 1430,1490,8,20,443,1386
1634: 164,568,1551,845,1615,1599,2100
1635: 1146,4,1096,723,798
1636: 52,555,1423,411,1563,839
1637: 1002,186,1067,990,1159,206,1665
1638: 1700,320,981,1688,1691,329
1639: 314,347,301,1517,2021,1654
1640: 849,982,1031,1794,232,1900,338,1543,1787
1641: 983,1648,1520,987,1682,1856,995,611
1642: 1539,14,2012,846,823,1860,1628
1643: 2008,1749,214,385,393,2064,984,1047
1644: 1650,445,653,1304,444
1645: 1861,721,228,985,1786,942
1646: 334,1420,986,186,1712,1002
1647: 1600,16,847,1533,496
1648: 358,861,983,1641,987,1682
1649: 1937,1535,1053,507,431,2044,78,1585,608,1783
1650: 917,1503,445,1644,653
1651: 2009,2023,988,757,886,1866,694
1652: 339,708,1797,1794,849,982,842
1653: 809,1657,58,1010,1052,1454,59,1145
1654: 2021,314,1639,774,315,965,1673
1655: 1425,1400,1606,1333,2095,266
1656: 1820,464,187
1657: 809,1653,495,2006,59,1145,1144
1658: 1907,1236,719,850,1817,1925,81
1659: 989,460,648,163,1132,1187,1292,1154
1660: 938,1174,1778,1381,446,933
1661: 1370,60,2016,28,931,1739,1210
1662: 1561,1557,169,993,188,341
1663: 2015,1680,1586,317,1296,851
1664: 1034,447,1607,50,49,941
1665: 382,1637,990,187,1597
1666: 274,1358,1626,1450,448,1377,290,937,873
1667: 725,1036,1828,84,1214,406,609
1668: 188,341,1833,726,1676,189
1669: 1037,1975,1522,852,392,2056
1670: 1048,997,262,991,1393,1733
1671: 1381,225,661,1404,938,449
1672: 1771,741,1398,676,853,333
1673: 1413,450,2021,1654,315,1530,965
1674: 1177,905,176,583,194,1789,175,589
1675: 992,1119,377,1355,929,23
1676: 726,1690,993,1668,188,384
1677: 1825,941,1431,451,343
1678: 514,1577,1215,994,2075,456,1527,1696,619
1679: 452,1441,1605,292,779,943,1353,617
1680: 733,1874,974,1586,1663,2015,317
1681: 63,1800,2066,1054,2062,1055,1706,62
1682: 1856,995,1648,1641,869,987,762
1683: 181,161,1140,355,944,453,1876
1684: 1625,1423,996,411
1685: 1779,454,864,2097,913,550
1686: 2110,2112,529,997,2045,1050
1687: 1746,455,392,1895,1516,2056
1688: 981,317,318,320,1009,1638
1689: 1252,627,1537,39,1007,1914,998
1690: 726,1676,384,1609,1623
1691: 1949,497,2015,981,1638,329,319
1692: 758,2040,984,1047,1798,854,1103,553
1693: 1473,1570,709,1575,2081,972,999
1694: 1893,1954,1587,589,195,1019,216,1838,1753
1695: 277,976,1260,727,276,1318,1409
1696: 1527,964,80,1215,1678,994,456,1591
1697: 388,1012,2042,728,1164,296,1538
1698: 946,196,1452,2055,897,1133,1969,767,1902
1699: 1334,1121,870,2147,729,86,1886
1700: 1638,320,1741,502,2028,739,329
1701: 966,1859,1284,457,264
1702: 1000,824,1736,1716,1601,640,1278
1703: 1150,199,1855,200,1434,673,1540,1371
1704: 200,1434,1148,1150,1711,685,1573,832
1705: 1549,1481,1433,458,968,354
1706: 1745,46,2145,63,1681,1800,747,1011
1707: 453,1467,1876,355,1711,832,855,2131,201
1708: 459,1437,1448
1709: 1038,1760,1962
1710: 730,389,2020,1806,1016,1194
1711: 685,355,1704,1707,1876,832,855,201
1712: 1646,334,680,1002,463,1158
1713: 719,1612,1905,476,64,619,2069,1817
1714: 1426,936,1622,731,1627,1084
1715: 185,357,1815,1508,700,204,1404
1716: 1003,714,1736,1601,1000,1702
1717: 158,140,785,732,483,1922,1300,1301
1718: 322,1264,1262,2039
1719: 96,1506,1880,76,1004,540,97,2160,116
1720: 382,713,1597,207,1998
1721: 1460,2147,106,86,1831,1005,948
1722: 2043,1331,1049,473,733,1874
1723: 486,939,323,1530,1946
1724: 65,1057,2077,1026,480,1347,769
1725: 1862,734
1726: 593,1017,252,1006,952,1482,2113,1185
1727: 856,1773,693,1200,1474,956,33
1728: 735,765,1827,1896,466,1986,1807
1729: 1007,892,1504,359,1888,40
1730: 324,1553,1413,450,2067
1731: 985,977,1609,721
1732: 858,1214,609,1216,857,104,498
1733: 279,1393,736,900,991,1203,1670
1734: 819,1849,1332,649,1966,325
1735: 460,1930,523,1186,594,989
1736: 209,189,1003,1716,228,1000,1702
1737: 511,2065,126,1282,474
1738: 1178,1428,694,412,1955,738,125
1739: 931,2155,1568,1370,1661,42,1008,2050
1740: 211,742,2118,531,191,1127,2119
1741: 1858,1756,320,1894,1009,1700,739
1742: 1828,84,67,1903,485,85
1743: 1268,1568,634,2007,1010,1052,42
1744: 591,212,389,2020,1774,1194,1196,231
1745: 1706,46,2145,537,521,2144,1011,2090
1746: 1687,455,1516,492,326,961
1747: 68,790,1120,561,1180,1121
1748: 2042,279,1393,1048,388,1173,2019
1749: 1041,1987,214,749,1752,2008,1643
1750: 2137,69,395,1809,2140
1751: 103,857,1950,858,988,585,2023
1752: 487,215,764,749,795,1749,2008,385
1753: 216,2048,1893,1954,1694,1868,414,508
1754: 1035,1949,1297
1755: 236,217,1781,950,1475,2078,778,745,1329
1756: 669,475,1910,755,1894,1858,1741
1757: 239,1763,673,859,1540,1265,633,433,1273
1758: 238,1812,1478,218,1982,783,394,1845,867,2022
1759: 1383,902,1965,777,91,71,1137
1760: 1038,2028,329,319,1001,1709
1761: 1963,776,1013,322,1718
1762: 38,461,1119,2116,374,2036,560
1763: 349,1183,423,859,1812,788,1265,219,1757
1764: 1935,672,332,1366,2057,1940
1765: 93,1857,675,1383,73,2072
1766: 109,878,1559,89,1834,596,740
1767: 916,333
1768: 8,801,860,20
1769: 221,1621,440,1068,2139,796,415,1328
1770: 1281,641,147,865,1799,1420
1771: 1672,741,1476,1398,1391,676
1772: 1453,1793,1783,688,437,1134,335,1118,1901
1773: 693,1490,336,1503,1727,956
1774: 2119,742,389,2020,2120,1744,591,212
1775: 1505,1582,436,871
1776: 490,2074,1454,57,75,1246,683,792
1777: 1968,802,489,744,743,1256,1258,652,1225,413
1778: 224,1459,1174,1660,1447,446
1779: 1685,225,454,1497,1099,550
1780: 1090,141,1125,802,1402,926,744,743,1092
1781: 950,1475,2055,414,508,217,2078,1755,236,778
1782: 1546,226,822,435,1791
1783: 875,688,1649,1937,1535,848,1453,1772
1784: 970,1546,227,966,1532
1785: 22,1629,1484,980,358,861
1786: 1547,228,1000,824,1861,1645
1787: 703,1543,1883,1900,1640,849,982,949,338
1788: 2104,1512,745,530,1329,1323,255,960,525
1789: 1014,1326,1587,174,583,194,1177,1674,365,175,195
1790: 2031,890,2111,920,879,863
1791: 435,864,226,1320,1510,1782
1792: 213,591,1179,1181,1794,339
1793: 79,1453,1772,848,704,1134,335,1118,1901,1550
1794: 232,1792,1179,1181,339,1652,1640,849
1795: 1021,427,1843,816,1015,1577,1215,514,2075
1796: 1593,100,827,1804,1550,837,81,830,1558,1566
1797: 339,708,1652,1987,393,849,842,517,233,234
1798: 854,1810,2064,984,1692,2088,234,1103
1799: 865,1770,641,1155,334,1420,1416
1800: 63,1681,1054,1706,62,476,747,1011
1801: 340,1394,299,1415,833,1576
1802: 796,222,415,752,1821,748,416,2108
1803: 396,2078,217,236,1322,553,1058
1804: 964,80,1236,746,1907,1593,1796,100,81
1805: 749,795,1212,192,193,215,1567,1041
1806: 621,171,586,730,1710,1016
1807: 341,1833,1557,466,1728,735,468
1808: 1040,2068,237,2104,1512,1524,960,256,525
1809: 395,462,52,2134,1750,2137,536
1810: 1798,854,2088,234,1006,1017,519
1811: 268,410,1442,750,686,1415,1501
1812: 238,1758,197,780,423,1491,1763,218,219
1813: 323,906,787,1018
1814: 1124,1335,342,375,1614,1402,926
1815: 1881,166,1816,1715,185,357,866,204,1404,1321
1816: 680,1416,1556,166,1815,463,866
1817: 850,1925,1236,719,1713,1612,1658,83
1818: 1334,790,2057,751,87,68,665
1819: 882,241,527,1205,240,1202,260,1598,1985
1820: 1656,1477,691,464
1821: 752,1070,1802,222,535,2136,416,1449,2108,1309
1822: 1192,893,242,2038,1826,759,243
1823: 401,1943,850,1925,722,83,101,102,1363,1124
1824: 1873,465,2059,1436,899,698,1504
1825: 1677,1431,332,751,343
1826: 1870,759,242,1822,1192,2076,243,900
1827: 1087,705,479,1896,466,1728
1828: 1742,84,67,1036,1667,85,1214,609
1829: 756,1315,786,1406,1863,132,344,112
1830: 754,1842,269,753,1343,285,1455
1831: 86,1886,105,590,1721,1005,768,948
1832: 467,1549,710,968,1973
1833: 341,1807,1668,468,189,1003
1834: 89,577,2024,670,1559,828,499,1766
1835: 1356,1151,1965,620,91,670,1152
1836: 153,1457,2041,345,1499,814,173,1578,898
1837: 346,1927,565,1971,2118,770,531,1127
1838: 216,2048,589,1362,1019,503,671,1694,2030
1839: 1616,1219,286,841,1618,301,347
1840: 348
1841: 2017,111,1136,131,678,1020,1336
1842: 754,1830,1498,285,1455,1960
1843: 1465,2091,45,1583,1021,1795,427,2062,1055
1844: 2067,1022,791
1845: 867,1043,2022,1758,394,1040,2068,2000,1524
1846: 182,971,2094,1023,1131,163
1847: 469,717,1448,945,368
1848: 196,1594,1461,1471,403,1024,503,671,897,946
1849: 1734,819,326,1025,1332,797
1850: 1613,1542,316,868,1895,455,1029
1851: 2096,2090,521,518,1011,1056,1026,480
1852: 808,1447,446,244,903,2076,1947
1853: 2014,92,800,1345,579,504,545,1088
1854: 741,2049,2045,297,1027,1476
1855: 1150,199,1703,1521,794,1183,349,673,859,1371
1856: 1682,995,1641,869,762,1220,1221
1857: 93,1765,1464,419,1157,73
1858: 1741,1756,755,1894,894,739
1859: 966,1532,2097,913,1284,246,1701
1860: 350,1410,549,1364,846,1642,14
1861: 1645,1786,1547,942,248,247
1862: 1725,734,1934,351,773
1863: 678,1406,1136,504,92,756,1829
1864: 6,352,844,1632,1487
1865: 247,248,1938,945,368
1866: 886,1651,757,144,1615,124,439
1867: 250,2052,925,249,2101,947,1338
1868: 385,764,1893,1753,414,508,217,1047,758,1439
1869: 949,1470,338,391,1900,250,2052
1870: 1826,759,903,2076,243,900,2060,991
1871: 353,1371,1573,200,673,1540,1271,433
1872: 1424,287,372,270,760,1184
1873: 478,465,1824,1913,761,2059
1874: 1680,733,1049,1722,974,470
1875: 356,53,968,354,1884
1876: 453,1467,1707,180,355,1683,181,1711,685
1877: 762,1464,869,1303,651,93
1878: 1884,980,356,358,54,1302,987
1879: 1333,2095,912,471,925,2101,915
1880: 96,1719,1506,2160,1143,572,116,1294
1881: 1187,594,166,578,185,357,1815
1882: 295,294,472,804,1396,1468
1883: 703,1543,1787,949,513,1275,251,1479
1884: 980,1878,354,1629,356,1875
1885: 1112,473,557,306,1331,1115
1886: 86,1831,105,870,1699,2147,590
1887: 345,1499,658,763,1317,491,814
1888: 359,362,1007,1729,1923,40,1548
1889: 871,940,313
1890: 252,952,513,2073,1479,951,1482
1891: 1595,1028
1892: 2141,1283,1282,474,2138,1063
1893: 1954,1694,487,764,216,1753,385,1868,414
1894: 320,1009,1112,475,1115,1756,1858,1741
1895: 868,392,1850,1687,455,1029
1896: 1915,479,1827,129,1728,765
1897: 522,2098,1199,927,1346,600,1241,1030
1898: 253,1351,1507,1185,711,272,1199,522
1899: 1911,1444,1932,289,766,603,304
1900: 391,510,1031,232,1640,1869,338,1787
1901: 99,1550,1793,1772,704,335,1118,827,559
1902: 420,1969,767,1698,946,1133,1478,1982,1994
1903: 1032,672,663,67,1742,485
1904: 126,2004,644,1955,738,768,1286
1905: 719,1713,1238,62,476,64,619,1236
1906: 255,960,1323,1223,525,273,909,442
1907: 1658,964,1236,1804,1925,100,81
1908: 1380,769,1916,1347,668,681,1421
1909: 1360,684,134,690,1432,789,360
1910: 321,421,755,1589,477,669,1756
1911: 361,1899,1932,289,288,603,303
1912: 1520,37,1525,362,1923,611,881
1913: 378,1981,817,478,1873,761
1914: 1051,998,1689,627,2046,363,885
1915: 544,148,1190,479,1896,129
1916: 1347,1630,480,722,82,769,1908,401,668,681
1917: 134,690,2029,1472,1921,1941,364,696,876
1918: 481
1919: 1996,174,1163,883,194,1213,365,1014
1920: 1990,1953,654,2099,782,914,482
1921: 889,1472,532,115,1917,366,1143,1142,364,696,1374
1922: 489,483,120,732,1968,140,1717,1300,1258,652
1923: 1888,362,1912,1548,881,872,1978
1924: 1624,484,1426,543,1084,940,313
1925: 850,1817,1658,1907,1972,81,101,1823
1926: 772,2089,612,290,873,1444,1932,766
1927: 1129,152,613,565,2121,770,531,1837
1928: 626,1250,542,1082,874
1929: 1223,256,525,1983,1106,1988,379
1930: 460,1735,164,523,2100,1033,1186,1132
1931: 321,771,1311,1264,1013
1932: 289,772,1926,873,1444,766,1911,1899
1933: 117,1316,666,400,367,1339,2085
1934: 734,1862,5,773
1935: 1764,1603,49,1032,672,1366
1936: 976,1260,1202,260,1598,259,1382
1937: 1649,1535,2044,78,1502,1783,875,688
1938: 1093,1865,247,368,724
1939: 370,918,369,2107,284
1940: 790,2057,672,1764,485,1120
1941: 360,690,1917,364,876,1288,154,1500
1942: 2112,903,263,1947,262,2060
1943: 401,1823,101,102,1168,1363,121,563
1944: 397,877,1399,943,1353,399,1574,305
1945: 499,131,569,89,2017,878,110
1946: 1813,323,1723
1947: 263,1342,1852,244,425,903,1942
1948: 879,30,863,438,910,493,843,1462
1949: 497,1691,1035,319,1754,328
1950: 1421,1170,1380,681,103,1751,1076,585
1951: 1208,1113,558,2107,370,1564
1952: 774,1522,1616,840,314,347
1953: 1990,1920,2077,67,482,1036,84
1954: 1893,1694,1587,195,1019,487,764,1753
1955: 738,590,412,105,1738,768,1904
1956: 303,1542,361,880,1975,1037,868
1957: 371,922,352,1419,2114,1375,7
1958: 775,1488,549,350,1410,1373,836,2159
1959: 106,1486,1460,1509,953,958
1960: 417,760,1842,1498,372,1455
1961: 1509,953,107
1962: 1038,1709
1963: 1761,776
1964: 7,1375,2027,373,501,618
1965: 72,1151,777,1835,91,1759
1966: 1332,1734,488
1967: 924,22,1407,1117,2116,374,1484
1968: 1777,120,802,1354,489,1922,743,652
1969: 420,767,1902,2055,1698,950,778,1994
1970: 57,885,1051,58,2007,490,1454
1971: 565,491,172,814,346,1837,564
1972: 837,81,1925,101,1566,375,1124
1973: 1039,710,1832,467,1572,53
1974: 830,1558,975,559,119,1566,1388,1592,978
1975: 880,1528,302,1956,1522,1669,1037
1976: 1222,1581,254,711,2098,927,376,1346,612
1977: 1195,1466,24,1397,377,1355
1978: 881,872,1923,628,611,624,56,1254
1979: 292,779,718,2001,1605,2025,291,1610,1458
1980: 720,1586,492,1025,1526,1296
1981: 378,1913,1440,895,1,1513,817
1982: 1478,218,197,1133,780,420,1902,1758
1983: 2000,1524,1040,256,1929,1106,963
1984: 1592,407,975,978,120,1614,785,2005,483
1985: 260,1598,882,1819,2037,1193,261
1986: 1438,781,1728,735,765,1189,149
1987: 1041,1749,214,1212,1567,708,1797,393,2064
1988: 442,1626,1450,1223,1929,1106,448,379
1989: 43,1539,14,1588,1211,493
1990: 1920,1953,782,524,1057,2077,1036
1991: 1611,1042,1149,575,707,72
1992: 1257,2,1604,715,1385,3,380
1993: 1269,494,108,1267,740,544
1994: 862,778,745,950,420,1969,1902,1478,783,237
1995: 1076,2153,988,585,143,123,757
1996: 1919,174,1571,1163,564,883,1213
1997: 1369,1104,554,967,1579,381,2001
1998: 207,382,822
1999: 662,2026,896,136,500,884,2035
2000: 1983,1524,1845,1043,1040,408,1395,1106,963
2001: 973,383,1997,1579,718,381,1979,1610
2002: 348,1604
2003: 384
2004: 126,1904,644,1005,768,2065
2005: 785,732,1388,687,407,1984,1529,820,1570,158
2006: 495,59,1052,42,2050,1657,835,1585,697
2007: 58,1010,363,634,1743,885,1970
2008: 1643,749,764,1752,1749,214,385,1047
2009: 498,2023,1651,858,988,1495,886,1428,694
2010: 586,1244,190,621,386,229
2011: 21,887,1433,1117,924
2012: 846,430,1417,1533,823,1642
2013: 132,1336,1020,1044,344,151,1128
2014: 1853,92,545,1088,756,786
2015: 1663,1680,981,317,851,497,1691
2016: 541,387,606,28,931,2155,1661
2017: 1841,111,1945,131,110,1020,526
2018: 1045,69,1341
2019: 388,1173,279,1393,604,1748
2020: 730,389,1710,1248,211,742,1774,1744
2021: 1654,314,1639,787,1517,965,1673
2022: 1845,867,1043,238,1758,788,219,633,1263,1395
2023: 498,2009,1651,1751,858,988,585
2024: 670,577,1152,569,89,1834,499
2025: 291,1610,383,1382,1979,888,276,307
2026: 662,896,1999,1500,1344,1325,884,398,2035
2027: 793,1375,2084,7,1964,920,501
2028: 502,739,1700,329,1038,1760
2029: 134,690,1917,2129,2127,532,1472
2030: 2055,897,503,671,196,216,1838,2048,1475
2031: 1790,890,920,863,1469,1544,1465,1583,434
2032: 1136,504,1383,902,2072,800,1137
2033: 210,1169,505,599,2117,1492
2034: 891,564,883,1126,1213,192,193
2035: 506,1463,2026,1999,136,500,928,884,1357,156
2036: 892,1436,1119,38,1762,698,359
2037: 1046,2038,882,1192,1985,1193,261
2038: 1046,2037,1449,2108,893,1822,1192,261
2039: 1262,1264,894,502,739,1718
2040: 758,1692,1047,396,1439,1103,553
2041: 153,1457,1836,1340,658,1432,789,345,1499
2042: 1012,1748,1393,1048,388,528,1697
2043: 1722,1331,664,1574,305,1049
2044: 1053,507,431,1370,1008,2050,835,78,1585,1649,1937
2045: 2049,1050,1686,2110,1027,1854
2046: 40,1548,1051,1914,998,1247,57
2047: 24,1440,0,1359,1195,895
2048: 216,1838,1753,2055,897,2030,508,1475
2049: 2045,1050,281,297,390,1854
2050: 1008,1568,1739,1370,1052,42,2044,2006,835,1585
2051: 94,584,1156,74,509,113,579,1167,424
2052: 250,1867,249,955,391,1470,1869
2053: 135,1374,1142,702,1541,896,500
2054: 562,1210,1122,60,1053,507,1217
2055: 897,2030,2048,1698,508,1781,950,1475,1969,767
2056: 969,1516,852,1669,392,1687
2057: 790,1940,1764,332,751,68,1818
2058: 898,1161,1578,1163,174,583,194
2059: 11,761,1873,1824,899,1537,25
2060: 262,991,1870,903,2076,900,1942
2061: 505,599,510,1194,1196,231,1031
2062: 1054,1055,1843,45,1021,427,1681,2075
2063: 1070,1111,901,2131,2139,222,752
2064: 393,1987,214,1643,984,1047,233,234,1798
2065: 948,511,1005,126,2004,1737
2066: 1073,45,434,2143,1055,63,1681,46
2067: 1413,1730,939,791
2068: 1808,1040,783,394,237,1845,2104,1524
2069: 1056,518,64,1713,1612,82,1630
2070: 996,462,1045,395
2071: 1107,2081,907,2085,709,512,1575,657,1102
2072: 73,800,1765,1383,902,504,2032
2073: 513,1620,517,1543,252,1890,952,1479
2074: 490,1776,1454,809,683,792,573,1145
2075: 1238,994,1021,1795,1054,2062,514,1678
2076: 903,1308,808,1852,1870,1826,759,2060
2077: 524,1057,1990,1953,65,1724,725,1036
2078: 396,1803,1439,217,1781,1755,236,553,1058
2079: 679,1409,294,1172,904,477,1485,587
2080: 1325,1289,1344,1161,398,583,905,176
2081: 1107,2071,1575,1693,1580,972,178,515
2082: 301,1624,484,906,1517
2083: 603,304,397,877,1207,1206,305
2084: 793,1375,2027,1600,2111,920
2085: 907,706,117,1316,1933,367,1339,1312,512,2071
2086: 540,1590,2158,1144,2161,516,1078,76,1004
2087: 587,1485,295,421,771,908
2088: 517,233,234,1798,1810,252,1006,1017
2089: 772,612,1926,909,1450,290,873
2090: 2096,1851,1745,521,2144,518,1011,1026
2091: 1465,1843,30,1462,1518,1015,427
2092: 1103,854,553,593,235,519,1105
2093: 373,911,2114,1386,1235,18
2094: 1023,1141,520,568,1523,1131,1846
2095: 1333,1879,912,471,724,1606,1655
2096: 1851,2090,521,2102,524,1057,1026
2097: 913,435,864,1685,1532,1859
2098: 711,272,1581,1976,522,1897,376,1346
2099: 654,782,1307,66,914,1920,482
2100: 523,622,164,1634,1551,1242,1930
2101: 925,249,1333,1879,1867,947,915,1338
2102: 47,1306,521,2144,782,2096,524,1057
2103: 432,1602,311
2104: 1788,1512,237,1329,1808,2068,1323,960,525
2105: 48,917,653
2106: 130,1153,110,526,1044,1227,1231
2107: 558,682,918,370,1939,1951
2108: 416,1449,1802,1821,527,748,882,1046,2038
2109: 911,2114,919,1348,922,801
2110: 1686,1048,997,2045,1027,528
2111: 438,1600,2084,920,879,1790
2112: 1942,263,262,529,997,1686,1050
2113: 1185,957,952,1726,695,1482,921
2114: 911,2109,1957,922,7,2093,373
2115: 923,1072,618,1235,31,1469
2116: 374,461,1407,924,1967,1762
2117: 925,1492,1169,2033,546,471
2118: 770,531,2121,1061,1837,211,1740,1127
2119: 1774,211,1740,742,191,1127,1126,1060,2120,212
2120: 1060,607,191,1774,2119,591,212,213
2121: 616,1061,150,613,1927,2118,770,1233
2122: 815,115,570,1100,1139,1062,889
2123: 408,1395,534,1064,1263,1273,2125,2128
2124: 1089,545,954,2129,1065,786,1360,684
2125: 1273,1064,1270,534,2123,554,2128,1066
2126: 258,1066,220,1270,636,1272,554,601,637
2127: 95,114,2129,532,1360,134,2029,1472
2128: 554,1064,2125,1270,408,534,2123,1066,1104
2129: 1489,1065,1138,95,114,2127,2124,1360,134,2029
2130: 186,2141,1063,986,1067
2131: 201,2139,1467,1707,901,1111,2063,222,752
2132: 108,1277,1069,639,494
2133: 1110,1070,1111,1631,535,2136,223,202
2134: 462,52,1809,1071,536,620
2135: 533,1477,2138,691
2136: 535,1070,2133,752,1821,202,655,1309
2137: 1750,395,1809,536,1239,1237
2138: 1477,1063,1283,533,2141,1892
2139: 2131,201,440,855,1068,2063,1769,796,222
2140: 69,1341,1750,667,88,70
2141: 1892,2138,1063,986,2130
2142: 2145,2143,31,1072,19,32,46
2143: 2142,2145,31,1072,1073,2066,63,46
2144: 521,2145,537,32,1745,2102,1306,2090
2145: 2142,2143,537,32,1745,1706,46,2144
2146: 538,451,2148
2147: 1074,729,106,1699,86,1886,1721
2148: 538,2146,1075
2149: 426,343,87,538,1514
2150: 1411,845,2152,142,539,1077,838,1599
2151: 1141,1435,539,1092,1077,571,838,615
2152: 2150,1411,845,547,142,143,123,539,1077
2153: 1076,1995,1170,122,585,547,142,143,123
2154: 1079,98,1134,1130,118,116,1295,567
2155: 931,1739,1080,387,2016,1268,1568,42
2156: 1373,404,1378,2159,1080,1081,541,387
2157: 27,1080,1081,674,1378,41,1266
2158: 540,1590,2086,1078,437,1134,97,1079,98
2159: 836,1588,1211,1958,1373,2156,541,606
2160: 97,540,96,1719,1880,1079,98,116,1294
2161: 1144,516,495,697,1078,1502,76,1590,2086