0: 810,598,930
1: 378,598,930,715,934,817
2: 348,715,1096,934,380,3
3: 798,2,1096,380,1097
4: 350,1096,5,723,798,15
5: 723,734,806
6: 352,844
7: 501,17,371,922,793,373
8: 801,911,20,443
9: 10,805
10: 24,9
11: 12,831,817,761,899,25
12: 11,831,934,817,380,13
13: 380,12,831,1097,422,26
14: 43,836,846,823,606,493
15: 430,806,4,350,574,846
16: 574,430,812,496,847
17: 812,371,793,847,7
18: 373,443,856,923,618,19
19: 18,856,923,602,1072,32
20: 1094,8,443,336,693
21: 887,1117,35,458,980
22: 1117,461,980,36,983,560
23: 1119,992,377,929,892
24: 10,810,895,377
25: 825,11,831,899,39,627
26: 831,13,422,825,404,674
27: 674,41,1081,634,42,1080
28: 1123,606,541,387,1122,931,60,562
29: 427,43,843,493,910,1122,816
30: 863,45,910,879,427,1021
31: 1073,890,923,618,434,63
32: 654,47,19,602,1072,537
33: 956,336,693,602,548,1095
34: 1094,445,336,956
35: 467,968,21,458
36: 980,22,983,358,987
37: 38,1119,983,560,995,362
38: 37,1119,892,359,362,872
39: 899,698,25,998,1007,627
40: 1051,624,359,998,1007,872
41: 674,27,825,627,363,634
42: 634,27,1080,1008,1010,1052
43: 14,606,493,1123,1122,29
44: 562,1053,816,1015,608,61
45: 30,863,434,1054,1021,1055
46: 537,521,1073,1072,1011,63
47: 654,32,914,537,524,782
48: 1028,917,653
49: 672,935,66,447,663,1032
50: 1028,447
51: 1039,996,411,555
52: 839,1042,411,555,1071,707
53: 1108,354,356,839,1042
54: 651,356,358,987,869,762,55
55: 762,869,611,54,628,419,74
56: 881,624,628,75,584,683
57: 75,490,1051,624,885,58
58: 885,57,490,59,1010,809
59: 1010,1052,58,809,573,495
60: 28,931,562,1053,431,507
61: 712,44,1015,514,608,994,456
62: 1055,1054,747,619,476
63: 1011,747,434,31,1073,1055,46
64: 1011,747,476,518,1056,82
65: 1057,1026,480,725,769,406
66: 935,653,444,914,482,663,49
67: 663,84,485,1032,85
68: 1121,790,485,751,1120,665
69: 395,462,1045,667,70,536
70: 69,536,1069,639
71: 90,499,577,670,91,569
72: 575,1042,707,670,91,777
73: 504,902,575,675,93,777,800
74: 55,628,419,584,579,509,113
75: 57,490,624,56,792,683
76: 815,573,77,1100,516,1004
77: 697,1078,573,495,76,516
78: 431,507,848,835,697,875
79: 704,848,608,712,688,80,335
80: 456,712,79,704,100,99,746
81: 964,100,719,850,375,837,101
82: 1056,83,476,64,719,850
83: 1056,82,850,722,401,102
84: 1036,725,67,609,85
85: 1120,104,84,67,485,609
86: 1074,665,729,106,870,948
87: 426,751,538,343,1074
88: 667
89: 740,828,577,878,596,109
90: 499,577,71,1069,620,670,828
91: 777,72,670,902,71,569
92: 756,786,504,800,1088,111
93: 419,762,675,73,800,579
94: 954,584,683,424,509,113,95,114
95: 1101,424,94,570,114,532,1062
96: 1004,815,115,116,572
97: 116,647,516,540,98,1004,1079
98: 437,1134,1078,540,97,1130,1079
99: 335,1118,704,80,1134,746,827,559
100: 964,81,80,456,746,837
101: 1124,81,850,375,102,121
102: 401,563,850,83,101,1124,121
103: 857,406,609,858,681
104: 1120,85,609,857,561,409
105: 870,590,412,738,1005
106: 1074,426,86,948,958
107: 958,642,127
108: 582,740,635,544,596
109: 110,1086,130,89,878,596,129
110: 109,1086,130,878,131,1044,526
111: 504,902,569,92,756,1020,678
112: 344,756,786,1089,133,658
113: 509,74,1088,579,94,954,545
114: 1065,134,94,954,95,532
115: 570,815,1062,96,889,366,572
116: 97,647,96,1004,572,702,659
117: 367,907,659,666,137,706
118: 559,1116,1118,1130,567,400,687
119: 827,559,1116,975,830,407
120: 489,978,975,407,785,483
121: 1125,141,101,1124,102,563,926
122: 668,401,563,585,1125,547,1076
123: 988,585,1076,143,757,144
124: 125,886,694,412,439,622
125: 124,412,738,145,622,644
126: 1005,768,642,147,737
127: 107,642
128: 88,582
129: 596,109,1086,479,765,781
130: 109,110,1086,526,650,150
131: 1044,1020,499,569,878,110
132: 151,1128,1044,1020,678,526,152
133: 1089,112,684,658,345,789
134: 1065,114,532,684,360,690
135: 662,500,364,366,896,696
136: 702,896,500,137,928,506
137: 706,928,702,659,136,117
138: 709,512,400,687,367,820
139: 834,999,158,732,826,428
140: 629,732,160,652,159,826
141: 1125,121,926,802,744,1090
142: 143,547,744,1090,1092,539
143: 142,547,1076,123,144,539
144: 757,123,143,539,845,1077
145: 622,125,164,644,523,165,146
146: 578,145,644,641,165,865
147: 641,126,768,737,167,334
148: 635,626,544,542,874,1087
149: 781,650,735,170,595,625
150: 130,526,151,650,613,170,616
151: 132,1128,1044,526,152,150,613,1129
152: 763,658,151,132,1128,1129,565
153: 789,154,345,814,173,898
154: 153,789,360,876,645,696,898
155: 671,403,884,176,803,589
156: 157,928,803,506,403,811
157: 156,706,928,907,657,1102,811,552
158: 820,785,709,483,732,139,999
159: 826,629,140,576,428,180
160: 652,743,571,413,629,140,615
161: 971,944,615,520,162,453,181
162: 520,571,838,615,971,161
163: 989,1023,1132,182,183,648
164: 439,845,568,145,622,523,1033
165: 145,523,460,578,146,594
166: 680,578,865,357,866,463
167: 737,147,1063,334,986,1067
168: 384,1083,169,188,993
169: 874,1083,188
170: 616,650,150,149,595,625,171
171: 621,170,616,1061,625,211,730
172: 814,491,173,346,564,883,174
173: 898,153,814,172,491,883,174
174: 172,173,898,583,883,194,365
175: 194,905,589,487,1014,195
176: 884,662,398,583,803,905,589,155
177: 811,403,552,1024,196,946
178: 552,1135,657,1102,1107,592,566
179: 962,794,515,834,592,428
180: 355,159,629,576,181,685
181: 453,629,615,355,180,161
182: 1023,971,944,163,556,183
183: 1110,182,163,556,648,184
184: 648,979,1110,183,202,588
185: 700,989,594,357,648,979,204
186: 1002,986,1067,990
187: 713,464,990
188: 993,169,705,189,726
189: 726,1003,705,341,188,468
190: 595,625,714,621,386,586
191: 1060,531,1127,211,742,1126
192: 891,1126,1060,193,213,607
193: 795,365,192,891,1126,1014,607,749
194: 175,905,583,174,365,1014
195: 1019,175,589,487,764,216
196: 946,177,1024,897,1133,767
197: 1133,1135,946,198,423,566,780
198: 423,566,592,794,197,349,199,219
199: 349,962,794,576,198,673,200,859
200: 673,962,576,199,685,832,353
201: 901,355,453,855,689,1068
202: 535,1111,1110,184,588,223
203: 979,700,588,938,446,224
204: 661,866,594,357,185,700
205: 206,818,1002,463,959,864
206: 818,205,186,1002,990,580
207: 713
208: 977,985
209: 726,1003,721,1000,228,824
210: 505,599,586,1016,230,1091
211: 730,742,1061,531,171,191
212: 213,742,1060,389,231,591
213: 212,1060,192,607,591,339
214: 393,1041,749,385,215,984
215: 385,764,795,487,749,214
216: 758,195,1019,503,764,414,508
217: 236,745,414,508,950,778
218: 783,394,420,780,238,867
219: 238,788,198,423,349,859
220: 353,433,440,637,636,221
221: 220,440,796,637,415,240
222: 1068,796,901,752,1070,748
223: 242,655,535,202,588,418
224: 446,808,588,203,418
225: 913,449,454,933,550
226: 864,822,435,227
227: 226,822,966
228: 247,824,721,209,985
229: 1000,386,824,230,1091,640,1093
230: 1091,229,505,210,1093,546,925
231: 389,212,599,591,510,1031
232: 338,1031,591,339,982,849
233: 517,234,708,393,842,849
234: 517,233,393,984,1017,854,1006
235: 519,1105,253,711,646,272
236: 745,217,414,396,553,1058
237: 525,1040,862,783,394,960
238: 788,219,423,780,218,867
239: 1064,788,859,433,633,636
240: 601,637,221,415,258,241
241: 882,527,415,601,240,260
242: 655,223,418,243,893,759
243: 893,242,597,900,759,736
244: 446,808,425,903,799,263
245: 1098,246,813,281
246: 813,966,457,245,264
247: 228,824,985,942,248,640
248: 247,942,640,945,368
249: 925,955,471,250,947
250: 949,955,391,249,947,267
251: 269,951,703,513,268,638
252: 952,1006,842,517,513,951
253: 593,1017,519,235,957,272
254: 711,646,1059,255,376,612
255: 1059,960,525,254,273,612
256: 273,525,1040,963,379,1106
257: 275,1104,692,1106,932,716
258: 554,1066,637,601,240,967
259: 973,601,967,976,260,276,277
260: 976,601,241,882,259,261
261: 278,882,597,1046,976,260,631
262: 991,903,900,997,263,1048,528
263: 997,903,244,799,262,1050
264: 246,245
265: 724,605
266: 471,724,912,682,677,915
267: 369,686,250,949,947,638
268: 638,686,269,251,750,753
269: 251,951,268,695,753,754
270: 287,957,921,600,372,760,271
271: 623,600,270,287,610,429
272: 600,253,235,711,957,522
273: 256,525,255,379,909,612,442
274: 448,932,779,716,943,937,452
275: 1104,257,381,779,716,718
276: 259,973,383,277,888,727
277: 259,976,276,631,293,727
278: 261,597,736,631,604,279
279: 388,604,278,736,991,1048
280: 853,528,1027,296,1012,741
281: 1098,529,245,390,614,643
282: 283,605,558
283: 282,1113,1114
284: 369,686,370,750,829,701
285: 754,753,417,312,300
286: 300,417,760,287,610,1085,841
287: 270,760,271,286,610
288: 1030,623,289,429,880,361
289: 772,927,288,1030,361,766
290: 873,909,442,448,772,877,937
291: 292,307,779,383,718,888
292: 307,291,779,452,617,306
293: 679,727,277,631,587,660
294: 388,604,587,660,728,295,472
295: 804,472,587,294,908,309
296: 728,1012,853,280,472,581,432
297: 390,1027,614,676,741,821
298: 299,701,829,337,1114,699
299: 298,701,410,699,833,340
300: 286,285,417,312,1084,1085
301: 347,841,543,1085,484,787,314
302: 1037,840,429,880,774,852
303: 361,766,880,1037,868,316
304: 603,873,877,766,305,397
305: 399,877,943,304,397,1049,664
306: 1115,557,292,307,617,402
307: 292,291,405,888,306,402
308: 904,405,679,402,669,477
309: 771,421,908,804,295,656
310: 804,581,656,776,481
311: 916,581,432,310,481
312: 753,285,410,300,340,1084
313: 940,936,543,731,484
314: 787,301,347,774,315,965
315: 965,774,314,969,852,450
316: 397,303,868,1049,455,1029,470
317: 318,733,974,981,851,497
318: 317,733,473,1112,1009,981
319: 1001,1035,497,328
320: 502,739,1009,981,1001,329
321: 477,755,771,421,894,322
322: 321,771,894
323: 787,965,906,939
324: 969,961,450,797,1022
325: 819,488,1025
326: 797,455,961,1029,492
327: 851,720,492,1035,819,649
328: 1035
329: 502,320,1001,1038
332: 1034,672,941,790,751,343
333: 853,676,432
334: 865,147,641,167,986,680
335: 99,1118,688,79,704,437,1134
336: 693,1094,20,34,956,33
337: 1114,298,699
338: 232,1031,391,982,949,703
339: 708,213,607,591,1041,232,849
340: 833,299,410,312,936,1084
341: 705,466,765,735,189,468
342: 975,830,375,1124,926,978
343: 538,332,451,941,751,87
344: 112,756,678,1128,658
345: 133,763,658,153,789,814
346: 531,1127,770,565,172,491,564
347: 301,841,610,840,774,314
348: 2,784,715
349: 199,794,198,673,219,859
350: 4,798,15,549,836,846
351: 734,773
352: 6,17,812,371
353: 220,433,673,200,832,440
354: 356,968,458,861,53
355: 180,453,181,855,685,201
356: 354,358,53,1108,651,54
357: 578,594,166,185,866,204
358: 36,356,987,54
359: 892,38,1007,362,872,40
360: 684,134,690,789,154,876
361: 303,766,288,289,880
362: 611,38,37,359,995,872,881
363: 627,998,41,1051,885,634
364: 690,889,366,876,696,135
365: 193,795,883,174,194,891,1014
366: 115,364,889,572,896,135
367: 907,117,666,400,138,512
368: 724,912,248,640,945,717
369: 686,267,918,947,370,284
370: 1113,918,369,284,829
371: 352,919,17,922,7
372: 417,760,695,921,754,270
373: 18,922,911,7,501,618
374: 924,22,1117,461
375: 837,81,101,1124,342,830
376: 522,711,254,927,612,1030
377: 992,24,929,23
378: 1,895,817,478,761
379: 1106,273,256,442,448,932
380: 2,934,3,12,13,1097
381: 967,554,275,1104,973,383,718
382: 970,580,207,822
383: 718,381,973,276,291,888
384: 168,993,977
385: 215,764,758,214,984,1047,396
386: 586,714,190,1000,229,1091
387: 541,1081,28,931,1080
388: 604,279,1048,294,728,1012
389: 730,742,1016,212,599,231
390: 297,1027,1050,529,281,614
391: 510,955,338,1031,250,949
392: 455,961,1037,868,969,852
393: 1041,214,708,984,233,234
394: 783,218,867,1040,237,1043
395: 69,462,996,1045
396: 385,758,414,1047,236,1103,553
397: 316,603,304,305,1049,664
398: 583,645,696,662,884,176,905
399: 305,877,943,452,617,664,473
400: 687,567,118,1116,666,367,138
401: 102,563,83,722,668,122
402: 307,405,306,1115,308,669
403: 155,671,803,156,177,811,1024
404: 775,422,26,674,541,1081
405: 888,307,679,727,402,308
406: 65,725,769,609,681,103
407: 785,1116,119,975,687,120
408: 534,692,633,1064,963,1043
409: 561,104,857,498,694,590
410: 750,753,299,701,312
411: 555,996,52,462,1071
412: 694,105,590,124,125,738
413: 571,744,1092,160,743,615
414: 508,216,758,396,236,217
415: 527,748,796,221,240,241
416: 752,527,748,655,1046,893
417: 372,760,754,285,300,286
418: 588,242,223,808,224,759
419: 93,762,55,74,579
420: 950,767,1133,780,778,783,218
421: 771,309,904,908,321,477
422: 549,1097,13,26,775,404
423: 198,566,197,1133,780,238,219
424: 792,683,584,94,95,1101
425: 933,446,244,1099,799
426: 87,1074,1075,106,807,953
427: 29,910,1122,30,816,1015,1021
428: 576,834,139,159,826,179,962
429: 840,271,623,288,610,880,302
430: 15,574,16,846,823,496
431: 78,507,848,60,1053,608
432: 296,853,581,333,916,311
433: 220,353,673,859,239,636
434: 890,863,45,31,1055,63
435: 966,454,226,864,913
436: 699,833,731
437: 98,1134,1078,875,688,540,335
438: 793,847,496,843,879,920
439: 886,757,124,845,164,622
440: 855,832,220,353,1068,796,221
441: 906,1018
442: 273,379,909,612,448,290
443: 856,8,20,18,693
444: 914,548,1095,653,66
445: 34,956,917
446: 808,224,203,938,933,425,244
447: 935,50,672,49,1034
448: 274,932,379,442,290,937
449: 938,661,959,454,933,225
450: 939,315,965,969,324
451: 941,538,343
452: 274,779,943,292,399,617
453: 181,355,944,161,201,901,689
454: 959,449,864,913,225,435
455: 961,392,868,316,1029,326
456: 80,61,712,994,964,100
457: 966,227,246
458: 861,21,35,968,980,354
459: 208,985,942
460: 523,1033,1132,165,989,594
461: 992,22,1119
462: 395,69,996,411,1071,536
463: 959,680,166,1002,866,205
464: 1067,1063,691
465: 478,929,761,698,899
466: 479,1087,874,765,705,341
467: 35,968,710,1039,1109
468: 714,341,735,189,1003,595
469: 717
470: 1029,316,1049,974
471: 266,546,925,912,249
472: 804,295,294,296,728,581
473: 733,399,617,557,664,1112,318
474: 533,1063,642,127,737
475: 669,1115,1112,755,1009,739
476: 62,747,619,64,719,82
477: 321,755,904,308,669,421
478: 929,465,895,378,761
479: 1087,466,544,596,129,765
480: 1026,518,65,1056,769,722
481: 310,311
482: 914,66,782,663,1036
483: 732,785,489,120,158,652
484: 543,301,940,313,787
485: 790,1032,67,1120,85,68,1121
486: 323,939
487: 1014,175,795,195,215,764
488: 1025,797,1022
489: 978,120,802,483,652,743
490: 75,57,58,792,683,809
491: 814,172,763,770,565,173,346
492: 1029,326,327,720,819
493: 843,910,823,496,43,14,29
494: 639,828,108,740
495: 573,59,1052,835,697,77
496: 430,16,847,438,843,493
497: 1035,317,981,319,1001
498: 886,858,857,409,988,694
499: 90,577,71,569,878,131
500: 135,662,896,136,884,506
501: 7,793,373,920,890,618
502: 739,320,755,894,329,1038
503: 1024,897,671,1019,216,508
504: 902,73,800,111,92
505: 210,599,230,925,955,510
506: 803,500,136,928,884,156
507: 431,78,931,1008,60,835
508: 414,503,897,216,950,217
509: 113,74,584,579,94,954
510: 391,505,599,231,955,1031
511: 958,948,126,1005,642
512: 709,138,367,907,657,972
513: 982,842,703,252,251,951
514: 1054,1021,1015,61,619,994
515: 1107,972,834,999,592,179
516: 540,77,1078,76,1004,97
517: 233,234,842,1017,252,1006
518: 1026,480,1011,521,64,1056
519: 1103,1105,1017,854,253,235
520: 162,838,1023,1131,971,161
521: 537,46,1011,524,1026,518
522: 376,711,600,272,623,1030
523: 460,1033,1132,164,145,622,165
524: 782,537,521,1026,1057
525: 1040,237,960,255,273,256
526: 1044,110,130,151,132,150
527: 748,415,416,241,882,1046
528: 262,997,1048,1027,1012,280
529: 1050,1099,799,1098,281,390
530: 1059,960,745,862,1058,646
531: 346,1127,770,1061,211,191
532: 1062,95,134,114,690,889
533: 1063,474,127,691
534: 692,408,1064,554,1066,1104
535: 202,1111,1110,752,1070,655,223
536: 1069,620,69,462,1071,70
537: 521,46,1072,32,47,524
538: 343,87,1075
539: 838,1092,143,142,144,571,1077
540: 516,1078,437,98,1004,97,1079
541: 1081,387,775,404,606,28,1123
542: 1082,874,1083,169
543: 1085,936,1084,301,313,484
544: 108,635,148,596,479,1087
545: 1089,1088,113,954,786,1065
546: 230,1093,925,912,471
547: 1076,122,1125,1090,143,142
548: 1095,33,602,654,444
549: 1097,422,798,350,836,775
550: 1098,913,225,1099
551: 809,792,573,1101,570,1100
552: 178,1135,157,1102,177,811,946
553: 1103,1105,1047,396,236,745,1058
554: 258,1066,534,1104,381,967
555: 411,1039,51,1109,52,839
556: 689,1111,944,182,1110,183
557: 306,1115,617,473,1112
558: 605,1113,282
559: 118,1116,99,1118,827,119
560: 983,22,461,1119,37
561: 409,1120,104,1121,729,590
562: 1053,44,816,28,1123,1122,60
563: 401,102,122,1125,121
564: 883,172,346,1127,891,1126
565: 770,152,763,1129,491,346
566: 198,423,178,1135,592,197
567: 1130,1079,647,118,666,400
568: 845,1077,164,1131,1033
569: 91,902,499,71,111,131,1020
570: 1100,551,95,1101,815,1062,115
571: 413,1092,160,539,838,615,162
572: 702,896,115,96,116,366
573: 495,59,551,809,77,1100,76
574: 16,806,773,844,15,430
575: 72,1042,1108,651,675,777,73
576: 428,159,826,962,180,199,200,685
577: 90,499,71,828,89,740,878
578: 146,641,165,865,594,357,166
579: 800,1088,93,419,74,509,113
580: 990,713,822,382
581: 296,804,472,432,310,311
582: 88,639,494,108
583: 398,645,898,176,174,194,905
584: 628,56,74,683,424,509,94
585: 858,681,668,122,1076,988,123
586: 386,190,621,1016,1091,210
587: 660,679,293,294,904,908,295
588: 979,184,202,203,223,418,224
589: 176,175,905,155,671,195,1019
590: 105,870,561,409,729,694,412
591: 212,213,231,339,232,1031,849
592: 1107,515,178,1135,179,794,198,566
593: 253,1017,952,1006,957,921
594: 460,165,578,989,357,185,204
595: 190,625,735,149,170,468,714
596: 129,108,89,740,544,109,479
597: 1046,882,243,893,278,261,736
598: 930,784,715
599: 505,210,1016,389,231,510
600: 272,957,522,270,271,623
601: 240,258,241,967,259,973,260
602: 856,693,19,548,654,32
603: 304,303,361,766,868,316,397
604: 388,279,278,631,660,294
605: 265,682,677,558
606: 836,775,43,14,541,28,1123
607: 192,193,213,749,339,708,1041
608: 1053,44,431,848,61,712,79
609: 84,725,406,85,104,857,103
610: 287,271,286,840,429,347,841
611: 362,869,995,881,55,628
612: 909,927,254,255,273,376,442
613: 1129,151,150,770,616,1061
614: 281,297,390,643,821
615: 160,571,413,629,162,181,161
616: 170,150,613,1061,625,171
617: 943,452,292,399,306,557,473
618: 923,501,18,373,890,31
619: 994,1054,514,62,476,964,719
620: 536,1069,1071,707,670
621: 171,190,625,730,586,1016
622: 145,439,124,125,164,523
623: 271,600,522,288,1030,429
624: 40,1051,872,881,56,75,57
625: 595,190,149,170,616,621,171
626: 128,635,148
627: 363,39,25,825,998,41
628: 611,881,55,56,74,584
629: 140,160,159,615,180,181
630: 348,1096
631: 976,278,261,277,604,293,660
632: 1038,894,322
633: 867,788,1064,239,1043,408
634: 42,363,41,27,885,1010
635: 148,128,582,108,626,544
636: 637,220,433,1064,239,1066
637: 636,220,221,258,1066,240
638: 268,949,703,686,267,251
639: 494,667,70,88
640: 1093,247,824,229,248,368
641: 147,768,644,578,146,334,865
642: 958,511,107,126,127,737
643: 281,245,264,614
644: 125,738,768,145,641,146
645: 876,696,154,662,898,398,583
646: 711,254,1105,1058,1059,530,235
647: 97,116,1079,567,659,666
648: 979,184,989,163,183,185
649: 1035,328
650: 1086,130,781,150,149,170
651: 54,356,1108,762,575,675
652: 160,743,489,483,732,140
653: 1095,48,444,935,66
654: 32,47,602,548,444,914
655: 242,223,752,535,416,893
656: 804,771,309,310,776,1013
657: 1102,706,907,512,157,1107,972,178
658: 152,763,344,112,133,1128,345
659: 116,647,702,666,137,117
660: 587,631,604,293,294
661: 866,204,700,959,449,938
662: 135,500,645,696,398,884,176
663: 66,482,49,67,1032
664: 1049,399,305,397,733,473
665: 1074,751,68,1121,729,86
666: 647,1079,567,659,400,367,117
667: 1045,69,70,88
668: 122,769,722,401,681,585
669: 475,1115,402,308,477,755
670: 707,72,620,91,90,71
671: 155,403,589,1019,503,1024
672: 49,447,1034,332,790,1032
673: 200,349,199,832,859,353,433
674: 41,27,825,26,404,1081
675: 651,762,575,93,777,73
676: 741,297,853,821,333
677: 682,724,266,265,605
678: 111,756,1044,1020,344,132,1128
679: 293,727,405,587,904,308
680: 166,334,865,986,1002,463
681: 858,585,769,406,668,103
682: 677,915,266,918,558
683: 792,424,56,75,490,584,94
684: 360,1089,1065,134,133,789
685: 855,832,576,355,180,200
686: 369,267,268,638,284,750
687: 400,118,1116,407,785,709,138,820
688: 875,848,79,704,437,1134,335
689: 556,1111,453,944,201,901,1070
690: 364,889,134,532,360,876
691: 533,1063,464
692: 534,408,963,1106,1104,257
693: 336,20,443,856,602
694: 412,409,886,498,590,124
695: 952,269,951,921,754,372
696: 876,645,364,154,135,662,398
697: 77,1078,835,78,495,875
698: 892,465,899,39,1007
699: 298,299,337,833,436
700: 185,979,661,204,203,938
701: 298,299,284,750,829,410
702: 572,896,116,659,136,137
703: 338,982,949,513,638,251
704: 79,712,688,80,335,99,746
705: 341,874,466,169,188,189
706: 137,928,907,117,157,657
707: 52,1042,1071,72,620,670
708: 339,607,393,1041,849,233
709: 138,512,687,158,820,972,999
710: 467
711: 646,254,235,272,376,522
712: 61,608,79,704,80,456
713: 187,990,580,207
714: 468,1003,595,190,1000,386
715: 348,2,934
716: 779,275,257,274,932,718
717: 945,724,368,469,265
718: 383,275,381,779,716,291
719: 850,619,476,964,81,82
720: 327,851,1029,470,974,492
721: 993,726,209,228
722: 769,480,1056,83,401,668
723: 5,630,1096
724: 368,912,717,266,265,677
725: 1036,84,1057,65,406,609
726: 189,1003,188,993,721,209
727: 679,293,276,277,405,888
728: 296,1012,388,294,472
729: 1121,665,561,86,870,590
730: 211,742,621,171,1016,389
731: 833,936,313
732: 483,158,652,139,826,140
733: 473,1049,664,974,317,318
734: 351,806,773
735: 765,781,341,149,468,595
736: 597,243,900,278,991,279
737: 167,126,642,147,1063,474
738: 412,105,125,1005,768,644
739: 502,320,475,755,1009
740: 89,494,828,108,596
741: 676,297,1027,853,280
742: 211,730,191,1060,389,212
743: 160,652,489,802,744,413
744: 1090,1092,141,802,142,743,413
745: 236,217,862,778,553,1058,530
746: 827,704,80,100,99,837,830
747: 1011,63,1055,62,476,64
748: 527,415,222,796,752,416
749: 193,795,607,215,1041,214
750: 753,686,268,284,701,410
751: 790,343,68,665,87
752: 1070,222,535,748,416,655
753: 750,268,269,754,285,410,312
754: 285,269,695,753,417,372
755: 321,477,669,475,502,739,894
756: 92,786,111,678,344,112
757: 144,988,123,886,439,845
758: 216,385,764,414,1047,396
759: 903,900,242,418,808,243
760: 417,372,270,287,286
761: 378,817,478,465,11,899
762: 55,869,651,54,675,93,419
763: 152,658,345,565,814,491
764: 385,215,487,195,216,758
765: 781,129,479,466,341,735
766: 303,361,289,772,873,603,304
767: 950,420,897,196,946,1133,780,778
768: 126,1005,738,644,147,641
769: 722,480,65,406,668,681
770: 565,613,1129,491,1061,531,346
771: 421,309,321,656,322,1013
772: 289,909,927,873,290,766
773: 844,734,351,806,574
774: 840,347,302,314,315,852
775: 404,549,422,836,606,541
776: 1013,656,310,481
777: 91,575,72,675,902,73
778: 862,950,767,420,745,217,783
779: 716,275,274,718,452,292,291
780: 197,1133,423,767,420,238,218
781: 765,129,1086,650,735,149
782: 524,47,914,482,1057,1036
783: 394,218,420,862,778,237
784: 715,348
785: 407,687,120,158,820,483
786: 92,756,1088,1089,545,112
787: 314,301,484,965,906,323
788: 238,219,859,867,633,239
789: 153,154,133,684,360,345
790: 485,1032,672,332,751,68
791: 939,450,324,1022
792: 683,424,75,490,551,809,1101
793: 847,438,17,7,501,920
794: 179,962,592,198,349,199
795: 193,365,487,1014,749,215
796: 222,1068,440,221,748,415
797: 326,961,324,1022,488,1025
798: 3,4,350,549,1097
799: 1099,425,244,263,1050,529
800: 1088,579,93,504,73,92
801: 922,911,8
802: 926,141,489,978,744,743
803: 506,884,176,156,155,403
804: 295,472,581,309,656,310
805: 9,10,992,377
806: 5,15,574
807: 953,426,1075
808: 446,224,418,903,759,244
809: 551,490,58,59,792,573
810: 0,24,895
811: 177,156,157,1102,403,552
812: 17,844,352,574,16,847
813: 246,913,966,1098,550
814: 172,491,763,345,153,173
815: 76,570,1100,115,96,1004
816: 562,1053,44,1122,29,427,1015
817: 934,378,1,761,11,12
818: 206,205,580,226,864,822
819: 325,492,327,649
820: 158,687,785,709,138,999
821: 297,614,676
822: 580,226,970,382
823: 846,430,496,14,843,493
824: 247,228,209,1000,229,640
825: 25,831,26,627,674,41
826: 159,732,834,139,140,576,428
827: 746,99,1118,837,559,119,830
828: 1069,494,89,740
829: 1113,370,284,298,701
830: 342,975,746,827,375,837,119
831: 11,12,13,25,825,26
832: 855,685,673,200,353,440
833: 340,299,699,936,436,731
834: 139,999,515,826,179,428
835: 1008,1052,78,507,495,697
836: 549,846,775,606,14
837: 375,100,81,746,827,830
838: 539,571,1077,520,162,1131
839: 52,1042,1109,555,53
840: 429,610,880,347,774,302
841: 301,347,286,610,1085
842: 982,849,517,233,513,252
843: 493,910,496,438,879,29
844: 773,6,352,574,812
845: 568,1077,757,144,439,164
846: 823,350,15,430,836,14
847: 793,438,16,17,812,496
848: 431,78,608,875,688,79
849: 982,842,591,339,708,232,233
850: 719,81,83,82,101,102
851: 327,720,974,317,1035,497
852: 969,774,302,1037,315,392
853: 280,296,676,741,432,333
854: 1017,984,1047,234,519,1103
855: 685,832,355,201,440,1068
856: 443,18,693,923,19,602
857: 103,609,104,858,409,498
858: 681,585,857,103,988,498
859: 349,199,673,788,219,433,239
860: 8,1094,20
861: 458,980,36,354,356,358
862: 778,745,783,960,530,237
863: 30,45,879,920,890,434
864: 226,959,818,205,454,435
865: 334,641,578,146,680,166
866: 661,204,357,166,463,959
867: 633,238,788,394,218,1043
868: 303,1037,316,455,392
869: 987,995,611,54,762,55
870: 105,590,729,86,948,1005
871: 731,940,313
872: 881,38,359,362,40,624
873: 290,772,877,937,766,304
874: 1087,466,169,705
875: 688,78,848,697,1078,437
876: 645,696,360,690,364,154
877: 943,937,873,290,304,399,305
878: 499,577,89,131,109,110
879: 920,438,843,910,30,863
880: 288,840,429,303,361,302,1037
881: 872,611,362,624,628,56
882: 241,527,597,1046,260,261
883: 564,172,173,174,891,365
884: 176,662,500,398,803,506,155
885: 363,1051,634,57,58,1010
886: 498,988,694,757,439,124
887: 21,924,1117
888: 405,383,276,307,291,727
889: 690,364,532,1062,115,366
890: 501,920,618,863,434,31
891: 192,1126,1127,564,883,193,365
892: 698,23,1119,38,359,1007
893: 243,416,242,655,597,1046
894: 321,755,502,322,632
895: 810,930,24,378,478
896: 572,702,366,135,500,136
897: 503,1024,196,508,950,767
898: 173,153,154,645,583,174
899: 39,465,761,11,698,25
900: 903,759,243,736,991,262
901: 201,453,689,1111,222,1068,1070
902: 504,73,91,777,569,111
903: 900,759,808,244,262,263
904: 308,679,587,908,477,421
905: 194,175,398,583,176,589
906: 441,484,787,323
907: 367,117,706,512,157,657
908: 587,904,295,421,309
909: 927,612,273,442,772,290
910: 843,493,879,29,427,30
911: 801,922,8,18,373,443
912: 724,368,1093,546,266,471
913: 225,454,966,435,550,813
914: 444,654,47,66,782,482
915: 682,266,471,249,918,947
916: 311,432,333
917: 956,1095,653,48
918: 947,682,915,369,370
919: 371,801,922
920: 879,793,438,501,890,863
921: 957,952,593,695,372,270
922: 801,911,371,7,373
923: 618,18,856,19,31,1073,1072
924: 374,1117
925: 955,230,505,546,471,249
926: 1124,342,141,121,978,802
927: 909,612,376,1030,289,772
928: 137,706,136,506,156,157
929: 478,465,992,377,23
930: 598,0,810,895,378,1
931: 1080,1008,387,28,60,507
932: 274,448,379,1106,257,716
933: 425,449,938,446,225
934: 817,715,2,380,12
935: 66,653,1028,447,49
936: 1084,833,340,543,731,313
937: 877,943,274,448,873,290
938: 449,700,661,203,446,933
939: 450,965,323,486,791
940: 313,484,871,441,906
941: 451,1034,332,343
942: 985,247,248,945
943: 877,937,274,452,399,305,617
944: 971,161,453,182,556,689
945: 717,942,248,368
946: 196,177,552,1135,197,1133,767
947: 918,249,250,369,267
948: 86,106,870,958,511,1005
949: 250,391,338,703,267,638
950: 767,420,897,508,217,778
951: 269,251,513,252,952,695
952: 252,1006,593,951,695,921
953: 807,426,106,958,107
954: 94,509,113,545,1065,114
955: 925,505,391,510,249,250
956: 33,34,445,336,917,1095
957: 921,593,253,600,272,270
958: 511,106,948
959: 463,661,866,449,454,864
960: 1059,530,862,525,237,255
961: 455,392,969,324,797,326
962: 179,794,576,428,199,200
963: 1043,1040,692,408,256,1106
964: 100,81,619,994,456,719
965: 315,787,314,323,939,450
966: 435,913,227,246,813,457
967: 381,258,554,601,259,973
968: 35,467,458,1109,354
969: 852,315,961,392,450,324
970: 382,822,227
971: 944,161,520,162,1023,182
972: 1107,515,709,512,657,999
973: 259,601,381,967,383,276
974: 1049,733,470,317,851,720
975: 342,830,119,407,978,120
976: 260,259,261,277,631
977: 993,721,208
978: 489,120,342,975,926,802
979: 648,184,185,700,588,203
980: 36,21,22,1117,458,861
981: 1009,317,318,320,497,1001
982: 842,849,338,232,703,513
983: 560,22,36,37,987,995
984: 1047,385,393,214,234,854
985: 247,228,942
986: 167,334,1067,680,186,1002
987: 869,995,36,983,358,54
988: 123,858,585,886,498,757
989: 163,460,1132,594,648,185
990: 186,713,187,580
991: 262,900,736,279,1048
992: 377,805,929,461,23
993: 188,384,168,726,977,721
994: 619,514,61,456,964
995: 987,869,983,37,611,362
996: 411,395,462
997: 263,262,1050,528,1027
998: 1007,39,627,363,40,1051
999: 834,139,709,158,820,515,972
1000: 1003,714,209,386,824,229
1001: 319,981,320,497,329
1002: 186,986,680,463,206,205
1003: 189,726,468,714,209,1000
1004: 96,76,815,516,540,97,116
1005: 126,768,105,870,948,738
1006: 252,952,517,234,1017,593
1007: 998,892,698,39,359,40
1008: 931,1080,42,1052,835,507
1009: 981,1112,475,318,739,320
1010: 59,1052,885,634,42,58
1011: 63,747,521,46,64,518
1012: 296,728,388,1048,528,280
1013: 776,771,656,322
1014: 487,194,175,193,795,365
1015: 427,44,816,1021,514,61
1016: 621,730,586,389,210,599
1017: 854,517,234,519,1006,593,253
1018: 441,906,323,486
1019: 195,589,671,503,216
1020: 131,1044,569,111,678,132
1021: 1054,514,427,30,45,1015
1022: 324,797,488
1023: 1131,520,1033,1132,971,182,163
1024: 503,897,671,403,177,196
1025: 488,797,326,492,325,819
1026: 518,480,521,524,1057,65
1027: 297,390,997,1050,528,280,741
1028: 48,935,447,50
1029: 470,316,455,326,492
1030: 288,376,522,927,623,289
1031: 338,232,231,591,391,510
1032: 790,485,663,672,49,67
1033: 523,460,1132,568,164,1023,1131
1034: 332,447,50,672
1035: 497,327,851,649,328
1036: 84,725,782,482,1057
1037: 302,880,303,868,852,392
1038: 632,502,329
1039: 51,710,467,1109,555
1040: 525,237,394,963,1043,256
1041: 393,214,607,749,339,708
1042: 52,839,53,1108,707,575,72
1043: 963,394,867,633,1040,408
1044: 131,1020,678,110,526,151,132
1045: 395,69,667
1046: 597,527,416,882,893,261
1047: 984,385,758,396,854,1103,553
1048: 991,262,388,279,528,1012
1049: 664,305,316,397,733,470,974
1050: 529,799,997,263,390,1027
1051: 40,624,998,363,885,57
1052: 59,1010,42,1008,835,495
1053: 562,44,816,60,431,608
1054: 1021,514,45,1055,62,619
1055: 62,45,434,1054,63,747
1056: 83,82,64,518,480,722
1057: 65,524,782,1026,1036,725
1058: 236,745,1105,553,1059,530,646
1059: 960,530,1058,646,254,255
1060: 191,742,192,1126,212,213
1061: 613,770,616,531,171,211
1062: 532,95,570,115,889
1063: 533,474,737,167,464,1067
1064: 239,633,636,534,408,1066
1065: 134,114,954,1089,545,684
1066: 258,554,1064,637,636,534
1067: 464,167,986,186
1068: 222,796,855,201,901,440
1069: 536,620,70,828
1070: 752,901,689,1111,222,535
1071: 411,52,462,707,536,620
1072: 923,19,1073,32,537,46
1073: 31,923,1072,63,46
1074: 665,87,426,86,106
1075: 538,87,426
1076: 547,122,585,123,143
1077: 845,568,144,539,838,1131
1078: 697,77,875,516,540,437,98
1079: 1130,567,540,98,97,647,666
1080: 931,1008,27,1081,387,42
1081: 541,387,404,674,27,1080
1082: 542,1083
1083: 1082,542,169
1084: 936,312,300,543,1085
1085: 543,300,286,1084,301,841
1086: 109,110,130,129,781,650
1087: 479,466,148,544,874
1088: 800,579,113,92,786,545
1089: 545,786,1065,112,133,684
1090: 744,1092,1125,141,547,142
1091: 230,386,586,229,210
1092: 744,1090,142,571,413,539
1093: 640,229,230,546,912
1094: 20,860,34,336
1095: 548,956,33,917,653
1096: 2,723,3,798
1097: 549,422,380,3,798,13
1098: 550,1099,813,529,281
1099: 799,425,1098,550,529
1100: 570,551,573,1101,76,815
1101: 95,792,424,551,570,1100
1102: 657,157,1107,811,552,178,1135
1103: 519,1105,553,1047,396,854
1104: 275,257,534,692,554,381
1105: 519,1103,553,1058,235,646
1106: 379,963,692,256,257,932
1107: 515,972,657,1102,178,592
1108: 53,356,1042,651,575
1109: 467,968,1039,555,839
1110: 183,556,1111,184,535,202
1111: 556,689,901,1110,1070,535,202
1112: 1115,557,473,475,318,1009
1113: 370,558,283,829
1114: 337,283,298
1115: 306,557,402,1112,669,475
1116: 559,118,119,400,687,407
1117: 22,924,374,21,887,980
1118: 335,99,1134,827,1130,559,118
1119: 23,461,892,560,38,37
1120: 85,104,485,68,1121,561
1121: 68,485,1120,665,561,729
1122: 43,28,1123,29,427,562,816
1123: 28,606,43,541,1122,562
1124: 101,375,102,342,926,121
1125: 141,121,563,122,547,1090
1126: 192,891,1127,564,191,1060,193
1127: 531,346,564,191,891,1126
1128: 151,132,678,344,152,658
1129: 613,151,152,770,565
1130: 1079,567,98,1134,1118,118
1131: 1023,838,568,1077,520,1033
1132: 523,460,1033,1023,989,163
1133: 197,1135,196,946,423,767,420,780
1134: 437,98,688,335,99,1118,1130
1135: 552,178,1102,592,946,197,1133,566