0: 1195,930
1: 378,817,930,1197,715,934
2: 1257,348,630,1096,380
3: 798,1097,2,1096,380
4: 723,798,1146,549,350,846
5: 806,1096,15
6: 844,352
7: 371,922,501,373
8: 20,860,911,18,443
9: 10,924,805
10: 9
11: 761,817,12,831,899,25
12: 831,934,11,13,26
13: 26,934,380,1097,12,422
14: 350,846,823,836,1211,493,43
15: 773,5,723,1146,1147
16: 574,1147,812,847,430,496
17: 812,847,352,371,7,793
18: 1235,911,8,373,443,1234
19: 1234,923,856,1200,1072,32
20: 8,1094,443,336,693
21: 887,35,458,980
22: 1117,374,461,36,560
23: 1119,929,465,698,892
24: 810,895,929,478
25: 899,39,1252,11,831,825
26: 13,12,831,422,404,1253
27: 674,41,1266,1081,42,1268,1080
28: 1210,60,387,606,1123,931
29: 910,427,493,43,1122,816
30: 879,863,910,427,45,1021
31: 618,890,923,434,1073,1072
32: 1072,19,1200,1204,46,537
33: 548,956,693,856,1200,602
34: 1094,336,445
35: 968
36: 980,861,560,987,983
37: 983,995,611,560,38,362
38: 892,1119,560,359,37,362
39: 899,25,1252,698,1007,998,627
40: 872,1247,1007,359,998,1051
41: 1266,627,1252,825,674,27,363
42: 1268,27,634,931,1080,1010,1052,1008
43: 1122,1211,14,493,1123,29
44: 1215,61,562,1015,816,1217,1053
45: 434,863,30,1021,1054,1055
46: 1073,1072,32,63,537,521,1011
47: 654,782,1204,602,537,524
48: 935,653,1028
49: 663,935,66,447,672,1032
50: 1028,447,1034
51: 996,1039,555,411
52: 1071,555,411,839,707,620
53: 968,467,1109,1108,356
54: 358,1149,356,869,651,762
55: 1220,1221,628,419,1156,1255,74
56: 881,628,624,584,1255,1254
57: 1246,1247,1051,885,58,490
58: 1010,634,885,57,59,490,809
59: 1052,1010,58,809,1145,495
60: 28,1210,931,1008,507,431,1053
61: 44,1215,1217,608,456,712
62: 1054,1055,63,476,1238,747
63: 1073,1055,62,46,747,1011
64: 747,476,518,1011,82,1056
65: 480,1026,1057,725,769,406
66: 935,653,444,914,49,663
67: 1032,482,84,485,85
68: 790,485,1120,751,1121,665
69: 395,462,1045,536,667,70
70: 69,536,667,1237
71: 1152,777,91,902,1137,569
72: 777,91,707,1042,575,1151
73: 1157,93,675,902,504,800
74: 579,419,55,1156,1157,509
75: 792,490,1246,1254,1166,683
76: 1004,815,1100,77,516,1139
77: 1144,516,1145,573,1100,76
78: 848,875,507,835,431,697
79: 608,848,712,688,335,704
80: 456,712,964,746,704,100
81: 100,101,1236,837,375
82: 476,64,719,1056,83,850
83: 850,82,1056,722,401,102
84: 609,1036,482,67,725,85,1214
85: 485,1120,67,84,609,1216
86: 870,1074,729,106,948
87: 751,538,1074,665,426
88: 667,582,639
89: 577,828,499,740,109,878
90: 1237,1239,670,828,577
91: 72,777,1151,670,1152,71
92: 504,800,1088,1136,756,786
93: 762,419,651,675,73,1157
94: 509,1167,1156,584,1166,424
95: 570,1062,1101,1138,114,532
96: 1143,1004,815,97,116,572
97: 540,1004,98,96,116,1079
98: 1134,1130,437,540,97,1079
99: 827,559,335,746,704,1118
100: 81,456,80,964,746,1236,837
101: 1236,81,850,375,1124,102
102: 121,101,83,850,401,1124,563
103: 1214,406,681,857,858,585
104: 1216,561,857,498,409
105: 412,590,870,948,1005,738
106: 1074,426,953
107: 953,127
108: 596,740,494,1267,1269
109: 878,89,596,740,1191,1153
110: 131,878,1044,1153,130,526
111: 1137,569,1136,678,131,1020
112: 756,786,1089,344,133,658
113: 954,545,579,509,1167,1088
114: 134,954,1138,95,1065,532
115: 1062,1139,815,889,1143,366
116: 97,96,1079,572,659,647
117: 666,647,659,137,706,907,367
118: 400,1130,1118,559,567,1116
119: 1116,407,827,559,830,975
120: 483,407,975,978,785,489
121: 102,1124,563,926,141,1125
122: 1168,563,1170,547,1125,1076
123: 988,757,585,143,1076,144
124: 622,757,886,1178,439
125: 1178,412,738,145,1240,644
126: 642,1005,511,768,147,737
127: 107,474
128: 1162,1251
129: 765,544,1190,1191,1086,479,781
130: 526,110,1191,1153,1086,650,1231
131: 110,569,499,111,878,1020,1044
132: 1020,1044,678,344,1227,151,1128
133: 684,789,1089,112,658,345
134: 114,1065,532,684,360,690
135: 366,364,1142,696,500,662,896
136: 896,702,500,137,706,506,928
137: 706,702,659,117,136,907,928
138: 400,666,687,367,709,820
139: 826,158,999,732,834,140,428
140: 159,629,732,652,1258,826,139
141: 121,926,1125,1090,802,744
142: 1092,547,1090,143,1077,539
143: 1076,547,123,142,1077,144
144: 439,845,143,757,123,1077
145: 1240,1242,125,644,146
146: 644,145,1242,641,165,1155,865
147: 641,768,126,737,334
148: 1269,544,626,635,1250,1087,479
149: 170,765,781,735,1249,1189,595
150: 613,1229,650,1231,1188,616
151: 1128,152,132,1227,1229,1129
152: 151,1128,658,763,1129,565
153: 345,789,154,814,173,898
154: 789,360,876,153,645,898
155: 403,803,156,1176,671,1024
156: 803,506,928,157,155,403,811
157: 928,706,156,657,403,811,1102
158: 820,999,785,483,732,139
159: 140,629,1258,826,576,1148,180
160: 413,1256,1258,571,629,1225,1228
161: 453,162,1140,181,971,944
162: 615,1140,1141,520,161,971
163: 1023,1132,182,989,183,648
164: 523,439,845,622,568,1033
165: 1186,1242,146,1155,594,578
166: 1155,578,680,463,866,357
167: 1063,474,737,986,1067
168: 1083,169,384,993,188
169: 1083,1082,874,705,168,188
170: 149,781,650,1188,1249,595
171: 1245,625,1233,1248,621,730
172: 814,491,173,564,883,1163
173: 898,583,153,814,172,1163
174: 1163,583,883,194,365,1014
175: 487,195,194,1177,1014,589
176: 884,398,803,905,1177,1176
177: 196,403,811,552,1024,946
178: 552,1102,657,1107,515,566,1182,1135
179: 515,834,1182,962,428,592,794
180: 181,159,629,1228,1148,685,355
181: 180,1228,1140,453,161,355
182: 971,944,163,1023,556,183
183: 184,182,163,556,648,1110
184: 183,979,648,1110,202,1175
185: 1187,1154,979,204,357,700
186: 1158,1002,986,1067,990
187: 464,713,1159
188: 993,169,705,341,168,189
189: 468,705,341,993,188,726,1003
190: 595,1244,1245,386,586,621
191: 211,531,1127,1126,742,1060
192: 193,1212,1126,891,1213,607
193: 1212,192,1213,365,749,795
194: 905,1177,583,174,1014,175
195: 487,175,1019,589,764,216
196: 177,503,1024,946,897,767,1133
197: 946,1135,566,198,780,1133,423
198: 592,1183,566,197,1135,423
199: 1150,962,794,349,200,673
200: 685,1150,199,673,832,353
201: 355,855,453,689,1068,901
202: 184,535,1110,1175,223,588
203: 1175,979,700,224,588,1174
204: 866,357,185,700,661,938
205: 463,1158,866,818,661,959,864
206: 580,186,1158,990,818
207: 713,382
208: 977,459,985
209: 1003,721,726,1000,228,824
210: 1171,1091,599,1194,1169,505
211: 191,1233,1061,531,1248,742
212: 742,1060,389,1196,591,213
213: 1179,339,212,1060,607,591,1181
214: 749,215,1041,385,393,984
215: 749,795,487,764,214,385
216: 195,1019,764,508,758,414
217: 745,950,508,396,414,236
218: 783,420,780,238,867,394
219: 859,1183,349,238,423,788,1265
220: 221,440,353,636,433,637
221: 220,440,415,796,637,240
222: 1070,901,1068,796,748,752
223: 535,202,655,588,418,242
224: 588,418,203,446,1174,808
225: 933,449,454,1099,425,550
226: 822,818,580,864,435,227
227: 822,226,435,966,970
228: 824,721,726,209,985,247
229: 1000,386,1091,640,230
230: 546,1169,229,1091,1093,640
231: 1031,1181,599,1196,591,510
232: 849,339,1031,1181,338,982
233: 708,849,234,393,842,517
234: 393,984,233,854,517,1017
235: 1105,646,519,593,253,272
236: 530,396,217,745,553,1058
237: 1040,394,783,862,960,525
238: 423,780,219,218,867,788
239: 636,433,859,633,1265,1064
240: 241,221,415,258,637,601,1205
241: 240,415,527,601,1205,882
242: 655,223,418,893,759,243
243: 736,893,242,759,1192,900
244: 446,808,425,903,263,799
245: 1098,264,1226,643
246: 457,264
247: 248,228,824,942,985,640
248: 247,1093,640,945,368
249: 925,471,955,250,915,947
250: 955,391,249,947,267,949
251: 703,513,638,951,268,269
252: 951,842,1006,517,513,952
253: 593,235,1185,272,957,1199
254: 1058,646,255,1059,711,1222
255: 1059,960,254,525,273,1222,1223
256: 525,1040,963,1223,379,1106
257: 692,1104,932,1106,275,716
258: 637,636,1066,240,554,967,601
259: 260,1202,973,976,276,1260
260: 1205,1202,601,882,259,976,1193
261: 597,1192,1046,882,1193,278
262: 903,900,263,991,997,1050
263: 244,262,903,529,799,997,1050
264: 246,245,643
265: 717,724,605
266: 677,912,471,724,915,682
267: 250,638,949,369,686
268: 686,638,251,269,410,750,753
269: 251,951,268,695,753,754
270: 372,921,1184,957,760,287
271: 623,1241,1184,600,287,1198
272: 235,646,253,711,1199,522
273: 1222,255,442,1223,909,612
274: 448,932,452,716,943,937
275: 718,381,1104,257,716,779
276: 383,973,259,1260,727,888
277: 631,976,1261,1260,727,293
278: 1203,597,261,976,1261,1193,1201
279: 736,1203,991,388,604,1048
280: 853,1012,528,1027,1164
281: 390,1098,529,245,1226
282: 1208,1113
283: 1113,829,282,1114
284: 701,370,369,686,829,750
285: 753,410,417,754,340,300,312
286: 1218,1219,610,841,1085,347
287: 270,1184,760,271,610,1198
288: 880,623,1243,289,429,361
289: 766,772,1030,927,1243,288,361
290: 442,909,448,772,873,937
291: 779,718,383,292,1232,307,888
292: 1232,452,779,291,617
293: 1172,727,277,631,660,679
294: 660,1172,472,1173,587,295
295: 908,294,472,587,804,309
296: 1165,581,728,472,1164,804
297: 614,1027,821,280,676,741
298: 829,701,283,337
299: 699,833,701,410,750,298,340
300: 312,285,417,760,1218,1084,1085
301: 314,841,347,484
302: 1037,429,880,774,840,852
303: 868,880,361,603,1037,1207
304: 603,766,873,877,305,397
305: 877,304,399,397,1049,664
306: 557,1232,307,1230,402,1115
307: 888,291,1232,405,306,402
308: 679,405,402,904,669,477
309: 656,295,908,804,310
310: 804,776,481
311: 1165,581,432,916
312: 300,285,417,936,340,1084
313: 543,1084,731,871,940
314: 301,347,774,315,965
315: 774,314,852,450,969
316: 868,1207,1206,455
317: 733,974,981,318,497,851
318: 981,1009,733,473,1112,317
319: 329,328,1001
320: 502,739,981,1009,319,329
321: 755,477,421,771,894,1264
322: 1264,1013,632,1262
323: 965,1018,787,486
324: 969,450,961,791,1022,797
325: 1025,819,488
326: 961,455,492,1029,797,1025
327: 649,492,720,851,819,1035
328: 497,319,1035
329: 319,1038,1001
332: 343,672,1034,790
333: 853,676,741,432
334: 865,147,641,986,680,1002
335: 79,688,704,1134,1118,99
336: 956,693,1094,34,445
337: 298,436
338: 1031,232,391,982,949,703
339: 1179,213,591,1181,232,849,708
340: 936,410,753,285,299,833,312
341: 466,705,735,188,189,468
342: 926,978,830,375,1124,975
343: 332,451,87,751,538
344: 756,678,132,112,1128,658
345: 153,133,789,658,763,814
346: 1127,564,770,565,491,531
347: 286,1219,841,774,840,301,314
348: 784,630,2,1257
349: 794,1183,199,859,219,673
350: 549,846,775,836,14
351: 734,574,844
352: 844,6,17,812,371
353: 440,832,200,673,433,220
354: 358,968,458,861,53,356
355: 201,855,1148,181,180,453,685
356: 1108,1149,53,358,354,54
357: 866,204,578,1187,166,185
358: 354,987,356,54,869
359: 1007,892,38,362,872,40
360: 134,684,789,690,876,154
361: 766,289,880,288,603,303
362: 38,359,37,611,872,881
363: 634,885,998,41,1266,627,1051
364: 690,876,889,366,135,696
365: 1014,883,174,1213,193,795
366: 135,889,115,1143,364,1142,896
367: 907,666,117,138,709,512
368: 912,1093,945,717,724
369: 947,267,370,918,686,284
370: 918,558,369,1113,829,284
371: 7,919,17,922
372: 921,270,695,417,754,760
373: 7,922,911,501,18,1235,618
374: 1117,22,924,805,992,461
375: 1124,81,101,830,837,342
376: 1030,711,1222,522,927,612
377: 805,992,10,810,24,929
378: 1,817,930,895,478,761
379: 932,1106,256,442,1223,448
380: 2,1257,934,3,1097,13
381: 718,275,554,1104,967,973
382: 713,1159,580,822,207
383: 276,718,973,779,291,888
384: 168,977
385: 1047,758,215,764,214,984
386: 586,190,1244,1000,714,229,1091
387: 1081,541,606,1123,931,1080,28
388: 604,279,1012,1048,728,1173
389: 730,1248,1016,212,742,1194,1196
390: 281,529,1050,1027,614
391: 955,250,510,1031,338,949
392: 852,1037,868,455,969,961
393: 234,984,1041,214,233,708
394: 237,1040,783,218,867,1043,1263
395: 462,1045,69
396: 414,1047,758,217,1103,553,236
397: 1207,1206,603,304,305,1049
398: 1161,645,662,884,176,905
399: 1230,877,943,617,305,664
400: 118,567,1116,666,138,687
401: 722,83,668,102,1168,563
402: 1115,307,405,306,308,669
403: 155,803,156,157,811,1024,177
404: 1253,26,422,775,541,674,1081
405: 679,727,307,888,402,308
406: 103,1214,65,725,769,681
407: 119,1116,975,687,785,120
408: 1064,633,1043,1263,963,692,534
409: 561,104,498,590,1180,694
410: 750,268,701,753,285,299,340
411: 555,996,51,462,52,1071
412: 105,590,694,1178,125,738
413: 160,743,744,1092,1256,571,1225
414: 396,216,508,758,217,950
415: 796,221,748,241,240,527
416: 893,748,655,752,1046,527
417: 754,372,285,760,300,312,1218
418: 224,588,223,242,808,759
419: 762,93,1220,55,1157,74
420: 783,218,767,780,1133,778
421: 771,904,587,908,321,477,1264
422: 549,13,26,404,1253,775
423: 238,197,198,1183,780,219
424: 1166,1167,94,1101,683,1138
425: 1099,446,225,933,244,799
426: 1075,1074,807,106
427: 910,29,30,1015,816,1021
428: 576,962,834,826,139,179
429: 1198,623,1243,880,288,840,302
430: 846,823,1146,1147,16,496
431: 60,507,1217,1053,848,78,608
432: 1165,333,916
433: 636,239,859,673,353,1265,220
434: 45,890,863,31,1073,1055
435: 966,913,864,226,454,227
436: 337,731
437: 688,875,1078,540,1134,98
438: 793,496,843,879,920
439: 845,144,757,124,622,164
440: 832,353,1068,221,220,796
441: 940,1018
442: 1223,273,379,909,290,448
443: 20,8,18,1234,856
444: 1095,602,914
445: 34,917,1095
446: 1174,224,933,808,244,425
447: 672,1028,50,1034
448: 274,442,932,379,290,937
449: 661,938,959,225,933,454
450: 939,315,324,969,791
451: 941,538
452: 716,274,779,943,617,292
453: 161,181,944,201,355,689
454: 449,959,864,225,435,913
455: 868,392,316,961,326,1029
456: 712,80,1215,61,994,964,100
457: 227,970,246
458: 980,861,35,21,968
459: 942,985
460: 1033,523,1132,1186,989,594
461: 992,22,374,1119,560
462: 395,69,536
463: 680,166,1158,1002,866,205
464: 691,1067,990,187
465: 478,929,23,698,899
466: 341,1087,479,765,705,735
467: 710,968,1039,53
468: 189,341,735,1189,1003,714
469: 717
470: 974,1206,1049,316,1029,720
471: 546,249,925,266,915
472: 728,1173,294,295,804
473: 733,664,557,1112,318
474: 1063,167,642,127,737,533
475: 669,1115,1112,755,1009,739
476: 1238,62,747,64,619,719,82
477: 321,755,308,904,669,421
478: 465,24,895,929,761
479: 1087,544,148,1190,129,765,466
480: 65,518,1026,1056,722,769
481: 310,311,776
482: 782,914,663,1036,67,84
483: 120,785,489,158,732,652
484: 906,543,841,940,301
485: 1120,85,1032,67,790,68
486: 
487: 175,195,1014,215,795,764
488: 1022,797,1025
489: 802,743,978,120,483,1256,652
490: 792,75,57,1246,58,809
491: 565,763,814,172,346,564
492: 1029,720,819,327
493: 843,823,14,43,910,29
494: 1069,828,1160,1267,740,108
495: 1145,1052,59,835,697,1144
496: 16,847,430,823,438,843
497: 851,317,319,1035,328
498: 857,104,858,409,988,886,694
499: 569,1152,577,89,878,131
500: 662,135,136,896,884,506
501: 373,920,890,618
502: 320,739,894,329,1038
503: 1024,1019,671,196,508,897
504: 800,92,73,902,1137,1136
505: 210,599,1169,510,925,955
506: 803,156,500,136,884,928
507: 1008,835,931,60,431,78
508: 897,1019,503,216,414,217,950
509: 1167,94,1156,579,74,113
510: 599,505,1031,231,955,391
511: 958,948,1005,642,126
512: 709,907,367,657,1107,972
513: 251,703,982,842,951,252
514: 994,1015,1021,1054,1215,1238
515: 1107,972,999,834,178,1182,179
516: 77,1144,1078,76,1004,540
517: 1006,1017,233,234,842,252
518: 521,1011,64,1026,1056,480
519: 593,854,1103,1017,235,1105
520: 838,1141,568,162,1131,971,1023
521: 518,1011,46,537,524,1026
522: 600,1199,272,711,1030,376,1241
523: 164,622,1240,1242,460,1033,1186
524: 1026,537,47,782,521,1057
525: 256,237,1040,255,960,1223
526: 130,110,1044,1227,1231,1229
527: 1046,415,748,241,416,882
528: 1027,997,1050,1012,1048
529: 1098,799,263,1050,390,281
530: 236,745,862,1058,1059,960
531: 770,1061,1127,346,211,191
532: 889,95,1062,114,134,690
533: 691,127,1063,474
534: 692,1064,408,1066,554,1104
535: 1111,1110,1070,202,655,752,223
536: 620,1239,1071,69,70,1237
537: 32,1204,46,521,524
538: 451,1075
539: 571,142,1092,1077,838,1141
540: 97,516,1078,437,1004,98
541: 775,404,836,387,1081,606
542: 1082,1251,626,1250,874
543: 313,1084,841,1085,940,484
544: 1269,148,1267,1190,479,129
545: 113,954,1088,786,1089,1065
546: 230,1169,1093,912,471,925
547: 1125,1090,122,143,1076,142
548: 33,1095,602,444
549: 422,798,1097,4,350,775
550: 813,225,454,1099
551: 1101,683,792,573,1100,570
552: 178,1102,811,566,177,946,1135
553: 396,1103,236,1105,1058
554: 1104,1066,258,534,967,381
555: 411,1039,1109,839,52
556: 182,944,689,183,1111,1110
557: 306,1230,1115,473,664,1112
558: 605,682,370,918,1208,1113
559: 99,827,1118,118,119,1116
560: 461,1119,36,38
561: 1216,104,1120,1121,409,1180
562: 1122,1210,816,1217,1053,44
563: 1168,122,401,121,102,1125
564: 1127,346,491,172,883,891
565: 491,152,763,1129,770,346
566: 1182,552,178,197,1135,198,592,1183
567: 1079,1130,118,400,666,647
568: 845,838,164,520,1131,1033
569: 499,1152,71,1137,111,131,1020
570: 95,1062,1101,551,1100,1139
571: 539,1092,413,160,1141,1225,615
572: 702,1142,96,1143,116,659
573: 1100,792,809,1145,551,77
574: 773,844,1147,16,812
575: 1042,1149,651,72,777,675
576: 962,428,826,159,1148,1150
577: 89,90,670,1152,828,499
578: 594,1187,165,1155,166,357
579: 74,1157,509,800,1088,113
580: 206,818,382,1159,822,226
581: 1165,296,804,310,311
582: 639,88,128,1162,1160
583: 173,898,1161,174,1163,194,905
584: 1156,1255,56,1254,1166,94
585: 858,681,103,1170,1076,988,123
586: 386,190,621,1016,1091,1171
587: 904,1172,294,295,908
588: 224,418,202,203,1175,223
589: 1019,671,1177,1176,175,195
590: 1180,409,694,105,412
591: 212,1196,339,213,1181,231
592: 198,1183,566,1182,179,794
593: 519,1006,1017,235,1185,253
594: 578,1187,460,165,1186,989,1154
595: 190,1244,149,170,1249,1189,1245
596: 740,108,109,544,1190,1191
597: 1192,261,736,278,1203
598: 0,930,1197
599: 1194,1196,210,505,510,231
600: 1199,522,1184,271,1241
601: 967,258,637,241,240,260,1205,1202
602: 1200,548,33,1204,444
603: 304,766,361,303,1207,397
604: 388,1203,279,660,1201,1173
605: 682,558,265,1209,1208
606: 1123,541,836,1211,387,28
607: 1126,1060,1212,192,1179,213
608: 79,431,1217,1053,61,848,712
609: 84,85,1214,857,1216
610: 1219,760,287,1218,286,1198
611: 983,37,995,362,1221,881,628
612: 927,909,273,1222,376
613: 1229,150,1129,770,616,1061
614: 297,390,1226,1027,821,1224
615: 162,1140,571,1141,1225
616: 1233,1061,613,150,625,1188
617: 452,943,292,1232,399,1230
618: 31,501,373,1235,890,923
619: 719,994,476,1238,964,1236
620: 536,1239,52,1071,707,1151
621: 1016,190,1245,171,586,730,1171
622: 124,439,523,164,1240
623: 271,1241,1243,1198,429,288
624: 872,1247,56,881,1246,1254
625: 1188,1249,616,1233,1245,171
626: 635,1162,1251,148,1250
627: 41,1266,39,1252,825,998,363
628: 56,881,611,1221,55,1255
629: 159,140,1258,160,1225,1228,180
630: 1259,348,2
631: 277,1261,660,1201,1172,293
632: 1262,322,1013
633: 1265,867,788,636,239,1263,1064,408
634: 363,885,1266,42,1268,1010,58
635: 626,1162,1160,1267,1269,148,1250
636: 433,239,633,220,1064,1066,258,637
637: 258,636,221,220,1066,240,601
638: 949,267,251,703,686,268
639: 582,667,70,1069,494,1160
640: 1093,824,229,248,247,230
641: 147,768,644,146,334,865
642: 126,958,511,107,127
643: 264,1226,1224
644: 146,125,738,768,145,641
645: 696,876,154,662,898,1161,398
646: 235,1105,254,1058,272,711
647: 666,117,116,567,1079,659
648: 1154,979,163,989,183,184,1175
649: 327,1035
650: 1231,1086,130,781,150,170,1188
651: 1149,54,575,762,93,675
652: 1256,1258,483,489,743,732,140
653: 935,66,1095,48,444
654: 47,782,602,444,914
655: 752,535,223,893,416,242
656: 309,908,310,1013,776
657: 706,907,512,157,1107,178,1102
658: 763,344,112,133,1128,152,345
659: 116,572,702,647,117,137
660: 1201,631,604,1172,293,294,1173
661: 449,938,866,204,205,959
662: 500,135,696,645,896,398,884
663: 49,914,482,1032,67
664: 733,473,305,399,1230,557,1049
665: 1074,729,68,87,751,1121
666: 647,117,567,400,138,367
667: 1045,70,639
668: 769,681,722,401,1168,1170
669: 475,402,1115,308,755,477
670: 1239,1151,91,90,1152,577
671: 1019,589,1176,155,503,1024
672: 447,1034,1032,790,332
673: 349,199,200,859,353,433
674: 27,825,404,1253,41,1266,1081
675: 575,651,93,777,73,902
676: 741,333
677: 266,724,265,605,682
678: 1136,756,111,1020,132,344
679: 405,727,1172,293,308,904
680: 463,1155,334,865,166,1002
681: 769,668,103,406,1170,585
682: 605,558,677,266,915,918
683: 1101,551,1166,792,75,424
684: 133,789,1089,1065,134,360
685: 200,1148,180,1150,355,855,832
686: 268,267,638,369,284,750
687: 785,400,1116,407,138,820
688: 437,848,875,79,335,1134
689: 453,944,201,556,1070,901,1111
690: 364,876,134,532,889,360
691: 533,464
692: 534,408,963,1104,1106,257
693: 336,956,443,856,33
694: 1178,498,409,590,886,412
695: 951,952,269,372,921,754
696: 645,364,876,135,662
697: 835,495,78,875,1144,1078
698: 465,23,899,39,892,1007
699: 299,833,701,298,337,436
700: 979,185,204,203,938,1174
701: 284,829,410,750,298,699,299
702: 572,1142,659,136,896,137
703: 251,513,338,982,638,949
704: 746,79,712,80,335,99
705: 874,1087,466,341,188,189
706: 137,117,136,907,928,157,657
707: 52,1042,620,1151,72
708: 233,1179,339,1041,849,393
709: 512,138,367,820,999,972
710: 1039,467
711: 646,254,272,1222,522,376
712: 456,80,1217,61,608,79,704
713: 382,1159,187
714: 1000,468,1189,1244,1003,386
715: 784,1197,1257,934
716: 452,932,257,275,274,779
717: 945,368,724
718: 381,275,973,779,291,383
719: 619,476,964,82,1236,850
720: 974,470,492,1029
721: 726,977,209,208
722: 401,1056,480,83,769,668
723: 4,1096,5,15,798,1146
724: 368,912,717,677,266
725: 1057,1036,65,84,1214,406
726: 721,993,189,1003,209
727: 1260,276,277,888,679,405,293
728: 472,1173,388,1012,1164,296
729: 1074,665,1121,1180,86,870
730: 389,171,1248,621,1016,742
731: 436,871
732: 483,158,652,826,139,140
733: 473,664,1049,974,317
734: 806,351
735: 765,466,341,149,468,1189
736: 243,597,1192,900,1203,279,991
737: 642,126,147,474,167
738: 105,412,1005,125,768,644
739: 320,502,475,755,1009,894
740: 596,108,494,828,89,109
741: 676,297,280,853,333
742: 212,1060,1248,211,191,389,730
743: 802,489,744,1256,652,413
744: 141,1090,802,743,1092,413
745: 217,950,778,236,530,862
746: 704,80,100,99,827,837
747: 64,1055,62,63,476,1011
748: 1070,222,415,796,752,527,416
749: 215,795,193,1212,1041,214
750: 410,686,268,284,701
751: 87,790,332,343,68,665
752: 655,1070,222,535,748,416
753: 285,268,269,410,754
754: 417,269,695,372,753,285
755: 321,477,475,669,739,894,1264
756: 1136,678,92,786,344,112
757: 988,123,886,439,144,124
758: 385,1047,764,216,396,414
759: 808,418,242,243,903,900
760: 372,270,417,287,300,1218,610
761: 11,378,817,478,465,899
762: 93,419,54,869,1220,651
763: 658,152,345,565,491,814
764: 487,195,215,216,385,758
765: 129,479,781,466,735,149
766: 289,772,873,361,603,304
767: 196,897,1133,950,778,420
768: 738,126,644,147,641
769: 681,668,65,480,722,406
770: 1129,613,565,1061,531,346
771: 421,908,321,656,309,322,1264,1013
772: 766,289,927,909,290,873
773: 15,734,806,351,574,1147
774: 840,347,302,314,315,852
775: 541,422,549,350,404,836
776: 310,1013,481
777: 72,91,575,675,71,902
778: 767,745,950,783,420,862
779: 291,718,275,452,716,383,292
780: 1133,197,238,423,218,420
781: 1086,129,765,650,149,170
782: 654,47,914,524,1057,1036,482
783: 218,420,778,862,237,394
784: 348,1197,715,1257
785: 687,407,120,483,158,820
786: 92,1088,545,756,1089,112
787: 1018,906,484,301,314,323,965
788: 867,238,859,219,633,1265,1263
789: 133,684,360,345,153,154
790: 1032,332,485,68,751
791: 450,939,324,1022
792: 490,75,809,551,683,573
793: 438,17,847,7,501,920
794: 349,179,962,592,1183,199
795: 749,215,1213,365,1014,487,193
796: 415,440,1068,222,221,748
797: 1025,324,961,326,1022
798: 3,1097,1096,723,4,549
799: 1098,529,244,1099,425,263
800: 504,92,73,1157,579,1088
801: 919,922,911
802: 489,743,926,978,141,744
803: 506,156,884,176,1176,155,403
804: 472,295,581,296,309,310
805: 377,992,9,10,924
806: 734,5,15,773
807: 953
808: 759,224,418,446,244,903
809: 58,59,792,490,1145,573
810: 24,1195,10
811: 156,157,403,552,1102,177
812: 17,847,574,844,352,16
813: 550,246,1098,245,264
814: 172,763,345,153,491,173
815: 76,1004,1139,115,96,1143
816: 1015,1122,29,427,562,44
817: 1,378,934,761,11,12
818: 1158,205,206,580,864,226
819: 649,327,325
820: 158,999,138,687,785,709
821: 1224,297,614,676
822: 226,227,970
823: 846,430,496,14,843,493
824: 228,209,1000,229,247,640
825: 831,25,1252,1253,41,627,674
826: 139,732,834,159,140,576,428
827: 99,559,746,830,837,119
828: 1237,90,1069,494,577,89,740
829: 1113,284,701,283,298
830: 837,827,375,119,975,342
831: 12,11,26,25,825,1253
832: 440,353,685,200,855,1068
833: 699,299,936,340,436,731
834: 999,515,972,826,139,179,428
835: 1008,507,1052,495,697,78
836: 1211,350,775,541,14,606
837: 830,746,100,81,827,375
838: 1141,1077,845,539,568,520,1131
839: 1109,555,1108,52,707,1042
840: 774,1219,1198,429,347,302
841: 1085,286,347,484,301
842: 849,233,982,517,513,252
843: 493,823,496,438,879,910
844: 352,351,574
845: 439,144,1077,838,568,164
846: 430,823,4,1146,350,14
847: 17,812,16,496,793,438
848: 78,875,431,608,79,688
849: 232,339,233,708,982,842
850: 83,719,82,101,1236,102
851: 497,974,317,720,327,1035
852: 392,774,1037,302,315
853: 280,1164,741,1165,432,333
854: 1103,1047,234,984,1017,519
855: 201,355,685,832,1068
856: 1200,443,693,1234,19,33
857: 609,103,1214,1216,104,858,498
858: 585,103,857,498,988
859: 219,349,673,788,1265,433,239
860: 20,8,1094
861: 458,980,36,358,354,987
862: 745,778,783,530,237,960
863: 920,890,879,30,434,45
864: 205,818,959,454,435
865: 334,146,641,1155,680
866: 204,357,166,463,205,661
867: 788,238,218,633,394,1043,1263
868: 303,1037,1207,392,455,316
869: 1220,358,987,54,1221,762
870: 86,729,590,1180,105,948
871: 731,940
872: 40,1247,359,362,881,624
873: 290,766,772,877,937,304
874: 1250,1082,542,1087,169,705
875: 848,78,697,1078,437,688
876: 690,364,360,154,696,645
877: 943,937,873,304,305,399
878: 109,89,499,110,131,1153
879: 438,843,920,863,910,30
880: 288,429,361,1037,302,303
881: 56,628,362,872,624
882: 241,1046,527,260,1205,261,1193
883: 172,564,174,1163,891,1213,365
884: 176,500,662,398,803,506
885: 634,363,1051,57,1010,58
886: 498,988,757,694,1178,124
887: 924,21,1117
888: 307,291,383,276,727,405
889: 532,1062,115,690,364,366
890: 920,863,501,618,31,434
891: 1126,1127,564,883,1213,192
892: 38,1119,23,698,1007,359
893: 416,655,1046,242,1192,243
894: 321,755,502,739,322,1264,1038,1262
895: 0,930,24
896: 136,366,135,702,1142,500,662
897: 508,503,1024,196,767,950
898: 173,583,153,154,645,1161
899: 25,39,465,761,11,698
900: 262,903,759,736,243,991
901: 1070,222,201,689,1068,1111
902: 1137,777,675,73,71,504
903: 262,900,808,759,244,263
904: 587,679,1172,308,908,477,421
905: 194,1177,583,1161,398,176
906: 484,940,441,1018,787
907: 367,117,137,706,512,657
908: 295,904,587,421,771,656,309
909: 927,612,273,442,290,772
910: 29,427,843,493,879,30
911: 801,922,373,18
912: 368,1093,546,471,724,266
913: 435,966,454,813,550,246
914: 444,66,654,782,663,482
915: 947,471,249,266,682,918
916: 
917: 445,1095,48
918: 370,915,947,682,558,369
919: 371,922
920: 890,863,793,438,501,879
921: 372,270,1185,952,695,957
922: 919,371,7,373
923: 1234,19,1235,618,31,1072
924: 9,887,1117,374
925: 249,546,1169,505,471,955
926: 978,342,1124,121,141,802
927: 909,612,1030,376,289,772
928: 157,136,137,706,506,156
929: 24,478,465,23
930: 1197,0,895,1,378
931: 1080,387,42,28,60,1008,507
932: 379,1106,257,448,274,716
933: 225,449,938,446,1174,425
934: 715,1257,1,817,380,12,13
935: 653,66,48,1028,49,447
936: 340,833,312,731,313,1084
937: 877,943,290,448,274,873
938: 661,449,204,700,1174,933
939: 450,323,965,486,791
940: 871,441
941: 1034,332,343,451
942: 459,985,248,247,945
943: 877,937,274,452,617,399
944: 182,971,453,161,689,556
945: 248,717
946: 197,1135,552,196,177,1133
947: 915,249,250,267,918,369
948: 1005,86,870,106,105,958,511
949: 638,250,391,338,267,703
950: 217,745,508,897,767,414,778
951: 252,251,513,952,269,695
952: 1185,1006,951,252,695,921
953: 807,106,107
954: 113,545,1167,1138,1065,114
955: 250,391,505,510,249,925
956: 336,693,445,548,33,1095
957: 1184,1185,253,921,270,1199
958: 511,106,953,107
959: 205,661,449,864,454
960: 255,1059,530,862,237,525
961: 326,392,455,324,969
962: 576,428,179,794,1150,199
963: 1040,1043,408,256,692,1106
964: 994,456,80,619,719,100,1236
965: 323,301,314,315,450,939
966: 435,913,227,246,457
967: 601,258,554,1202,381,973
968: 467,53
969: 324,315,852,392,450
970: 227,457
971: 182,944,162,520,161,1023
972: 1107,515,709,512,999,834
973: 967,1202,718,381,259,383,276
974: 470,1049,733,317,720,851
975: 830,119,407,978,342,120
976: 1261,1193,260,259,278,1260,277
977: 721,208
978: 926,342,975,120,802,489
979: 1154,648,184,185,203,1175,700
980: 458,861,21,1117,22,36
981: 1009,318,317,497,319
982: 232,849,338,842,703,513
983: 37,995,611,36,560,987
984: 234,393,214,385,1047,854
985: 459,942,208,228,247
986: 334,1067,186,1002
987: 861,36,358,983,995,869
988: 757,123,858,585,498,886
989: 1132,460,163,594,1187,1154,648
990: 1067,464,186,187,206
991: 997,736,262,900,279,1048
992: 805,377,929,461,1119,23
993: 188,168,189,977,721,726
994: 514,1215,1238,456,964,619
995: 983,37,611,987,869,1220,1221
996: 51,462
997: 991,262,263,1050,1048,528
998: 39,1252,1007,627,40,1051,363
999: 158,820,709,515,972,834,139
1000: 714,1003,209,386,824,229
1001: 319,329,328
1002: 186,1158,334,986,680,463
1003: 209,189,468,1000,714
1004: 76,815,516,540,97,96
1005: 948,105,511,738,768,126
1006: 517,1017,593,252,1185,952
1007: 359,698,39,892,998,40
1008: 507,835,42,931,1080,60,1052
1009: 981,318,1112,475,320,739
1010: 58,634,885,42,1268,1052,59
1011: 521,518,63,46,747,64
1012: 1048,388,528,728,1164,280
1013: 322,776,632
1014: 365,174,194,487,175,795
1015: 816,427,1021,44,1215,514
1016: 621,586,389,730,1171,1194
1017: 1006,517,234,854,519,593
1018: 787,441
1019: 589,671,195,503,216,508
1020: 1044,132,569,111,678,131
1021: 427,30,45,1015,1054,514
1022: 791,797,488
1023: 163,520,1132,1131,182,971
1024: 503,155,403,671,196,177,897
1025: 797,326,492,819,488,325
1026: 524,521,518,1057,65,480
1027: 528,1050,390,297,614
1028: 50
1029: 492,455,316,470,326,720
1030: 376,522,927,1241,1243,289
1031: 1181,231,510,232,391,338
1032: 67,49,663,672,790,485
1033: 460,568,523,164,1132,1131,1186
1034: 50,447,672,332
1035: 497,851,649,327
1036: 1057,782,482,725,84
1037: 302,880,868,303,852,392
1038: 894,329,1262
1039: 467,555,1109
1040: 237,394,1043,525,256,963
1041: 1212,749,1179,214,708,393
1042: 575,839,1108,1149,707,72
1043: 1263,867,1040,394,408,963
1044: 1020,132,110,131,526,1227
1045: 395,667
1046: 527,893,416,882,1192,261
1047: 385,758,396,984,854,1103
1048: 1012,279,991,997,388,528
1049: 305,1206,397,733,664,974,470
1050: 262,263,529,997,390,528,1027
1051: 998,40,1247,363,885,57
1052: 59,42,1010,1008,835,495
1053: 1217,1210,60,562,431,44,608
1054: 1055,62,45,1021,514,1238
1055: 1054,62,434,45,1073,63,747
1056: 64,518,82,480,83,722
1057: 1036,524,1026,65,725
1058: 254,553,236,530,1105,646,1059
1059: 255,960,530,254,1058,1222
1060: 212,742,191,1126,607,213
1061: 616,1233,613,770,531,211
1062: 95,570,1139,532,889,115
1063: 474,167,691,533,1067,464
1064: 408,633,636,239,1263,1066,534
1065: 1089,954,545,114,134,684
1066: 636,1064,258,637,534,554
1067: 1063,167,986,464,186,990
1068: 201,855,440,832,901,222,796
1069: 494,70,1237,90,828
1070: 901,222,689,535,1111,748,752
1071: 52,462,536,620
1072: 32,31,923,19,1073,46
1073: 31,434,1072,1055,63,46
1074: 665,729,87,426,86,106
1075: 538,426,807
1076: 143,122,1170,585,547,123
1077: 143,142,845,144,539,838
1078: 697,875,1144,516,437,540
1079: 567,97,98,1130,116,647
1080: 931,27,387,1081,42,1268,1008
1081: 387,404,541,674,27,1080
1082: 542,874,1083,169
1083: 169,168
1084: 313,543,936,300,312,731,1085
1085: 841,300,1218,286,543,1084
1086: 1191,1153,1190,130,129,781,650
1087: 479,148,1250,874,705,466
1088: 579,800,92,113,545,786
1089: 1065,545,786,112,133,684
1090: 547,1125,141,744,142,1092
1091: 386,586,229,210,1171,230,1169
1092: 142,1090,744,413,539,571
1093: 640,546,230,368,912
1094: 860,20,34
1095: 445,444
1096: 2,5,798,3,723
1097: 798,3,380,13,422,549
1098: 529,799,1099,813,245
1099: 425,225,550,1098,799
1100: 573,551,77,570,1139,76
1101: 551,683,424,1138,95,570
1102: 552,178,157,657,1107,811
1103: 854,1047,396,553,519,1105
1104: 554,692,534,257,381,275
1105: 235,646,1103,553,519,1058
1106: 932,379,256,963,692,257
1107: 515,972,512,657,178,1102,1182
1108: 1149,356,53,1109,839,1042
1109: 839,1039,467,53,555,1108
1110: 535,1111,556,183,184,202
1111: 535,1110,689,556,1070,901
1112: 557,1115,473,475,1009,318
1113: 829,558,1208,282,283
1114: 283,298,337
1115: 402,557,306,1112,475,669
1116: 119,407,559,118,400,687
1117: 22,374,887,924,21
1118: 335,1134,1130,99,559,118
1119: 23,461,560,892,38
1120: 485,85,68,1216,561,1121
1121: 1120,68,561,665,729,1180
1122: 43,1123,29,1210,562,816
1123: 606,1211,387,43,1122,28,1210
1124: 375,101,121,102,926,342
1125: 547,1090,121,1168,122,563,141
1126: 891,1127,191,1213,1060,607,192
1127: 346,564,531,191,1126,891
1128: 151,152,132,344,1227,658
1129: 770,151,152,613,1229,565
1130: 1134,98,1118,567,1079,118
1131: 1132,838,568,520,1033,1023
1132: 1131,460,1033,163,1023,989
1133: 780,196,197,946,767,420
1134: 98,1130,437,688,335,1118
1135: 197,946,552,178,566,198
1136: 756,678,1137,504,92,111
1137: 902,71,504,569,111,1136
1138: 1167,424,1101,954,95,114
1139: 1100,570,1062,76,815,115
1140: 162,615,1225,1228,181,161
1141: 838,539,571,162,615,520
1142: 572,702,1143,366,135,896
1143: 96,815,115,366,572,1142
1144: 77,516,1145,495,697,1078
1145: 495,59,809,573,77,1144
1146: 1147,723,4,846,430
1147: 1146,15,773,574,16,430
1148: 159,576,180,1150,685,355
1149: 1108,356,54,1042,575,651
1150: 199,576,962,1148,685,200
1151: 707,620,1239,72,91,670
1152: 71,91,670,577,569,499
1153: 1191,1086,109,878,110,130
1154: 979,648,989,594,1187,185
1155: 146,165,865,578,166,680
1156: 584,1255,55,74,509,94
1157: 73,93,419,579,74,800
1158: 186,1002,463,205,818
1159: 713,382,990,187,206,580
1160: 1162,582,639,494,1267,635,1269
1161: 398,645,898,583,905
1162: 1160,128,1251,626,635
1163: 174,172,173,583,883
1164: 1012,728,280,853,1165,296
1165: 581,296,1164,853,432,311
1166: 1254,584,75,94,424,683
1167: 509,94,424,113,954,1138
1168: 122,563,401,668,1170,1125
1169: 546,230,1091,210,505,925
1170: 681,668,1168,122,585,1076
1171: 210,586,621,1016,1091,1194
1172: 293,631,660,679,294,904,587
1173: 728,472,660,388,604,294
1174: 446,203,700,938,224,933
1175: 203,184,979,648,202,588
1176: 176,803,1177,155,589,671
1177: 194,905,176,1176,175,589
1178: 694,886,412,124,125
1179: 339,213,607,1212,1041,708
1180: 590,561,1121,729,409
1181: 1031,231,591,339,213,232
1182: 566,1107,515,178,179,592
1183: 198,592,566,794,349,423,219
1184: 957,270,600,1199,287,271
1185: 952,1006,593,253,921,957
1186: 165,523,1242,460,1033,594
1187: 594,578,989,1154,185,357
1188: 625,1249,650,1231,150,170,616
1189: 735,149,468,595,1244,714
1190: 596,544,1191,1086,479,129
1191: 1153,1086,596,109,1190,130,129
1192: 597,261,1046,893,736,243
1193: 976,1261,260,882,261,278
1194: 599,1196,1016,389,210,1171
1195: 0
1196: 599,1194,389,212,591,231
1197: 930,598,784,715
1198: 429,287,623,271,1219,610,840
1199: 600,522,253,272,1184,957
1200: 856,19,33,32,1204,602
1201: 660,1261,278,1203,631,604
1202: 260,1205,967,601,973,259
1203: 278,597,736,279,1201,604
1204: 1200,32,602,537,47
1205: 260,1202,241,240,601,882
1206: 1207,397,1049,316,470
1207: 1206,397,603,868,303,316
1208: 605,558,1209,1113,282
1209: 265,605,1208
1210: 28,60,1123,1122,562,1053
1211: 836,14,606,1123,43
1212: 193,192,607,749,1179,1041
1213: 883,1126,891,365,193,192,795
1214: 103,406,725,84,609,857
1215: 44,61,1015,514,994,456
1216: 561,104,609,1120,85,857
1217: 1053,562,431,44,61,608,712
1218: 286,417,760,300,610,1085
1219: 610,286,1198,347,840
1220: 869,1221,762,419,55
1221: 995,611,869,1220,628,55,1255
1222: 273,254,255,1059,711,376,612
1223: 442,255,525,256,273,379
1224: 821,1226,643
1225: 1228,413,160,571,629,615,1140
1226: 245,643
1227: 1044,132,526,151,1128,1229
1228: 1225,160,629,1140,181,180
1229: 613,150,526,1227,151,1231,1129
1230: 399,617,1232,557,306,664
1231: 650,130,526,1229,150,1188
1232: 292,291,617,307,1230,306
1233: 616,1061,625,171,1248,211
1234: 923,19,18,1235,443,856
1235: 18,373,618,1234,923
1236: 101,964,619,719,100,81,850
1237: 90,536,1239,70
1238: 476,1054,62,514,994,619
1239: 536,620,1151,1237,90,670
1240: 145,1242,622,125,523
1241: 623,271,600,522,1030,1243
1242: 145,1240,523,146,165,1186
1243: 1030,623,1241,289,429,288
1244: 595,190,1189,714,386
1245: 171,625,1249,595,190,621
1246: 57,1247,624,1254,490,75
1247: 872,40,1051,624,57,1246
1248: 1233,171,211,389,730,742
1249: 625,1188,149,170,595,1245
1250: 874,626,635,148,542,1087
1251: 128,1162,626
1252: 25,39,825,998,41,627
1253: 404,831,26,422,825,674
1254: 1166,56,624,1246,584,75
1255: 1156,584,1221,56,628,55
1256: 652,1258,489,743,413,160
1257: 2,715,934,380
1258: 1256,652,160,159,140,629
1259: 630,1096,5
1260: 727,259,976,276,277
1261: 976,1193,278,277,631,1201
1262: 632,894,322,1264,1038
1263: 1043,867,788,633,394,1064,408
1264: 322,321,755,421,771,894,1262
1265: 633,859,219,788,433,239
1266: 41,627,674,27,634,363,1268
1267: 1160,108,635,1269,544
1268: 42,1266,27,634,1080,1010
1269: 544,148,1160,1267,635