0: 1,10,11
1: 2,11,12
2: 3,12,13
3: 4,13,14
4: 5,14,15
5: 4,6,15,16
6: 5,7,16,17
7: 6,8,17,18
8: 7,18,19
9: 10,22,23
10: 9,11,23,24
11: 10,12,24,25
12: 11,13,25,26
13: 12,14,26,27
14: 13,15,27,28
15: 14,16,28,29
16: 15,17,29,30
17: 18,7,16,30,31
18: 17,19,31,32
19: 18,20,32,33
20: 33,34
21: 35,36
22: 21,23,36,37
23: 24,10,22,37,38
24: 23,10,11,25,38,39
25: 11,12,24,26,39,40
26: 12,13,25,27,40,41
27: 13,14,26,28,41,42
28: 14,15,27,29,42,43
29: 15,16,28,30,43,44
30: 16,17,29,31,44,45
31: 17,18,30,32,45,46
32: 18,19,31,33,47,46
33: 19,20,32,47,48
34: 20,33,48,49
35: 21,36,52,53
36: 21,22,35,37,53,54
37: 22,23,36,38,54,55
38: 23,24,37,39,55,56
39: 24,25,38,40,56,57
40: 25,26,39,41,57,58
41: 26,27,40,42,58,59
42: 27,28,41,43,59,60
43: 28,29,42,44,60,61
44: 29,30,43,45,61,62
45: 30,31,44,46,62,63
46: 47,31,32,45,63,64
47: 46,32,33,48,64,65
48: 33,34,47,49,65,66
49: 34,48,50,66
50: 49,67
51: 69,70
52: 35,51,53,71
53: 35,36,52,54,71,72
54: 36,37,53,55,72,73
55: 56,37,38,54,73,74
56: 55,38,39,57,74,75
57: 39,40,56,58,75,76
58: 40,41,57,59,76,77
59: 41,42,58,60,77,78
60: 42,43,59,61,79,78
61: 79,43,44,60,62,80
62: 80,44,45,61,63,81
63: 81,82,45,46,62,64
64: 83,47,46,63,82,65
65: 84,47,48,64,83,66
66: 48,49,65,84,85
67: 49,50,66,85
68: 87,50,67
69: 51,70
70: 51,52,71,90
71: 90,52,53,72,91
72: 91,53,54,71,92,73
73: 92,54,55,72,93,74
74: 93,55,56,73,75,94
75: 94,95,56,57,74,76
76: 96,57,58,75,95,77
77: 97,58,59,76,96,78
78: 98,59,60,79,77,97
79: 61,60,80,78,98,99
80: 62,61,79,81,99,100
81: 63,82,62,80,100,101
82: 63,81,64,83,101,102
83: 64,82,65,84,102,103
84: 65,83,66,103,85,104
85: 104,84,66,67,86,105
86: 105,67,68,87,85,106
87: 68,106,107
88: 108,69
89: 109,69,70,90,88,108
90: 71,70,91,89,109,110
91: 72,71,90,92,110,111
92: 73,72,91,93,111,112
93: 74,92,73,94,112,113
94: 75,95,93,74,113,114
95: 75,94,76,96,114,115
96: 76,95,77,97,115,116
97: 77,96,78,98,116,117
98: 78,79,97,99,117,118
99: 79,80,98,100,118,119
100: 80,81,99,101,119,120
101: 81,82,100,102,120,121
102: 82,83,101,103,122,121
103: 83,84,102,104,122,123
104: 85,84,103,123,124
105: 86,85,104,124,125
106: 86,105,125,126
107: 106,126,127
108: 88,89,109,128,129
109: 89,90,110,129,130
110: 90,91,111,130,131
111: 91,92,110,112,131,132
112: 92,93,111,113,132,133
113: 93,94,112,114,133,134
114: 94,95,113,115,134,135
115: 95,96,114,116,135,136
116: 96,97,115,117,136,137
117: 97,98,116,118,137,138
118: 98,99,117,119,138,139
119: 99,100,118,120,139,140
120: 100,101,119,121,140,141
121: 122,101,102,120,141,142
122: 121,102,103,123,142,143
123: 103,104,122,124,143,144
124: 104,123,125,144,145
125: 124,126,145,146
126: 125,127,146,147
127: 126,147
128: 129,148
129: 109,128,130,148,149
130: 110,129,131,150
131: 110,111,130,132,150,151
132: 111,112,131,133,151,152
133: 112,113,132,134,152,153
134: 135,113,114,133,153,154
135: 134,114,115,136,154,155
136: 115,116,135,137,155,156
137: 116,117,136,138,156,157
138: 117,118,137,139,157,158
139: 118,119,138,140,158,159
140: 119,120,139,141,159,160
141: 120,121,140,142,160,161
142: 122,121,141,143,162,161
143: 122,123,142,144,162,163
144: 123,124,143,145,163,164
145: 124,125,144,164,165
146: 125,126,145,165,166
147: 126,127,146,166,167
148: 149,128,129
149: 148,129,130,150,169,170
150: 130,131,151,170,171
151: 131,132,150,152,171,172
152: 132,133,151,153,172,173
153: 133,134,152,154,173,174
154: 134,135,153,155,174,175
155: 135,136,154,156,175,176
156: 136,137,155,157,176,177
157: 137,138,156,158,177,178
158: 138,139,157,159,178,179
159: 139,140,158,160,179,180
160: 140,141,159,161,180,181
161: 162,141,142,160,181,182
162: 161,142,143,163,182,183
163: 143,144,162,164,183,184
164: 144,145,163,165,184,185
165: 145,146,164,166,185
166: 146,147,165,167
167: 147,166
168: 188,148,169
169: 189,148,149,168,188,170
170: 190,149,150,189,169,171
171: 191,150,151,190,170,172
172: 192,151,152,171,191,173
173: 193,152,153,172,192,174
174: 194,175,153,154,193,173
175: 174,194,154,155,195,176
176: 195,155,156,175,196,177
177: 196,156,157,176,178,197
178: 197,157,158,177,179,198
179: 198,158,159,178,199,180
180: 199,159,160,179,200,181
181: 200,160,161,180,201,182
182: 201,162,161,181,183,202
183: 203,202,162,163,182,184
184: 204,163,164,183,203,185
185: 205,164,165,184,204
186: 206,165,166,185,205
187: 207,166,167,206,186
188: 168,189,169,208,209
189: 169,190,170,209,210
190: 170,171,191,210,211
191: 171,190,172,192,211,212
192: 172,191,193,173,212,213
193: 173,192,174,194,213,214
194: 174,175,193,195,214,215
195: 176,194,175,196,215,216
196: 177,195,176,197,216,217
197: 178,196,177,198,217,218
198: 179,178,197,199,218,219
199: 180,179,198,200,219,220
200: 181,199,180,201,220,221
201: 182,200,181,202,221,222
202: 183,203,201,182,222,223
203: 183,202,184,204,223,224
204: 184,203,185,205,224,225
205: 185,204,206,186,225,226
206: 186,205,207,187,226,227
207: 187,227
208: 209,228
209: 208,210,228,229
210: 190,209,211,229,230
211: 190,191,210,212,230,231
212: 191,192,211,213,231,232
213: 192,193,212,214,232,233
214: 193,194,213,215,233,234
215: 216,194,195,214,234,235
216: 215,195,196,217,235,236
217: 196,197,216,218,236,237
218: 197,198,217,219,237,238
219: 198,199,218,220,238,239
220: 199,200,219,221,239,240
221: 200,201,220,222,240,241
222: 201,202,221,223,242,241
223: 203,202,222,224,242,243
224: 203,204,223,225,243,244
225: 204,205,224,244,245
226: 205,225,245,246
227: 226,246
228: 208,209,229,247
229: 209,210,230,247,248
230: 210,211,231,248,249
231: 211,212,230,232,249,250
232: 212,213,231,233,250,251
233: 213,214,232,234,251,252
234: 214,215,233,235,252,253
235: 215,216,234,236,253,254
236: 216,217,235,237,254,255
237: 217,218,236,238,255,256
238: 218,219,237,239,256,257
239: 219,220,238,240,257,258
240: 220,221,239,241,258,259
241: 242,221,222,240,259,260
242: 241,222,223,243,260,261
243: 223,224,242,244,261,262
244: 224,225,243,245,262,263
245: 225,226,244,246,263,264
246: 226,227,264
247: 228,229,248,265
248: 229,230,247,249,266
249: 230,231,248,250,267
250: 231,232,249,251,267,268
251: 232,233,250,252,268,269
252: 233,234,251,253,269,270
253: 254,234,235,252,270,271
254: 253,235,236,255,271,272
255: 236,237,254,256,272,273
256: 237,238,255,257,273,274
257: 238,239,256,258,274,275
258: 239,240,257,259,275,276
259: 240,241,258,260,276,277
260: 242,241,259,261,278,277
261: 242,243,260,262,278,279
262: 243,244,261,263,279
263: 244,245,262,264
264: 245,246,263
265: 247,248,266
266: 248,249,267
267: 249,250,268,284
268: 250,251,267,269,284,285
269: 251,252,268,270,285,286
270: 252,253,269,287,271,286
271: 287,288,253,254,270,272
272: 289,254,255,288,271,273
273: 290,255,256,289,272,274
274: 291,256,257,290,273,275
275: 292,257,258,291,274,276
276: 293,258,259,292,275,277
277: 294,278,259,260,293,276
278: 294,277,260,261,295,279
279: 295,261,262,278,296,280
280: 296,262,263,279,297,281
281: 297,263,264
282: 265,266
283: 298,266,267,282,284
284: 299,267,268,298,283,285
285: 300,268,269,299,284,286
286: 301,269,270,287,300,285
287: 288,271,270,301,286,302
288: 287,271,289,272,302,303
289: 272,288,290,273,303,304
290: 273,289,291,274,304,305
291: 274,290,292,275,305,306
292: 275,291,293,276,306,307
293: 276,292,294,277,307,308
294: 278,277,293,295,308,309
295: 279,294,278,296,310,309
296: 280,295,279,310,311
297: 281,296,280,311
298: 283,299,284
299: 284,300,285,312
300: 285,299,301,286,312,313
301: 286,287,300,302,313,314
302: 287,288,301,303,314,315
303: 288,289,302,304,316,315
304: 289,290,303,305,316,317
305: 290,291,304,306,317,318
306: 291,292,305,307,318,319
307: 292,293,306,308,319,320
308: 293,294,307,309,320,321
309: 310,294,295,308,321,322
310: 309,295,311
311: 310
312: 299,300
313: 300,301,312,314,323
314: 301,302,313,315,323,324
315: 316,302,303,314,324,325
316: 315,303,304,317,325,326
317: 304,305,316,318,326,327
318: 305,306,317,319,327,328
319: 306,307,318,320,328,329
320: 307,308,319,321,329
321: 308,309,322
322: 309,321
323: 313,314,324
324: 314,315,323,325
325: 316,315,324,326
326: 316,317,325,327
327: 317,318,326
328: 318,319,327
329: 319,320,328