0: 1195,2047,1359
1: 895,1981,930,1349,934,1513,817
2: 630,348,1257,2191,1096,2193,3
3: 1096,2,2191,380,798,1337,2192
4: 1146,1635,798,2192,549,1364
5: 773,1934,723,1635
6: 919,371,1864,1372,352
7: 1964,1957,1375,2114,2093,373
8: 911,1386,801,1768,20,1633
9: 10,1397,805,887
10: 1466,1397,9
11: 2059,25,1401,761,12,1569,1451
12: 13,1405,1401,26,11,1451,831
13: 1385,1405,380,1408,12,26
14: 1539,1860,1642,1588,1410,1989
15: 1147,430,723,5,773,1146,1635,4
16: 1417,574,812,847,1533,1647
17: 1419,793,1487,812,352,847
18: 443,1386,2093,373,1235,1234
19: 1200,1427,923,1072,2142,32
20: 1430,1633,860,1768,8
21: 35,1433,1390,2011,1117
22: 1967,924,458,1117,1629,1785,1484
23: 465,1436,1675,929,478,1119
24: 1977,1355,1195,2047,1440
25: 11,2059,1569,899,1537,1552
26: 1097,13,1405,1408,12,1451,422,831
27: 1266,41,2157,1080,634,1268
28: 606,1211,541,2016,1123,1122,931,1661,60,1210
29: 1462,1518,43,910,1123,1122,1511
30: 863,879,1948,1462,1465,2091
31: 1544,1469,2115,923,1072,1073,2143
32: 537,2145,1200,19,2142,1204,2144
33: 1727,856,1200,1474,1204,2186
34: 2182,2179,1094
35: 1433,21,1481,1705
36: 374,560,1484,861,37,983
37: 362,1525,560,36,983,1520,1912
38: 1762,2036,560,892,1525,359
39: 899,1504,1824,1537,1729,1007,1252,1689
40: 1007,998,1888,1729,1548,2046
41: 674,1552,1378,1252,27,1266,2157
42: 1268,1743,1739,1568,1010,1052,2050
43: 1989,1588,1211,910,493,606,1123,1122,29,1462
44: 61,1215,562,816,1795,1217,1577,608
45: 1055,1583,1465,1843,434,2062
46: 2142,2143,2145,63,1706,2144,1745
47: 1306,2102,602,654,782,524
48: 2105,653
49: 1603,1389,447,1034,1935,1366
50: 1607,1664,941
51: 1572,2216,1039,1625,1423,555
52: 1636,1563,411,462,2134,1071
53: 467,1973,2216,1039,2215,1108,1109,2214
54: 1302,651,356,1108,1878,2217,1149
55: 1220,1221,1856,1255,419,1157,74,1156,509
56: 584,1254,628,881,624,1978,1255,1166,1156
57: 1247,1246,2046,1051,885,624,1970,75,490,1454
58: 1010,1653,885,2007,1970,1454
59: 1052,1010,1653,2050,809,1657,495,2006
60: 1661,1370,28,2054,1210,507,1053
61: 44,1215,1217,1577,608,848,456,712
62: 1681,1800,1054,2075,1238,476,747
63: 1681,1800,1055,2066,46,2143,1706
64: 476,518,747,1713,1905,1056,2069
65: 1724,769,1026,1057,2077,1347,725,1036,406
66: 444,1307,1305,914,2099,1327
67: 1953,482,663,1903,84,1742
68: 1334,790,1818,2057,1747,665,1121
69: 1045,395,2018,1341,2140,1750
70: 1277,2140,1750,88,1237
71: 91,1759,902,1152,569,1137
72: 1965,777,1042,1991,575,1151,707
73: 800,1857,1765,1157,2072,1345
74: 419,1157,1220,55,1156,509,579
75: 1166,624,57,1246,1254,490,1776,1493,683
76: 1139,77,1100,2208,2206,1004,516
77: 573,1145,1100,1657,1144,2161,76,1139,2206,516
78: 835,1008,1585,2044,1649,697,1502,1937
79: 1453,1793,848,456,712,704,746,1591,1901
80: 1696,964,1215,456,746,1591,1804
81: 1658,1907,1236,1804,100,1817,1925,1796,837,1972,101
82: 1056,2069,480,1630,1612,83,722
83: 1612,82,850,1817,722,401,1823
84: 1828,67,1953,725,1036,1667,85,1742
85: 485,1742,84,1828,609,561,1216,1120
86: 1721,1699,870,729,2147,1886,1831
87: 343,751,1818,2149,426,665
88: 667,1277,70,582,639
89: 1834,2024,1559,499,1945,1766,878,110
90: 1069,1237,2137,536,1239,577,828
91: 71,1759,1151,1965,777,1835,1152
92: 2014,1853,1088,504,1863,1406,756,786
93: 1877,1464,1303,675,1857,1765
94: 2051,584,1254,1166,1156,1493,1167,424,1138
95: 114,2127,1138,2209,570,551,2129,1062,532,889,2122,2029
96: 1880,1506,2206,815,115,1719,1143,572,1294
97: 2160,1719,540,1590,2158,1880,1079,98,116
98: 1079,2154,540,437,1134,2158,97,2160,1130,118,116,1295,567
99: 1901,1550,704,1118,1593,827,559,1558,830
100: 1804,1907,81,1593,1796,827,837
101: 102,81,850,1925,1972,1823,1124
102: 101,1943,1823,1124,1335,121
103: 1950,1751,1214,406,1380,1421,857,585
104: 409,609,1732,561,1216,858,498,1180,1495
105: 1886,1831,590,412,1955,768
106: 1422,1074,2147,1486,1959,1460
107: 127,1509,1961,642,533
108: 1069,2132,1559,828,740,1993,1267
109: 1766,878,596,110,1190,1191,1153
110: 2017,526,89,1945,109,878,1020,1153,130,2106,1227
111: 1841,678,1336,569,1137,1136,131,2017
112: 344,1315,1829,1089,132,133,1317,658
113: 2187,1156,509,2051,579,1167,954,2183
114: 95,2127,1138,2209,2129,1489,1065,532
115: 815,570,1139,1062,889,2122,96,1921,366,1143,1142
116: 1294,647,1880,97,2160,1079,98,1295,659,117
117: 1316,1933,116,647,1295,666,567,1314,1339,2085
118: 1130,1118,98,2154,559,567,400,1361,1116,1446
119: 559,1558,830,975,1974,1116,1388,1592,407
120: 978,1614,1984,1354,785,489,483,1922
121: 1125,102,1943,1363,1124,1335,563,1402,926,141
122: 547,563,1168,1363,1170,1125,1076,2185,2188,2153
123: 757,144,1995,143,2153,2152,1411
124: 622,439,144,886,1866,694,1178,1240
125: 1286,145,1178,738,1738,1240
126: 2004,2065,644,737,1281
127: 107,533,2135
128: 1276,582,1251,1162
129: 1896,2172,1915,1086,781,765
130: 2106,110,1191,1153,1227,1298,1299,650,1231
131: 499,1945,569,111,1841,2017
132: 2013,1336,1406,1829,344,112,1128
133: 1340,1432,1315,1089,112,658,345
134: 690,2029,1917,2129,2127,1360,684,1909
135: 2053,1142,1374,364,696,1500,662,896,500
136: 1379,500,928,702,896,1999,1560,884,506,2035
137: 659,1314,1384,647,702,1541,1316,1379,500,1560
138: 1387,367,1339,400,1361,1446,687,1529,1570
139: 158,140,820,1473,834,999,826,1392,1519
140: 158,139,732,1922,1717,1473,1300,1301,826,1392,1554
141: 1780,2175,121,1125,802,1402,1090
142: 2188,1090,2185,143,2177,1092,1077,2152
143: 2153,2185,2188,142,123,1077,2152,1411
144: 757,123,1866,1615,1411,845,124,439
145: 1286,125,738,1240,1242,1287,146
146: 1287,1280,145,1242,523,1186,165
147: 737,1281,1770,167,1420,986
148: 2171,635,1269,2170,1250,1087,479
149: 1244,1986,1438,1189,190
150: 1229,613,650,1231,1188,616,2121
151: 1227,1044,2013,152,1128,1229,1129
152: 1128,344,151,763,1317,1129,1927,565,491
153: 1457,1836,2041,1340,789,360,1941,645,154
154: 645,1288,789,360,1941,876,153,1457,1836,898
155: 1176,803,1357,1461,589,1362,1024,503,671
156: 506,1463,2035,1357,1313,803,1461,1367,403
157: 1313,1352,1560,1312,907,506,657,1102,2198,811,2204
158: 140,139,820,2005,732,1717,1473,999,826
159: 160,1228,629,1301,1554,1148,1496,180
160: 1228,629,159,1256,1258,571,1225,1140,181
161: 1683,181,1140,162,615,355,944,1565,1445
162: 615,571,1141,1023,1523,161,1565,971
163: 648,1132,2094,1131,182,1846,971,1659,1617,1292,1293
164: 568,1634,1551,2100,1033,1930
165: 1280,146,1186,594,865,1155,578
166: 1556,578,1881,1816,357,1815,866
167: 2141,474,1737,147,737,1892,986
168: 1083,2163,169,1662,2169,993
169: 1662,2162,2163,168,1561
170: 1249,595,781,1298,1299,2173,1438,149
171: 1233,625,1245,1248,586,621,1806,730
172: 814,1571,565,491,1971,173,346,564
173: 1578,1163,1499,1836,172,814,1571
174: 1996,1919,1163,2058,583,194,1213,1014
175: 589,195,194,1674,1177,1587,1326,1789
176: 1177,905,1161,1325,2080,884,398,1357,1674,1176,803,589
177: 1135,1452,1471,552,2204,566,1594,946,197
178: 552,2204,566,1102,2198,2201,1107,1182,2207,515
179: 1608,1521,834,1580,1182,2207,515,962,592,794,1324
180: 355,1228,629,159,1148,1496,181,1434,685,1876
181: 1683,161,160,1228,1140,615,180,355,944,1876
182: 1846,971,1445,648,163,556,183,1617,1293
183: 1617,182,556,1293,184,1110,1111,1631
184: 1292,1293,183,1110,1631,1619,1175
185: 1715,357,1881,1187,979,1154,1815,203,1508,700
186: 986,1646,1067,2130,1002,1637
187: 990,1597
188: 1668,341,1662,1557,993,1676
189: 1736,1003,1668,1833,726,209
190: 1245,595,149,1244,386,2010,621
191: 1127,1126,531,1740,742,2119,1060,2120
192: 1805,193,1126,2034,1213,1060,2120,607,795,1179,1212
193: 1805,192,1126,2034,1213,365,749,795,1212
194: 583,1674,2058,1919,174,905,1014,1326,1789,175
195: 175,589,1177,1587,1019,1954,1694
196: 1848,1594,1024,503,1452,897,2030,1698,946,1133
197: 1133,780,1135,1452,177,198,592,946,423,1491,218,1982,1812
198: 592,566,1135,1324,1183,197,780,423,1491
199: 1855,1703,1521,962,576,794,1150,673
200: 1434,1150,1148,1703,1704,673,1371,1573,832
201: 2139,1711,453,1467,1707,855,901,2131,1068,222
202: 223,1110,1631,1175,535,2136,2133,588,418
203: 1619,1175,979,185,1508,700,224,588,1174
204: 1815,1715,1321,866,1508,1404,661
205: 1158,1515,1321,463,959,661,1320
206: 1159,580,818,1712,1002,1158,1515
207: 1998,1720,227,1536
208: 1731,985,459
209: 228,1000,726,1736,189,1623
210: 1016,1194,586,1171,1169,1091,2033,599
211: 1740,742,2118,531,1248,1061,2119
212: 1774,2119,2120,607,389,1744,591,213
213: 1792,1179,212,1060,2120,607,1744,591,1181
214: 393,2064,1041,1749,1987,2008,1643,708,984
215: 749,795,1213,365,1587,1326,487,1752,764
216: 1838,2048,1019,1893,1694,2030,414,508,1753
217: 414,508,1868,1781,1475,1439,396,2078,1755
218: 1478,1982,197,1133,780,1491,420,238,1812,1758,394,867
219: 788,1265,423,1491,1763,238,1812,2022
220: 1270,636,2126,1271,433,221,1621,1273,1272,1328,637
221: 1769,1621,1271,220,636,1272,1328
222: 752,1821,1802,2139,201,2063,2131,796
223: 202,535,2133,588,655,1308,418
224: 1459,588,203,1175,1778,1174
225: 454,449,1381,1671,1497,933,1779
226: 822,1515,1320,1791,1782
227: 1536,1546,207,1784,970
228: 209,1000,1736,1623,721,1645,1786
229: 1171,386,2010,586,621,1278,2176,1091
230: 2181,1279,546,2178,1093,2184
231: 1181,1196,1744,591,510,2061,232,1031
232: 1794,231,1181,1900,1031,1640,849,982
233: 234,2088,1797,393,2064,842,517,1810
234: 233,2088,393,2064,984,1798,854,1810
235: 519,2202,2092,2199,2200,593,1291,1105,253,1351
236: 1755,745,1781,396,2078,778,1803,1058,1329
237: 2104,1788,1512,862,1994,783,394,1808,1040,2068
238: 1812,1758,218,788,219,867,2022,1263
239: 1757,1540,1265,633,1271,433,1273,1064,1270,636
240: 1205,637,1272,1328,1443,241,527
241: 882,527,1443,1205,240,637,1819
242: 1826,759,893,655,1308,1822
243: 597,1192,1822,1826,736,900
244: 446,1447,933,425,1852,1947,1342
245: 1284,813,643,1285,2195
246: 2196,913,1494,550,1284,813
247: 1938,2178,1861,1547,1279,248,1865
248: 1861,942,247,1437,945,1865
249: 1492,505,955,1867,925,250,2052
250: 2052,249,1867,1470,1869,947,1338,267
251: 1275,1883,1479,1343,1274,269
252: 952,1006,517,2088,1810,2073,1620,1726,1890
253: 1898,1351,593,235,2202,1185,272,957,1507
254: 1222,1581,1290,1323,1059,255,273,1976
255: 1906,960,1788,1323,1059,1222,254,273
256: 1223,525,1808,1040,1983,2213,1929
257: 716,932,1483,2210,2212,1377,275,1369,1605
258: 1066,1270,2126,1272,1205,637,554,967,2211,601
259: 1382,973,1202,1545,601,260,1598,1936,383,1260
260: 1598,1819,1205,1202,1985,259,976,1936
261: 1985,2037,1598,597,1192,1261,1193,278
262: 2060,991,903,2112,1942,1670,997
263: 2112,1942,1947,1342,799,529
264: 1701,1284,457,245,2195
265: 677,605,1209
266: 915,2095,1333,1655,1425,682,918
267: 1338,1442,250,949,1470,638,1456
268: 1811,410,1442,638,1275,686,1274,1415
269: 754,1830,251,951,1479,1343,695
270: 957,372,1507,1185,921,1199,760,1872,1184
271: 1184,600,1241,287,610,1198
272: 711,1291,253,1898,1351,1581,1199,522,1897,2098
273: 909,255,1906,960,1223,1222,254,442,1450,612
274: 1666,1626,448,1377,716,452,937,1358,1441
275: 718,381,1369,2212,716,257,1605,292,779
276: 383,2025,1382,1695,727,1260,888
277: 631,1318,976,1936,1261,1193,1695,1260
278: 1203,1201,261,597,1192,1261,1193
279: 1733,1203,1201,1393,604,2019,1748
280: 1164,1012,528,1027,1398,741
281: 1226,2197,799,529,2049,1050,390
282: 1113
283: 829,1564,282,1113,1480
284: 1939,369,686,1456,370,1412,750
285: 1455,1842,753,1343,1830,340,1418,1394
286: 1219,1616,1218,610,1198,1618,1839
287: 1218,1424,1872,271,1184,610
288: 1243,1444,623,289,1911,880,361,1528
289: 1911,1899,1243,1444,1932,288,361
290: 1626,1450,448,2089,1666,1926,873,937
291: 307,1584,292,1979,1610,2025,1458,888
292: 1979,779,275,718,452,1679,1605,1353,617,1458,291
293: 1172,631,1318,1319,294,660
294: 472,660,1319,1172,293,587,2079,295
295: 472,294,587,1882,2087,908
296: 728,1697,1164,1396,1538,581,1165
297: 1476,2049,390,614,1854,1531
298: 699,1534,1480,1505,337
299: 1534,701,1501,1801,833
300: 2166,417,1960,760,2165,1424
301: 841,543,484,347,2082,1517,1639
302: 840,429,1219,880,1528,1522,1975
303: 1542,1956,1911,603,361,1207
304: 603,2083,766,1555,1399,1899,877
305: 1206,1049,2083,397,1944,1574,2043
306: 1365,1350,1584,557,1232,402,1115
307: 1584,291,2025,1458,1376,888,1365
308: 402,1589,405,1376,679,904
309: 908,1596,1468,1311,656
310: 656,1596,1602,481,1310
311: 1602,2103,1165,481
312: 1084,1714,936,1622,2166,417,2164
313: 871,436,1426,1889,940
314: 2021,1654,1952,347,1639,774
315: 852,774,1654,969,1673,450
316: 1613,1850,1542,1207,1206,470
317: 981,1688,733,318,1663,1680,2015
318: 473,733,1009,1112,317,1688
319: 1001,328,329,1691,1760,1949
320: 1638,1009,1894,1741,1688,1700
321: 1931,477,771,421,894,755,1264
322: 1718,1963,1761,632
323: 787,965,1946,1723,1530
324: 1553,961,1730,797
325: 819,1734
326: 961,1746,455,1025,492,797,1849
327: 1035,1296,851,649,1526
328: 1001,319,1754,1949
329: 1691,1638,1700,2028,1760
332: 1366,1764,1825,1431,2057,751
333: 1672,853,432,916,1767
334: 1712,680,1799,1646,1420,1416
335: 1118,1453,1793,1772,1134,1901,1130
336: 1430,2179,1490,2182,1503,1773
337: 298,1505,1775
338: 949,1470,1869,391,1900,1640,703,1787
339: 1794,1792,1179,1567,708,1652,849
340: 1418,410,753,1415,285,1801,1394
341: 1668,188,1557,466,1807,1833
342: 1566,375,975,1124,1814,978,1614,926
343: 87,751,1677,1825,451,2149
344: 112,1315,1829,132,2013,152,1128,1317,658
345: 1887,1499,133,1340,658,1836,2041,814
346: 1971,172,531,1837,564,1127,1126,891
347: 1952,1839,1616,301,841,1639,314
348: 1257,1840,2002,630,2
349: 1763,794,1324,1183,1855,423,673,859,1265
350: 1364,1860,549,1488,1958,1410
351: 1862,844,773,574,1632
352: 1487,371,6,17,1419
353: 1371,1573,1871,440,832,1271,433,1621,1068
354: 968,1875,1705,458,1629,1884
355: 180,1228,1148,1683,181,161,685,453,1876
356: 2215,1108,1875,1884,1878,2217,54
357: 1715,185,1881,1187,166,1815
358: 1648,987,980,1785,861,1878,1302
359: 1888,1729,38,892,362,1525
360: 789,1909,690,1917,1941,153,2041,154
361: 880,1528,288,289,1911,303,1956
362: 37,1525,359,1888,1912,1923
363: 634,2007,627,1266,1914,885
364: 696,876,1500,2029,1917,1921,1472,1374,1941,135
365: 1213,1014,1919,1326,1789,193,215,795,487
366: 1143,1142,1374,889,115,1921
367: 138,1387,1339,666,1316,1933,907,2085,709,512,2071
368: 1865,1938,945,724,1606,717
369: 947,915,1338,918,1939,284,1456
370: 1564,1412,2107,1939,284,1951
371: 919,922,6,352,1419,1957
372: 270,957,921,1498,695,1960,760,1872
373: 2093,7,1964,18,618,1235
374: 2116,1967,1762,560,1484,36
375: 342,1566,837,1972,975,1124,1814
376: 1976,1346,1222,612,927,772
377: 805,992,1397,1977,1355,1675
378: 929,478,1440,1981,1913
379: 448,1377,1223,1106,2213,1929,1483,1988,1626,932
380: 1408,1992,2191,3,1385,13
381: 275,718,1369,1997,2212,967,2001,1579,779
382: 1665,1597,822,1998,1720
383: 276,2025,2001,259,1382,973,1610
384: 1690,1676,2169,993,2003
385: 1868,1752,764,1893,2008,1643,1047,758
386: 1244,190,1601,2010,1278,229
387: 541,2016,2155,1081,2156,1080,931
388: 1697,2019,1748,2042,728,1173,1012
389: 1196,1710,2020,1774,212,1194,1744
390: 1226,281,2049,643,614,297
391: 955,510,1900,1031,2052,1869,338
392: 868,1669,1037,2056,1687,1895
393: 2064,214,1987,1797,708,1652,234,233
394: 783,1478,218,1758,1994,1845,867,237,2068
395: 1045,69,2070,462,1809,1750
396: 2078,414,217,1781,758,1439,2040,236,2205,553,1803
397: 1944,877,2083,1574,1206,305
398: 884,1357,1289,2026,1325,2080,1463,905,176,1176
399: 664,1230,1574,943,1353,617,1944
400: 567,1361,118,666,1116,1446,1933,138,1387,1339
401: 1943,1823,850,83,722,1168,668,1363,563
402: 1589,308,1376,1365,1350,306,669
403: 811,1471,1367,156,1313,1461,1024,503,1848,1594
404: 1378,1081,422,1253,775,1373,2156
405: 1376,888,1695,727,679,1409,308
406: 1214,1380,65,769,725,1667,1908,103
407: 1592,1984,119,1388,687,785,2005,732
408: 1395,2123,1043,2000,1983,534,963,1483,692
409: 104,561,498,1180,1495,590,1403
410: 268,1811,753,1343,1274,1415,340
411: 462,1423,1684,52,1636
412: 590,1403,1428,105,1955,738,1738
413: 744,743,1777,1256,571,1225,1435
414: 508,217,1753,1893,216,1868,1781,758,1439,396
415: 748,1443,1769,1068,796,1802,1328
416: 1449,2108,752,1821,1802,2136,748,1309
417: 300,2166,1455,1960,760,1622,312
418: 808,1447,202,223,1459,588,1308,759
419: 1157,74,1464,1220,55,1857
420: 1969,767,1902,1133,1478,218,1982,778,1994,783
421: 771,2087,1485,477,755,1931,321
422: 831,1253,26,1097,2190,1488,775,404
423: 1491,198,1183,197,349,1763,1812,1265,219
424: 1167,94,2051,1493,1138,1101,2209,1489
425: 1497,933,446,244,1099,1342,2194
426: 665,87,2149,1514,729,1074
427: 1021,1795,1518,1843,2091,816,1015,2062
428: 962,834,826,1392,1519,1608,1521,1496,576
429: 840,302,623,1198,1219,1528
430: 15,1147,1146,1417,2012,846
431: 2044,507,1217,1053,1649,608,1535
432: 2103,1165,1538,333,853,916
433: 1271,1540,353,1371,1871,1757,239,1273,220,636
434: 1073,2066,2031,1583,1544,45,1055
435: 1782,1791,864,1532,2097
436: 871,313,1505,1582,1627,731,1775
437: 1134,2158,1078,875,688,1937,1772,1590,98
438: 2111,879,496,1600,1628,843,1790
439: 622,124,1551,144,1866,1615
440: 832,855,1711,353,1573,2139,1271,1769,1621,1068
441: 940,1624,1018
442: 1988,1626,1450,1906,1223,273,909
443: 18,1633,1490,1234,693
444: 66,1307,1644,2180,1304,1305
445: 1644,2180,1503,956,1650,1095,1474
446: 244,1459,1778,1660,1447,933,425,1852
447: 1607,1664,1389,49,1034
448: 1377,379,1988,1626,932,290,1666,274,452
449: 454,225,959,661,1381,1671,1510
450: 315,969,1673,1553,1730,1413
451: 1677,1825,343,2146
452: 1679,1605,448,1377,716,274,292,1358,1441
453: 1467,1707,1876,355,1683,944,689,201
454: 449,225,864,1510,1779,1685
455: 1687,1895,1029,326,1746,492
456: 712,61,1215,1696,80,79,1591
457: 1562,966,1701,264
458: 1117,1705,22,968,354,1629
459: 942,985,208,1708,1437
460: 1930,523,1131,1033,594,1735,1132,1659,989
461: 1407,805,992,1119,2116,1762
462: 411,2070,52,395,1809,2134
463: 1321,866,1816,680,1158,205
464: 1820,1063,1067,990,187
465: 23,1436,478,1824,1873,698
466: 705,1827,1557,1728,735,341,1807
467: 1832,1973,968,1875,53,2215
468: 1189,735,1807,1833,1003,714
469: 717,1400,1847,1330,677
470: 1206,1049,1613,316,1874,974
471: 2117,2184,1492,1879,912,925
472: 294,660,804,1173,587,295,1882
473: 318,1331,1885,733,1722,1112
474: 1282,1737,1283,2141,167,1892
475: 1115,1350,669,1894,1112,1756
476: 64,1800,62,1238,747,619,1713,1905
477: 1589,904,1485,1910,421,755,321
478: 929,378,1913,23,465,1873
479: 1087,1827,148,2171,1915,1896
480: 1347,1630,1851,1026,1056,82,1724
481: 1602,311,1918
482: 914,2099,1920,663,1990,67,1953
483: 489,1922,1717,1984,120,785,732,1300
484: 2168,543,1924,301,841,2082
485: 85,1742,1903,672,1940,1120
486: 1723,939
487: 1752,764,365,1587,1326,215,1893,1954
488: 1332,1022
489: 483,1922,120,802,1354,1968,1777,652,1300
490: 2074,1776,1454,57,1246,1970,75
491: 565,1971,152,763,1887,172,814
492: 1025,455,1029,720,326,1746,1980
493: 910,1948,1539,1628,843,43,1989
494: 635,1160,1269,639,2132,108,1993
495: 2006,59,1657,835,1145,1144,697
496: 1533,823,1600,1647,1628,438
497: 981,851,2015,1691,1035,1949
498: 858,1732,104,409,2009,2023,1495
499: 1945,131,2024,1152,569,89,1834
500: 136,1379,928,135,2053,702,1541,137,896,1999
501: 618,1469,2027,1964,920,890
502: 2039,1700,739,2028,1262,1038
503: 1024,671,155,403,1848,196,1838,2055,897,2030
504: 2032,800,1136,1853,92,1863
505: 510,2061,2033,599,1492,249,955
506: 1463,2035,156,136,928,157,1313,1352,1367
507: 2044,431,1661,60,1370,2054,1008,1053
508: 414,217,1753,216,2048,2055,1781,1475
509: 1156,55,1157,74,2051,579,113,2187,1167
510: 505,2061,599,231,955,391,1031
511: 958,948,1005,2065,1282,1737
512: 709,1575,2071,1933,1387,367,907,2085,706,2201
513: 2073,1620,703,1543,1883,1479,1890
514: 1678,1577,1021,1795,2075,1215,994
515: 1182,2207,2201,1107,2081,1580,972,178,179
516: 2206,1004,77,1144,2161,76,1139,2086
517: 842,1797,233,2088,2073,1620,252
518: 747,1011,64,1851,2090,1056,2069
519: 235,2202,2092,854,2199,593,1017
520: 838,1599,1141,568,2094,1023,1523,1131
521: 2144,1745,1306,2102,2096,2090
522: 1897,2098,1898,272,1199,1346,600
523: 1242,622,2100,146,460,1930,1186,1735
524: 1057,47,2102,782,2096,1990,2077
525: 1223,256,2104,1808,1040,1906,960
526: 110,2017,1020,1044,2106,1227
527: 882,241,748,1443,2108,240,1046
528: 1048,2110,2042,1027,280,1012
529: 799,2112,263,2197,281,1686,1050
530: 1058,1329,1322,1788,646,1323,1059
531: 2118,770,1837,1927,346,211,1740,191,1127
532: 1062,889,570,95,114,2127,2029,1921,1472
533: 1283,642,127,107,2135,2138
534: 2128,2125,408,1395,2123,692,1104,2212,554
535: 2136,2133,1070,1821,202,223,655,1309
536: 2137,1809,2134,620,1239
537: 32,2145,1204,602,2144,1306
538: 2148,2146,2149,1514,1075
539: 1141,2151,2177,1077,2150,2152,1435,838,1599
540: 1590,2086,1004,2158,1506,97,2160,1719,98
541: 387,2016,2155,2156,2159,606,28
542: 1251,626,2167
543: 1085,2164,1618,484,2168,301,841
544: 2172,1915,1269,1993,1267,2171,1190
545: 2189,2183,2124,2187,2014,786,2174
546: 1169,1091,2181,230,2117,2184
547: 122,563,1168,1125,2185,2188,1090
548: 2186,1095,602,1307,654,2099
549: 2190,1488,2192,4,1364,350
550: 1494,1098,1779,1099,2196,2194,246
551: 570,2208,792,2203,1429,1100,1101,2209,95
552: 2204,178,566,2198,811,1471,1594,1135,1452,177
553: 1322,1803,2200,1439,2040,396,2078,2205,2092
554: 1997,1104,2212,534,2128,258,1066,967,2211
555: 51,2216,1423,839,2214,1636
556: 689,944,1445,182,971,1467,183,1617,2063,901,1110,1111
557: 1232,664,1230,306,1331,1885,1115
558: 682,2107,918,605,1425,1209,1208,1951
559: 119,1558,1118,99,1901,827,1130,118,1974,1361,1116,1388
560: 38,1762,2036,2116,374,36,37,1525
561: 1216,85,1747,1120,104,409,1180,1121
562: 2054,1210,1122,816,1511,1015,1217,1053,44
563: 122,547,401,1943,1168,668,1363,121,1125
564: 883,1971,172,814,1571,1163,346,1996,1127,891,2034
565: 491,1971,152,763,1129,1927,172,770,1837
566: 552,2204,178,1107,1182,2207,1135,1452,177,198,592
567: 400,1361,1079,98,2154,1130,118,1295,666,1116,1446,117,1339
568: 164,1634,838,1599,520,2094,1131,1033,1930
569: 71,2024,1152,1137,499,131,111
570: 551,2208,2203,1138,1101,2209,1139,95,1062,532,2122,115
571: 1225,1435,413,2177,1256,1141,2151,160,1140,162,615
572: 96,1880,1143,1142,1294,2053,702,1541,659
573: 77,1145,1100,2074,1776,809,1657,792,2203,1429,1144,2208
574: 351,773,1632,812,1417,16
575: 1991,1149,1303,72,777,675
576: 1148,1496,1519,1554,428,962,199,1434,1150
577: 1239,2024,670,1559,828,1834
578: 1556,166,1186,594,165,1155,1881
579: 1345,1088,1157,74,509,113,2187,1853,2189
580: 1159,818,206,382,1665,822,226,1998
581: 1602,1396,296,1596,1468,1165
582: 1276,88,128,639
583: 194,1674,1163,898,1161,2058,2080,174,1177,905,1789
584: 56,1254,1255,1166,1156,94,2051
585: 988,1995,1421,1170,103,1950,1751,1076,2023,2153
586: 2010,621,171,1806,1171,229,1016,210
587: 1485,2079,1172,472,294,295,2087
588: 224,1459,1631,203,1175,202,223,1778,1308,418
589: 175,195,1674,1177,176,1176,155,1587,1362,1019,1694,1838
590: 412,1403,409,1180,1121,870,1428,105,1886,1955
591: 1744,212,1196,213,1792,231,1181
592: 198,566,1182,2207,179,1135,1324,1183,197
593: 1726,1017,1006,235,519,2202,2113,1185,253
594: 1186,1735,460,165,1881,1187,989,578
595: 170,1249,1299,1438,149,190,1245
596: 1559,740,1267,1766,109,878,1190
597: 243,1192,261,736,900,1193,1203,1201,278
598: 1197,930,1359
599: 2033,210,1194,1196,1169,505,510,2061
600: 271,1184,1199,522,1897,1241,1030
601: 1202,1545,258,1205,637,967,2211,259
602: 1204,537,548,2186,47,1306,654
603: 2083,304,766,1911,1899,877,303,1542,1207
604: 1319,1203,1201,279,2019,660,1173
605: 1425,677,265,1209
606: 28,2156,836,1211,2159,43,541,2016,1123
607: 1060,2120,1126,212,192,213,1792,1179,1567,1212
608: 848,1535,431,1217,1053,44,61,1649,1783,712
609: 1732,1667,1828,85,1214,1216,857,104
610: 271,1218,287,1198,1219,286
611: 628,881,1641,1520,1912,1923,995,1978,1221
612: 2089,1222,273,909,1450,1976,376,927,1926,772
613: 150,1229,1129,1927,616,2121,2118,770
614: 643,390,297,1224,1531
615: 162,571,1225,1141,2151,1140,1523,181,161,1565
616: 2121,150,613,625,1188,1233,1061
617: 1458,1679,292,1353,1230,399,1232
618: 501,1469,1964,373,1235,2115
619: 1236,1238,994,476,1527,964,719,1713,1905
620: 2134,1071,1151,536,1239,1356
621: 2010,586,190,1245,171,1806,229
622: 124,439,1551,1615,1240,2100,1242,523
623: 1198,1241,1030,1243,288,1219,429,1528
624: 1978,1548,872,1247,57,1246,56,1254,75
625: 1188,1249,616,1245,171,1233
626: 1251,1162,542,2167,1928,1250
627: 1252,1689,998,1266,1914,885,363,634
628: 611,881,995,1978,1221,1255,56
629: 160,1228,159,1300,1301,1256,1258,1554,1140,1496,180
630: 2,1840,1259,348,1368,2193
631: 1318,277,1261,1201,1695,1319,293
632: 1718,1262,322,1962
633: 788,1265,1757,239,2022,1263,1273,1064
634: 363,2007,627,27,1266,885,1268,1743
635: 1160,1269,494,1162,2170,1250,148,2171
636: 220,1270,2126,239,1271,433,221,1273,2125
637: 1205,240,220,2126,1272,258,241,2211,1202,601
638: 949,1470,1442,267,1275,268,1274
639: 2132,88,1277,582,1160,494
640: 1278,2176,1702,1279,824,2181
641: 1770,1286,644,1287,1280,1281,865
642: 1509,958,107,1282,533,1283
643: 614,1226,813,245,390,1285
644: 1904,2004,1286,126,1287,641,1281
645: 1288,154,153,1457,1289,1344,1578,898,1161
646: 1291,1105,1290,1322,2200,530,1058,1323,1059
647: 116,1294,1079,1295,659,1314,137,117,1316
648: 163,1132,182,1659,1292,1293,1154
649: 1526,819,327,325,1297
650: 1231,130,1298,1299,150,1188
651: 54,1302,2217,869,1149,1303,1877
652: 1968,1777,489,1922,1300,1256,1258
653: 917,1650,48,1644,1304
654: 782,602,548,1307,47,2099,1920
655: 893,1309,535,2136,223,1449,1308,242
656: 310,309,1596,1311,1013,776,1310
657: 1102,2198,2201,1312,907,706,2071,157,1107
658: 763,1317,344,112,133,1340,1887,345,1499
659: 1314,1384,137,572,116,1294,647,702,1541
660: 472,294,1319,604,293,804,1173
661: 959,204,1321,205,1404,1671,449
662: 2026,896,1999,696,1500,135,2053,1344,1325
663: 1327,1032,914,482,67,1903
664: 1230,399,1574,557,1331,2043
665: 426,1818,87,68,1334,729
666: 1295,567,400,1361,117,1316,1933,367,1339
667: 88,1341,2140,1276
668: 1168,1363,1916,722,1908,401,681,563
669: 1910,1350,402,1589,475,1115,1756
670: 2024,1152,1239,1835,1356,577,1834
671: 1024,503,1176,155,1461,1362,1019,1848,1838,2030
672: 1935,1764,1032,1903,485,1940
673: 859,1540,1855,199,1703,200,349,1371,1871,1757
674: 1552,41,1569,825,1253,1378,1252,2157
675: 1383,575,1303,93,777,1765
676: 1391,1771,1672
677: 469,1400,605,1425
678: 111,1841,1336,1136,1863,1406
679: 1409,405,1172,308,904,2079
680: 1712,334,1416,1816,463,1158
681: 1421,1170,1916,1908,1168,668,1363
682: 558,2107,918,1655,266,605,1425
683: 1493,75,1166,2074,1776,792,1429,1101
684: 1360,1909,2124,1089,2174,134,1432,789
685: 1711,1704,1148,180,355,1434,1707,1876,832
686: 1456,1442,284,268,1811,750
687: 1116,1446,1388,407,138,1529,820,785,2005
688: 1937,1783,875,1453,1772,437,1134
689: 556,1683,944,1445,453,1467,901
690: 134,2029,1917,1909,789,360,1941,876
691: 2135,1477
692: 1483,2210,2000,408,2123,534,963,1104,2212
693: 1727,856,443,1490,1234,1773
694: 1178,1651,2009,1495,1428,886,1738,124
695: 921,1498,951,2113,1482,754,269,957,372
696: 364,876,1500,1921,1142,1374,135,1344,662,896
697: 1144,2161,495,835,78,1502,1078
698: 892,465,1436,1824,899,1504
699: 298,1534,299,833,1505,1582
700: 1508,979,1715,185,203,1174
701: 750,1412,1501,829,1534,299
702: 1541,1142,572,2053,659,1314,1384,137,896,136,1379,500
703: 1543,1787,949,338,513,1275,1883
704: 746,1591,79,1453,1793,99,1901,1550,1593
705: 874,1087,1827,1557,1561,466
706: 907,2085,1314,1384,1316,1933,1560,1312,512,657
707: 1151,1563,1042,1071,72
708: 1797,1652,1179,1567,1987,339,393,214
709: 512,1575,2071,1387,367,1529,1693,1570
710: 
711: 272,1291,1290,1351,1581,2098,1976
712: 456,61,1215,608,848,1535,79,1453,1591
713: 1597,1720
714: 1716,1601,468,1189,1244,1003
715: 1992,1197,1604,1349,934,1385
716: 932,257,2210,1377,275,274,452,1605,779
717: 469,1400,945,368,1606,1847
718: 275,381,1369,2001,1579,292,1979,779,1610
719: 1713,1905,619,1236,1658,1817,1612
720: 1586,974,1613,1029,492,1980
721: 985,1645,1609,1623,228,1731
722: 1916,82,1630,83,401,668,1363
723: 1368,1096,2193,5,1635
724: 1606,2095,1938,1093,368,912
725: 1036,1667,1990,2077,65,769,84,1214,406
726: 1668,1690,1676,189,1623,209
727: 1695,1260,276,2025,405,888,1409
728: 804,1173,1697,388,1396,296
729: 2147,1334,426,665,1699,1074,86
730: 1806,1710,171,1233,1248,2020
731: 1627,1576,936,1582,1714,436
732: 785,2005,407,1529,820,483,1717,1473,158,140
733: 1874,1722,318,473,1680,317
734: 1414,1725,1934,1862
735: 1728,1986,466,1807,468,1189
736: 900,597,243,991,1203,1733
737: 147,1281,126,474,1737,167
738: 1955,1738,412,1178,1286,145,125,1904
739: 1700,1858,1741,894,2039,502,2028
740: 1559,828,108,1993,1267,596,1766
741: 1398,1854,1027,1476,280,1771
742: 211,1740,1248,191,2020,1774,2119
743: 744,413,802,1780,2175,1968,1777,1256,1435
744: 743,413,1780,2175,1777,2177,1092,1435
745: 1755,236,2078,862,778,1994,1058,1329,1788,1512
746: 704,1591,964,80,79,1804,1550,1593
747: 518,1011,1800,62,1706,64,476
748: 1443,415,796,1821,1802,1328,416,2108,527
749: 215,795,1805,193,1752,1212,1041,1749,2008
750: 701,284,686,1811,1412,1501
751: 343,87,332,1825,1818,2057
752: 1821,1802,222,2063,2131,1070,1111,2136,416
753: 1343,1274,410,1830,1415,340,285
754: 1830,269,951,921,1498,695,1842
755: 894,1910,477,421,1858,1756,321
756: 1315,1829,786,2014,92,1863,1406
757: 144,123,988,1995,1651,2153,886,1866
758: 1439,2040,385,1868,414,984,1047,1692,396,1103
759: 242,1826,1308,808,418,2076,1870
760: 1960,1498,270,372,1872,300,417,1424
761: 817,1401,1913,1873,11,2059
762: 1877,1464,869,1682,1856,1220
763: 1317,658,152,1128,1887,565,491,814
764: 487,1752,215,1893,1954,2008,385,1868
765: 1728,1986,1896,129,781,1438
766: 1555,873,937,1932,1926,1899,603,304
767: 420,1969,1902,2055,897,1698,950,1475,778
768: 2004,105,1831,1955,1005,1904
769: 65,1724,1347,725,1916,1908,406,1380
770: 2118,531,1837,613,1129,1927,565,2121,1061
771: 421,2087,908,1931,321,1311
772: 1932,1926,376,612,2089,1444,927
773: 5,1934,1862,351,574
774: 315,852,1952,1522,1654,314
775: 1958,1488,422,1253,404,1373
776: 1963,1761,1311,1013,656,1310
777: 72,1965,575,675,1383,91,1759
778: 862,1994,1781,950,420,1969,767,1755,236,745
779: 292,1979,716,275,718,381,1679,1605,1610
780: 197,1133,198,1491,218,1982,1812
781: 1086,129,2173,765,1438
782: 654,47,2102,2099,1920,524,1990,2077,1953
783: 394,420,1478,1758,862,1994,1845,1512,237,2068
784: 1197,2002,1604
785: 2005,732,687,1592,407,1984,120,820,483,1922,1717
786: 756,1315,1829,2014,92,545,2189,1089,2174
787: 323,1517,2021,1813,906,965
788: 1265,219,633,1763,238,1812,2022,1263
789: 360,684,1909,690,1340,1432,153,2041,154
790: 1940,1818,2057,1747,1120,68
791: 2067,1844
792: 2203,1429,2074,1776,683,573,551
793: 17,1419,847,1375,2084,2027
794: 1324,1183,179,1521,962,1855,199,349
795: 749,215,1213,365,1326,1805,192,193,1752
796: 2139,1769,1068,1802,222,748,415
797: 326,961,324,1849
798: 1337,2192,1096,3,1635,4
799: 2194,1342,1098,263,529,2197,281
800: 73,1157,2032,2072,1345,1136,504,1853
801: 2109,8,911
802: 1402,1354,926,1614,1780,141,489,1968,1777,743
803: 1176,155,1357,1463,156,176,1461,1024
804: 728,1173,472,660,1396,1882
805: 377,992,9,887,461,1407
806: 1368,1414,1259,734,1934
807: 1486,1075,1422,953
808: 1447,418,1459,1308,759,2076,1852
809: 1657,1653,59,2074,1454,573,1145
810: 1195,1466,1977
811: 1471,1367,403,157,1313,2198,552,2204
812: 1632,1487,574,16,847,17
813: 1494,246,1284,1226,245
814: 172,1571,763,1887,345,1499,491,173,1163,564
815: 115,1139,2206,2122,96,1506,1143
816: 1511,1015,562,1795,427,1217,44,1215,1577
817: 1401,761,1981,1,1513,1913
818: 1159,580,206,1158,1515,1320,822,226
819: 1849,1025,649,1526,1734,325
820: 1529,687,1387,785,2005,732,1693,1473,1570,158,139
821: 1224,1531
822: 226,382,1998,1782,1536
823: 1533,496,2012,1642,1539,1628
824: 1547,1279,1000,1702,640,1786
825: 1569,1451,831,1253,674,1552,1378
826: 1392,1519,158,140,139,1300,1301,1554,428,1496
827: 1593,1796,100,99,1550,559,1558,830,1974
828: 1559,740,1069,90,577,108
829: 283,1564,1412,701,1534
830: 975,1974,99,1593,1796,827,837,119,1558,1566
831: 422,1253,12,26,1097,1451,825
832: 440,855,200,1711,685,1704,1707,353,1573,1068
833: 1801,299,1576,1394,699,1582
834: 1580,972,999,139,1392,179,1608,428
835: 78,2050,1585,495,2006,1144,697,1502
836: 1211,2159,1958,1588,1410,1373,606
837: 1972,100,81,1796,830,1566,375,1124
838: 1599,520,2150,1141,2151,539,568,1523
839: 1109,1611,2214,555,1636,1563,1042
840: 302,429,1219,1616,1952,1522,1975
841: 301,543,1618,1839,484,347,1639
842: 517,1797,1652,849,982,233,1620
843: 1628,1539,438,879,910,493,1948
844: 351,1864,1632,1487
845: 1615,1411,144,2150,2152,1551,1599,1634
846: 2012,1642,1146,430,1364,1860
847: 812,17,793,1600,1647,2084
848: 608,1535,61,1783,712,79,1453,1591
849: 1640,982,1181,1794,232,339,1652,842,1787
850: 1817,1925,1612,83,101,401,1823
851: 2015,1663,1296,497,327,1035
852: 315,774,1522,1669,969,2056
853: 333,1672,1164,1398,1538,432
854: 1798,1810,234,2199,1103,2205,1006,1017,519
855: 440,832,1711,1707,2139,201,1068
856: 1727,693,1234,1427,1200,33
857: 858,1214,609,1732,103,1950,1751
858: 498,857,1732,1751,104,2023
859: 673,1540,1855,349,1763,1265,1757
860: 1768,20
861: 1785,1484,980,36,358,1648,983
862: 778,1994,1969,745,783,1329,2104,1512,237
863: 30,879,1790,1948,2031,1583,1465
864: 1791,1510,454,435,1685,2097
865: 1799,1155,1287,1280,641,1770,165
866: 1321,463,1556,166,1816,1815,204
867: 1845,1043,2022,218,238,1758,394,1263,2068,1524
868: 392,1542,1956,1037,1850,1895
869: 1682,987,1302,651,1856,1877,762
870: 1699,1334,1180,1121,590,1886,86
871: 313,436,1775,1889
872: 1923,1548,624,1978,1247
873: 766,1555,937,2089,290,1666,1932,1926
874: 705,1928,2170,2162,1087,1561
875: 1502,1078,1783,688,1937,1590,2086,437,2158
876: 364,696,1500,690,1917,1941,1288,154
877: 397,1944,1555,1399,603,2083,304
878: 1766,109,89,1945,596,110,1153
879: 438,2111,843,1790,1948,30,863
880: 361,1528,288,302,1956,1037,1975
881: 628,611,1912,1923,872,1978,56
882: 241,527,2108,1205,1046,2037,1819,1985
883: 564,1996,1919,1126,891,2034,1213
884: 398,1357,2026,1999,136,1325,1463,2035,176
885: 1051,1914,627,363,634,2007,57,1970,58
886: 1866,1651,2009,757,694,1178,124
887: 924,1390,9,805,2011,1407
888: 405,1376,276,2025,727,307,291
889: 1062,532,2122,95,115,1921,1472,366,1143
890: 920,1790,501,1469,2031,1544
891: 2034,346,564,883,1127,1126
892: 698,1436,38,2036,1504,359,1729
893: 655,1309,1449,1308,1822,2038,242
894: 755,1858,321,739,2039,1264
895: 1981,1,2047,930,1359,1440
896: 662,2026,1999,696,135,2053,702,136,500
897: 2055,2030,503,1848,196,2048,1698,946,767,1902
898: 1161,2058,1457,1836,645,154,1289,1578,1163,583
899: 39,1504,1824,2059,25,698,1537
900: 736,1826,1870,597,243,2060,991,1733
901: 2063,2131,1467,556,689,201,1111
902: 2032,2072,1383,71,1759,1137
903: 2076,1852,1870,1947,262,2060,1942
904: 679,1589,308,1485,2079,477
905: 1177,176,1161,2080,398,583,194,1674
906: 1018,1813,1624,2082,1517,787
907: 2085,706,367,1312,512,2071,157,657,2201
908: 309,295,1882,771,2087,1468,1311
909: 273,1222,442,1450,612,2089
910: 493,1948,843,43,1989,29,1462
911: 8,1386,2109,801,2114,2093
912: 1333,1879,1093,2184,471,724,2095
913: 2196,1685,1532,2097,246,1859,1284
914: 2099,482,1920,66,1307,1327,663
915: 266,1333,2101,369,947,918
916: 333,2103,432
917: 1650,2182,2105,653
918: 558,682,2107,266,915,369,1939
919: 371,922,6,1372,1348,2109
920: 1790,890,2084,2027,2111,501
921: 1498,695,2113,1482,1185,754,270,957,372
922: 919,371,2109,1957,2114
923: 1072,1235,2115,1234,1427,31,19
924: 887,2011,1407,1117,22,1967,2116
925: 2101,1867,471,1492,249,1879
926: 802,1402,1354,342,1124,1335,1814,121,1614,1780
927: 1243,1444,1897,1976,376,1346,612,1030,772
928: 136,1379,500,1999,1560,1312,506,2035,1313,1352
929: 478,378,1355,1440,1675,23
930: 1359,598,1349,895,1
931: 1739,1568,387,2016,2155,28,1661,1370,1008
932: 716,257,1106,1483,2210,448,1377,379
933: 1497,425,1660,1381,938,225,446,244
934: 1513,1349,1992,715,1,1385,1405
935: 1891,1595,1028,1304,1305,1389
936: 1576,1394,1418,1622,731,1714,312
937: 766,1555,873,290,1666,274,1399,1358
938: 1381,1671,1508,1404,1174,1660,933
939: 1530,2067,1413,486
940: 313,1426,1924,1889
941: 1664,50,1034,1677,1431
942: 459,985,1645,1861,248,1437
943: 1399,1358,1679,1353,1441,1944,399
944: 1565,1445,1683,181,161,453,556,689
945: 1437,248,368,1865,1847,717
946: 1698,1848,196,1594,1452,177,897,197,1133,1902
947: 369,2101,1867,250,915,1338,1456
948: 1005,2065,1721,1460,958,511
949: 1470,1869,338,703,1787,267,638,1275
950: 1781,1475,2055,1969,767,1755,778
951: 1479,1890,1482,754,269,695
952: 252,1006,2073,1726,1890,2113,1482
953: 1509,807,1486,1959,1961
954: 1167,113,2187,1138,2189,2183,2124,1489,1065
955: 391,505,510,2061,1492,249,2052
956: 1503,1773,1727,1650,1474,445
957: 270,372,1507,2113,1185,253,921,695,1199
958: 511,1959,1460,1509,948,642
959: 661,1321,205,1320,449,1510
960: 255,1906,2104,1788,1808,1323,1223,525,273
961: 326,1746,1553,1516,324,797
962: 428,1519,179,1608,1521,576,794,199,1150
963: 1106,2213,2000,1983,1524,408,1483,692,2210
964: 1527,1696,80,619,1236,746,1804,1907
965: 1673,2021,1654,787,323,1530
966: 457,1562,1532,1784,1701,1859
967: 2211,258,1997,554,1545,601,381,1579,973
968: 354,1875,1705,458,1832,467
969: 2056,315,852,450,1553,1516
970: 1784
971: 182,1846,162,1023,1565,1445,163,556,1617
972: 834,1580,999,1575,1693,1473,2081,515
973: 259,1382,967,1545,2001,1579,383
974: 1586,720,1613,470,1874,1680
975: 830,1974,119,342,1566,375,1592,1984,978,1614
976: 1936,260,1598,1261,1193,1260,277
977: 1609,1731
978: 120,1614,975,1974,342,1592,1984,1354
979: 1154,1292,185,203,1619,1175,700
980: 1629,1884,1785,861,1878,358
981: 317,1688,1638,2015,497,1691
982: 1640,849,232,1652,842,1543,1787,1620
983: 1641,1520,861,36,37,1648
984: 1047,1692,1643,2064,214,758,234,1798,1103
985: 721,1645,1731,208,459,942
986: 186,147,2141,167,1646,1420,2130
987: 358,1648,1641,1302,869,1682
988: 585,1995,1751,1651,2009,2023,757
989: 1881,1187,460,594,1735,1659,1154
990: 1637,1067,464,187,1665
991: 262,2060,1870,736,900,1733,1670,1393
992: 377,805,1675,461,1407,1119
993: 168,1662,2169,188,384,1676
994: 1238,2075,514,1678,1527,619
995: 1856,1641,1520,1682,628,611,1220,1221
996: 1684,2070
997: 1686,2110,262,2112,1048,1670
998: 1007,40,1689,627,2046,1051,1914
999: 834,1580,972,1575,1693,1473,158,139,1392
1000: 228,209,1736,1716,1702,1786,824
1001: 328,319,1760,1709
1002: 1646,186,1712,1637,1159,206
1003: 1736,189,1833,468,714,1716
1004: 2206,516,2161,76,540,1590,2086,1506,1719
1005: 948,2065,1831,1721,768,2004,511
1006: 252,952,2088,854,1810,1726,593,1017
1007: 40,998,39,1504,1729,1689
1008: 2050,1585,931,1739,1370,2044,507,78
1009: 1894,1112,318,1688,320
1010: 58,1653,2007,42,1743,1052,59
1011: 518,747,1800,1706,1745,1851,2090
1012: 1164,280,2042,528,1697,388
1013: 1311,1931,1264,1761,776
1014: 1213,365,1919,174,194,1326,1789
1015: 816,1511,1518,2091,562,1021,1795,427,1577
1016: 210,1194,586,1806,1710,1171
1017: 1726,593,854,1810,2199,1006,519
1018: 1813,906,1624,441
1019: 1362,589,195,671,1954,1694,216,1838
1020: 1044,1841,1336,110,2017,526,2013
1021: 1795,427,1843,1015,1054,2062,2075,514
1022: 1844,324,797,488,1332
1023: 2094,1523,1141,520,162,1131,1565,1846,971
1024: 503,671,155,803,1461,1367,403,1362,1848,196
1025: 492,326,1980,1849,819,1526
1026: 2096,1851,2090,2102,1057,1056,480,1347,65,1724
1027: 1854,2110,2045,528,280,741
1028: 1891,935,1389,1607,447
1029: 1613,1850,455,1895,720,492
1030: 1241,1897,1346,600,1243,1444,927,623
1031: 1900,510,231,1181,232,391,1640
1032: 1327,663,1603,1903,1935,672
1033: 1131,164,568,460,1930,1132
1034: 447,1664,49,941,1366,1431
1035: 327,851,497,1754,1949
1036: 725,1667,1990,2077,1953,65,84,1828
1037: 1669,1975,880,1956,868,392
1038: 1262,2028,1760,1709,1962
1039: 1572,51,2216,710,467,1973,53
1040: 1808,2068,1845,237,2000,1983,1524,256,525,2213
1041: 1749,1987,1805,749,1567,1212,214
1042: 839,1611,1563,1991,707,72
1043: 1845,867,2022,1263,2000,1524,408,1395
1044: 1020,1336,526,2013,1227,151,1128
1045: 69,395,2070,2018
1046: 2037,1449,2108,882,527,2038,1192
1047: 984,1692,2008,1643,385,1868,758
1048: 1670,1393,2110,997,1748,2042,528
1049: 1206,305,2043,470,1874,1722
1050: 2049,2045,2112,529,281,1686
1051: 1914,885,998,2046,1247,57,1970
1052: 59,42,1743,1739,1010,1653,2050,2006
1053: 1217,60,2054,562,507,431,608,1535
1054: 2062,2075,1055,1021,1681,1800,62,1238
1055: 45,1843,2066,434,1054,2062,63,1681
1056: 2069,82,64,518,1851,1026,480,1630
1057: 524,2102,2096,1026,2077,65,1724
1058: 530,1329,2078,236,745,1322,1803,2200,1788,646
1059: 1323,530,646,1290,255,1581,254
1060: 2120,607,191,1127,1126,2119,192,213
1061: 1248,616,2121,2118,770,1233,211
1062: 532,889,2122,570,95,115,1472
1063: 2138,1892,2141,1477,1067,2130,464
1064: 1273,2125,633,239,1263,1395,2123,2128
1065: 2129,1489,1167,954,2183,2124,114,1360
1066: 258,2125,1270,2126,2128,554,2211
1067: 2130,1063,186,464,990,1637
1068: 1769,1621,353,440,832,855,2139,201,796,415
1069: 1237,90,1277,2132,108,828
1070: 1110,1111,2063,752,1821,535,2136,2133
1071: 2134,620,52,1563,1151,707
1072: 923,31,19,1073,2142,2143
1073: 2066,434,31,1544,1072,2143
1074: 106,1422,426,1514,729,2147
1075: 2148,538,1514,1422
1076: 2185,1170,1950,122,585,1995,2153
1077: 2177,1092,142,143,2150,2152,2151,539
1078: 1502,875,1144,2161,697,1937,1590,2086,437
1079: 98,2154,97,2160,1130,116,647,1295,567
1080: 2157,1081,27,387,2155,1268,1568
1081: 1378,404,2156,2157,1080,387,2155
1082: 2167,2162,2163
1083: 2163,168
1084: 1714,312,1627,2164,1426,2168
1085: 543,2164,2166,1218,2165,1618
1086: 781,2172,1190,1191,129,2173
1087: 1827,479,2170,148,874,705
1088: 1345,579,1157,2187,2014,1853,92,2189
1089: 2174,1315,786,684,112,133,1340,1432
1090: 2188,142,1125,547,141,2175,1092
1091: 1169,546,2176,1171,229,210,2181
1092: 2177,1077,2175,2188,142,1090,744
1093: 230,1938,2178,2184,724,912
1094: 2179,34
1095: 1474,2180,445,548,2186,1307
1096: 2193,3,2,2191,723,798,1635
1097: 26,1408,2190,1488,422,831
1098: 1494,550,1099,2194,799,2197
1099: 1779,1497,425,2194,550,1098
1100: 573,77,1145,2203,551,2208,76,1139
1101: 1138,2209,1493,683,1429,424,570,551
1102: 657,2198,2201,157,1107,2204,178,2207
1103: 2199,2205,984,1692,758,2040,1798,854,2092
1104: 1997,2212,554,534,2128,692,2210,2211,1369
1105: 1291,646,1290,1322,2200,235,2092
1106: 2213,1929,963,1983,1483,2210,1377,379,932
1107: 2081,2071,657,1102,2201,178,566,1182,2207,515
1108: 356,2215,53,1109,1611,2217,54
1109: 839,1611,2214,53,2215,1108,2217
1110: 1070,1111,556,183,184,1631,2133,202
1111: 1110,1070,556,183,1617,2063,901,752,2133
1112: 1009,1894,1885,475,1115,318,473
1113: 282,1208,1951,1564,283
1114: 1480,298,337
1115: 475,557,1350,306,1885,669,1112
1116: 1446,1388,687,118,559,119,1558,1974,567,400,1361
1117: 458,1433,21,2011,924,22,1629
1118: 335,1793,1134,99,1901,1550,1130,118,559,1558
1119: 992,1675,461,23,1436,1762,2036
1120: 1747,485,85,790,1940,561,1216
1121: 1180,561,1747,68,1334,1699,870,590
1122: 1123,43,28,29,1518,2054,562,1210,1511
1123: 1122,1211,43,606,28,29,1210
1124: 1335,1814,837,1972,101,102,1823,342,375,121,926
1125: 121,1943,122,547,563,1402,1780,141,2175,2188,1090
1126: 191,1127,346,883,891,2034,1060,607,192,193
1127: 191,1126,2118,531,1837,346,564,1740,891,2034,1060
1128: 152,1044,132,2013,344,151,763,1317,1129
1129: 1927,1227,151,152,1128,1229,613,565,770
1130: 118,1134,335,1118,1079,98,2154,559,567
1131: 1033,520,568,2094,1023,460,1846,163,1132
1132: 648,163,1131,1033,460,1930,1659,1154
1133: 197,780,196,1135,1452,1698,946,1491,420,1902,218,1982
1134: 437,2158,688,1793,1772,1590,335,1118,98,2154,1130
1135: 1452,177,552,566,1182,1594,198,592,197,1133,1491
1136: 1137,2032,800,504,111,1841,678,1863,1406
1137: 1136,71,1759,902,2032,569,111
1138: 1101,2209,94,1493,1167,954,424,570,2129,1489,95,114
1139: 76,77,1100,570,2208,2206,516,2122,815,115,1506
1140: 1256,571,1225,160,1228,629,615,181,161
1141: 2151,539,571,1435,838,520,162,615,1023,1523
1142: 366,1143,1374,115,1921,572,696,135,2053,702,1541
1143: 366,1142,1374,889,815,115,96,1880,1506,572,1541
1144: 2161,697,1657,495,835,573,77,1145,1078,516
1145: 573,77,1100,2074,809,1657,495,1144
1146: 1635,4,15,1147,430,1364,1860,2012,846
1147: 15,430,5,773,574,1146,1417,16
1148: 1496,576,1519,1554,159,180,355,200,1434,1150,685,1704
1149: 1991,575,1611,2217,54,651,1303
1150: 200,1434,962,1148,1496,576,1855,199,1703,1704,1371
1151: 707,1071,620,72,1965,1835,1356,91
1152: 2024,670,1835,1356,91,71,569,499
1153: 1191,109,878,110,130,2106,1298
1154: 979,648,1132,1659,1187,989,1292,185,1619
1155: 865,1799,1280,165,1556,578,1416
1156: 509,55,1255,56,584,74,94,2051,113
1157: 419,74,55,1857,509,73,800,1345,1088,579
1158: 1515,205,1816,1712,680,1321,463,818,206
1159: 580,818,206,1002,1637,382,1665
1160: 635,1269,494,582,639,2132,1162,1250
1161: 898,2058,645,1289,1325,2080,583,905,176
1162: 128,582,639,626,1250
1163: 173,1578,1836,814,1571,898,2058,564,1996,1919,174,583
1164: 280,1012,1697,1398,296,1538,853
1165: 2103,432,296,1538,1602,581
1166: 75,1246,56,584,1254,1776,94,1493,683
1167: 954,424,509,94,2051,113,2187,1138,1489,1065
1168: 668,1363,1916,401,1421,1170,681,122,547,563
1169: 546,1091,1171,210,2033,599,2117
1170: 1421,681,1168,1950,122,1076,585
1171: 229,586,2176,1016,210,1169,1091
1172: 293,1318,679,1409,294,587,2079
1173: 804,728,1319,604,2019,472,660,388
1174: 1778,1660,203,1175,1508,700,224,938
1175: 203,1619,184,979,1631,202,224,588,1174
1176: 155,803,398,1357,1177,176,1461,589,1362,671
1177: 905,176,2080,1357,583,1674,1176,1789,175,589,195,1362
1178: 694,1428,886,738,1738,124,1240,125
1179: 213,1792,607,192,1567,1212,1794,339,708
1180: 1121,561,1747,104,409,870,590,1403
1181: 231,591,213,1792,1794,232,1031,849
1182: 2207,515,1107,1580,178,566,179,1608,1521,1135,592,1324,1183
1183: 794,1324,1182,1521,198,592,1855,423,1491,349,1763
1184: 271,600,270,1199,1872,1424,287
1185: 1726,593,2202,2113,253,1898,921,270,957,1507
1186: 594,1735,1242,523,1280,146,1930,165,578
1187: 1881,989,594,1659,1154,185,357
1188: 625,1299,650,1231,150,1249,616,1233
1189: 468,735,1986,1438,149,1244,714
1190: 1267,596,109,2172,544,1191,1086
1191: 1153,109,1190,130,1086,1298,2173
1192: 597,243,1046,2037,1822,2038,1826,261,278
1193: 1261,1598,1985,261,597,976,1936,278,277
1194: 1016,210,1710,389,1196,599,2061
1195: 810,2047,1977,24
1196: 389,1194,1744,591,599,2061,231
1197: 784,598,1604,930,1349,715
1198: 623,271,1241,1243,610,1219,286,429
1199: 1898,272,270,957,1507,522,1897,1184,600
1200: 19,1427,1727,856,33,32,1204
1201: 1203,278,597,1261,279,631,1319,604
1202: 1545,601,1205,637,260,1819,259,1936
1203: 1201,278,597,736,279,1733,604
1204: 602,1200,33,537,32,2186,1306
1205: 240,637,1272,258,882,241,1202,601,260,1819
1206: 305,1049,2083,397,1207,316,470
1207: 603,2083,303,1542,1206,316
1208: 1951,1209,1113
1209: 265
1210: 2054,562,28,1123,1122,1661,60
1211: 836,2159,1588,43,1989,606,28,1123
1212: 1567,607,1805,192,193,749,1179,1041,1987
1213: 365,1014,883,1996,1919,174,2034,192,193,215,795
1214: 406,1380,725,1667,1828,609,1732,103,857
1215: 44,61,816,1217,514,1678,1577,456,712,1527,1696,80
1216: 561,1828,85,609,1732,1120,104
1217: 1053,2054,562,816,431,44,61,1215,608
1218: 2165,1424,287,610,1085,1618,286
1219: 1616,286,610,623,1198,840,302,429
1220: 1221,55,995,1856,762,1464,1857,419,74
1221: 1220,55,995,1856,628,611,1255
1222: 1581,254,255,273,909,1976,376,612
1223: 256,525,1808,1906,960,2213,1929,273,442,1988,1450,379
1224: 1531,614,1285,821
1225: 571,1435,1777,413,1256,1258,160,1140,615
1226: 2197,281,1494,813,390,643
1227: 151,110,526,1044,130,2106,1231,1229,1129
1228: 160,629,159,1140,180,355,181
1229: 150,613,1227,151,1231,1129
1230: 664,399,1574,1353,617,557,1232
1231: 650,130,2106,1227,1298,150,1229,1188
1232: 557,617,1458,1584,1230,306
1233: 171,625,1188,616,1245,1248,1061,730
1234: 1427,443,18,1235,693,856,923
1235: 2115,373,18,618,1234,1427,923
1236: 619,1527,1696,964,719,1905,1804,1658,1907,81,1817
1237: 1069,90,1750,2137,1277,70
1238: 994,1054,2075,62,476,619,1905
1239: 620,2137,536,1356,90,577,670
1240: 1178,622,124,145,125,1242
1241: 1030,1897,271,600,1243,623,1198
1242: 523,622,1240,145,2100,146,1186
1243: 1444,927,1241,1030,623,1198,288,289
1244: 149,1189,190,714,1601,386,2010
1245: 190,1249,595,625,171,1233,621
1246: 1247,57,624,1970,1254,75,1166,490,1776
1247: 57,1246,1548,872,2046,1051,624
1248: 1061,2118,171,1233,211,742,730,2020,1774
1249: 170,595,1299,625,1188,1245
1250: 2170,626,1162,1928,148
1251: 626,128
1252: 1689,627,39,1537,674,1552,41,1266
1253: 422,831,825,775,674,1378,404
1254: 56,584,624,1978,1246,75,1166,94
1255: 628,1978,1221,55,56,584,1156
1256: 1258,1968,1777,652,743,413,1300,571,1225,160,629,1140
1257: 348,2002,1604,2,1992,2191
1258: 1256,1922,1777,652,1300,1301,1225,1554,160,629
1259: 1414,1840,630,1368,806
1260: 1695,727,259,1382,976,1936,276,277
1261: 1193,1598,261,976,1201,278,631,277
1262: 1038,2039,502,1718,632,1962
1263: 238,788,1265,633,867,1043,2022,1273,1064,1395,2123
1264: 1718,894,1931,321,1013,2039
1265: 788,219,633,423,349,1763,859,1540,1757,239,1263
1266: 27,41,1252,627,2157,363,634,1268
1267: 1993,108,740,596,2172,544,1190
1268: 42,1743,27,1266,1080,2155,634,1568
1269: 635,1160,494,1993,1267,148,2171,544
1270: 220,636,2126,239,1273,2125,1272,2128,258,1066
1271: 433,353,1871,440,239,221,1621,220,636
1272: 1328,221,220,1270,2126,1443,258,1205,240,637
1273: 1064,2125,633,239,433,1263,220,1270,636,2123
1274: 753,1343,638,1275,251,268,410
1275: 251,1883,949,703,638,268,1343,1274
1276: 667,88,128,582
1277: 70,1069,1237,639,2132
1278: 640,2176,1716,1601,386,1702,229
1279: 1547,824,640,2181,230,247,2178
1280: 1287,146,641,1186,165,865,1155
1281: 147,737,644,126,641,1770,865
1282: 474,1737,958,511,642,1283
1283: 533,642,474,1282,2138,1892
1284: 1701,1859,913,246,813,245
1285: 2195,245,643,614,1224
1286: 145,125,738,644,1904,1287,641
1287: 1280,146,1286,145,644,641,865
1288: 645,154,1941,876,1500,1457,1289,1344
1289: 1344,1500,645,1288,2026,898,1161,1325,2080,398
1290: 1291,646,1105,1059,711,1581,254
1291: 646,1105,1290,235,2202,2092,1351,711,272,1581
1292: 1293,184,648,163,979,1154,1631,1619
1293: 1292,184,182,648,163,183,1617
1294: 116,647,96,1880,2160,572,1541,659,1314
1295: 666,1079,98,2154,116,647,567,117
1296: 1980,1586,1663,851,1526,327
1297: 649,327,1035,1754
1298: 1299,2173,1191,1153,130,650,1231
1299: 1298,2173,130,650,170,1249,595,1188
1300: 1301,489,483,1922,1717,652,140,1256,1258,826,629
1301: 1300,140,1258,826,1519,1554,629,159
1302: 54,651,1878,358,987,869
1303: 651,575,1149,1877,93,675
1304: 1644,1595,935,444,1305
1305: 1304,444,66,1389,1327,1603
1306: 47,2102,537,1204,602,521,2144
1307: 444,66,1095,2180,548,654,914,2099
1308: 223,588,893,655,808,418,242,759,2076
1309: 893,655,1821,535,2136,416,1449
1310: 656,310,481,1918
1311: 1013,771,309,908,1931,656
1312: 1560,1384,928,907,2085,706,157,1313,1352,657,2198
1313: 157,1352,928,1312,506,156,2198,811,1367,403
1314: 659,1384,137,1294,647,702,117,1316,706
1315: 756,1829,786,1089,2174,344,112,133
1316: 117,1933,647,666,1314,1384,137,367,2085,706
1317: 763,658,344,112,152,1128,1887
1318: 631,277,1695,1409,1172,293
1319: 604,1201,631,293,294,660,1173
1320: 1515,205,959,226,1791,1510
1321: 463,866,204,1158,205,959,661
1322: 553,1803,2200,530,1058,2092,646,1105
1323: 1059,530,1329,2104,1788,646,255,1906,960,254
1324: 794,1183,1182,179,1521,198,592,349
1325: 2080,1289,1344,662,2026,1999,1161,884,398,176
1326: 1587,1789,194,365,1014,175,215,795,487,1954
1327: 663,1032,66,1305,914,1603
1328: 1272,221,1769,1621,220,748,1443,415,240
1329: 530,1058,236,745,862,1803,2104,1788,1512,1323
1330: 469,677,265
1331: 2043,664,557,1885,1722,473
1332: 488,797,1849,1966,1734
1333: 1879,912,2095,2101,1655,266,915
1334: 68,1818,665,1121,1699,870,729
1335: 1124,1814,102,121,1402,926
1336: 111,1841,678,1863,1406,1020,1044,132,2013
1337: 798,2192,3,380,1408,2190
1338: 1442,267,1867,250,369,947,1456
1339: 138,1387,367,666,567,400,1446,117,1933,2085
1340: 133,1432,1089,789,658,345,1499,153,2041
1341: 2140,2018,69
1342: 1947,244,425,2194,799,263
1343: 753,1274,1275,251,410,1830,269,285
1344: 1289,696,1500,645,1288,662,2026,1325,2080
1345: 1088,579,1157,73,800,1853
1346: 1976,376,522,1897,2098,1030,927
1347: 480,1630,1026,65,1724,769,1916,1908
1348: 919,2109,801
1349: 930,715,1,934,1513
1350: 1365,306,402,1589,475,1115,669
1351: 253,1898,235,2202,1291,711,272
1352: 157,1313,1379,928,1560,1312,506,2198
1353: 1441,1679,292,943,617,1230,399
1354: 802,926,978,120,1614,489,1968
1355: 1977,24,1440,377,1675,929
1356: 1835,620,1151,1239,670,1152
1357: 884,398,1463,156,1177,176,1176,155,803
1358: 1399,943,1666,274,452,1555,937,1441
1359: 930,0,598,2047,895
1360: 684,1909,2124,2129,1065,2127,2174,134
1361: 567,400,2154,118,559,666,1116,1446,138
1362: 1019,1177,1176,155,589,1024,671,1838
1363: 1168,668,722,401,1943,1823,681,121,122,563
1364: 1860,350,1146,4,549,846
1365: 1350,306,307,1584,1376,402
1366: 332,49,1034,1935,1764,1431
1367: 811,1471,403,506,156,1313,1461,1024
1368: 806,630,2193,723
1369: 275,718,381,2210,1997,1104,2212,257,1579
1370: 1661,60,931,1739,1008,2044,507
1371: 353,1573,1871,1855,1703,200,1150,673,1540,433
1372: 919,6
1373: 2156,775,1958,404,836,2159
1374: 366,1143,1142,1921,364,696,135,2053
1375: 1957,1419,793,2027,7,1964
1376: 405,888,307,1365,402,308
1377: 448,379,1106,716,932,257,1666,274,452,1605
1378: 404,1081,825,1253,674,41,2157
1379: 136,500,928,702,1384,137,1560,1352
1380: 1214,406,769,1908,1421,103,1950
1381: 938,1671,1660,449,225,1497,933
1382: 259,973,1936,383,276,1260
1383: 675,777,1765,1759,902,2072
1384: 659,1314,137,702,1316,1379,1560,1312,2085,706
1385: 13,1405,1992,715,2191,934,380
1386: 8,911,1633,2093,443,18
1387: 138,367,1339,400,1529,820,709,512,1570
1388: 1116,1446,687,559,119,1974,1592,407,2005
1389: 1305,447,49,1603
1390: 9,2011,887
1391: 1771,1476,1531,821
1392: 826,1519,140,139,834,999,1608,428
1393: 1048,1670,991,279,1733,2019,1748
1394: 1576,936,1415,340,1418,285,1801,833
1395: 408,2123,1043,2022,1263,1064,2000,1524,534
1396: 1882,804,728,296,1468,581
1397: 1466,10,1977,9,377,805
1398: 741,1164,280,1672,853
1399: 943,1358,1555,937,1441,304,1944,877
1400: 469,717,1606,1655,677,1425
1401: 817,761,1513,1405,12,11,1451
1402: 802,926,1335,1814,121,1125,1780,141
1403: 590,412,409,1180,1495,1428
1404: 1715,1815,204,1508,661,938,1671
1405: 1385,13,934,1513,1401,12,26
1406: 1863,1136,92,678,1336,756,1829,132
1407: 461,805,992,887,924,1967,2116
1408: 380,13,1337,26,1097,2190
1409: 679,1695,727,1318,405,1172
1410: 1588,1860,350,1958,14,836
1411: 1615,845,143,144,123,2150,2152
1412: 1564,370,284,750,701,829
1413: 2067,1730,1673,450,1530,939
1414: 1259,734,806
1415: 1501,268,1811,410,753,340,1801,1394
1416: 1816,1799,1155,1556,334,680
1417: 16,574,1147,430,2012,1533
1418: 340,285,1455,936,1394,1622
1419: 17,793,352,371,1957,1375
1420: 1646,1770,147,1799,986,334
1421: 1170,681,1908,1380,1168,103,1950,585
1422: 106,1074,1514,1075,807,1486
1423: 1684,1625,555,411,1636
1424: 1218,2165,287,760,1872,1184,300
1425: 605,1400,1655,266,677
1426: 1924,1084,313,2168
1427: 1234,1235,856,923,1200,19
1428: 1495,590,412,1403,694,1178,1738
1429: 792,2203,1776,1493,683,573,1101,2209,551
1430: 20,1633,2179,1490,336
1431: 1677,1825,1034,941,1366,332
1432: 133,1340,1089,2174,684,1909,789,2041
1433: 35,21,2011,1705,458,1117
1434: 200,1150,1148,576,180,1703,685,1704
1435: 571,1225,744,743,413,2177,1141,2151,539
1436: 23,465,1119,2036,892,698
1437: 945,459,942,248,1708,1448
1438: 781,765,1986,1189,149
1439: 758,2040,1868,414,217,1692,396,2078,553
1440: 2047,24,1355,895,1981,929,378
1441: 1353,274,452,1679,1605,1399,943,1358
1442: 1338,267,638,686,1456,268,1811
1443: 748,415,1272,1328,2108,240,241,527
1444: 1243,927,1030,1932,1926,772,288,289
1445: 944,1565,161,182,971,556,689,1617
1446: 1116,1388,687,118,567,400,1361,138,1339,1529
1447: 808,418,1459,1778,446,244,2076,1852
1448: 1708,1437,945,1847
1449: 416,2108,1821,893,655,1309,1046,2038
1450: 442,1988,1626,1223,273,909,612,2089,290
1451: 1569,825,1401,12,26,11,831
1452: 1135,177,552,566,196,1594,1698,946,197,1133
1453: 79,1793,1772,1783,848,1535,712,688,704,335
1454: 490,2074,1776,57,1970,58,1653,809
1455: 285,1842,1830,1418,1960,1622,417
1456: 686,369,947,1338,1442,267,1939,284
1457: 153,1836,2041,645,1288,154,1578,898
1458: 617,292,1979,307,1584,291,1232
1459: 224,588,1778,808,1447,418,446
1460: 1959,2147,106,1721,948,958
1461: 1463,156,1176,155,803,1367,403,1024,671,1848
1462: 29,1518,43,910,1948,30,2091
1463: 506,2035,156,1999,884,398,1357,803,1461
1464: 1877,762,93,1856,1220,1857,419
1465: 1843,2091,30,863,2031,1583,45
1466: 1397,810,10,1977
1467: 453,1707,556,689,201,2063,901,2131
1468: 1596,1396,1882,309,908,581
1469: 501,618,890,2115,2031,31,1544
1470: 949,1869,338,250,2052,267,638
1471: 811,1367,403,2198,552,2204,1848,1594,177
1472: 1921,2127,1062,532,889,2029,1917,364
1473: 1693,1570,1529,820,732,158,140,139,972,999
1474: 1095,1727,956,33,445,2186
1475: 1781,950,2048,2055,2030,508,217,767,1755
1476: 297,1854,741,1391,1771
1477: 1063,2138,464,1820
1478: 218,1982,420,1758,1994,783,394
1479: 951,1890,513,251,1883,1482,269
1480: 283,829,1534,298
1481: 35,1549,1705
1482: 2113,952,1726,951,1479,1890,921,695
1483: 692,2210,1983,408,1106,2213,963,2212,379,932,257
1484: 1785,861,22,1967,374,36
1485: 587,2079,904,477,421,2087
1486: 807,106,1422,1959,953
1487: 1632,812,844,1864,352,17
1488: 549,2190,1097,350,422,775,1958
1489: 2129,1065,1167,954,424,1138,2183,114
1490: 1430,1633,443,336,693,1773
1491: 423,1135,198,1183,197,1133,780,218,1812,219
1492: 249,2033,505,2117,471,955,925
1493: 683,75,1166,94,1429,424,1138,1101
1494: 550,1098,2196,246,1226,2197,813
1495: 1428,498,104,409,2009,1403,694
1496: 1148,576,826,1519,1554,629,159,428,180,1150
1497: 933,425,1381,225,1779,1099,2194
1498: 921,695,754,372,1842,1960,760
1499: 1887,345,1340,658,1836,2041,814,173,1578
1500: 364,696,876,1941,135,1288,1289,1344,662,2026
1501: 1415,1811,750,701,299,1801
1502: 1078,875,835,78,1649,2161,697,1937
1503: 956,1773,336,2182,1650,445
1504: 899,39,1824,892,698,1729,1007
1505: 1582,298,699,337,1775,436
1506: 96,1880,1139,2206,1004,540,815,1719,1143
1507: 270,957,1185,253,1898,1199
1508: 700,1715,185,204,203,1404,1174,938
1509: 953,1959,1961,958,642,107
1510: 1791,864,959,1320,454,449
1511: 816,1015,1122,29,1518,562
1512: 2104,1788,237,745,862,783,1329
1513: 934,1,1405,817,1401
1514: 2149,538,426,1075,1422,1074
1515: 1158,205,818,206,1320,226
1516: 1553,969,2056,1687,961,1746
1517: 1639,301,2082,2021,787
1518: 29,1462,1122,2091,1511,1015,427
1519: 826,1392,139,1301,1554,428,962,1148,1496,576
1520: 983,1641,37,1648,1912,995,611
1521: 179,1608,1182,428,962,794,1324,1183,1855,199
1522: 840,302,1952,1669,1975,852,774
1523: 2094,1023,1141,838,520,162,615,1846
1524: 2000,1983,1845,867,1043,1040,2068,1395,963
1525: 362,37,38,560,359,1912
1526: 649,1025,1980,1296,819
1527: 1696,964,1215,1678,994,619,1236
1528: 880,361,623,288,302,429
1529: 820,1446,687,138,1387,2005,732,709,1473,1570
1530: 939,323,1673,965,1723,1413
1531: 1224,297,1476,1391,821
1532: 2097,435,1546,913,1784,1859
1533: 823,496,1417,16,2012,1647
1534: 299,701,829,1480,298,699
1535: 608,848,2044,431,1053,1649,1783,712,1937,1453
1536: 227,1546,822,1998,1782
1537: 25,899,39,1552,1252,1689
1538: 1164,296,853,432,1165
1539: 14,1642,823,1628,843,1989,493
1540: 673,859,1371,1871,1265,1757,239,433
1541: 702,1143,1142,572,1294,2053,659,137,500
1542: 303,1956,603,1207,868,1850,316
1543: 703,1787,1640,982,513,2073,1620,1883
1544: 31,890,1469,2031,1583,1073,434
1545: 1202,601,967,2211,1579,259,973
1546: 227,1536,435,1782,1532,1784
1547: 1279,824,1861,1786,247,2178
1548: 1923,872,1888,40,2046,624,1247
1549: 1481
1550: 99,1901,1793,704,746,1118,1593,827
1551: 622,439,1615,845,164,1634,2100
1552: 674,41,25,1569,825,1537,1252
1553: 1516,969,450,961,1730,324
1554: 140,1301,1258,826,1519,629,159,1148,1496,576
1555: 766,873,937,1399,1358,1899,304,877
1556: 166,578,1155,1416,1816,866
1557: 1561,705,466,188,341
1558: 559,119,1118,99,1796,827,830,1974,1116
1559: 828,740,577,108,89,1834,596,1766
1560: 1312,1384,137,136,1379,928,706,157,1352
1561: 1557,2162,874,705,169,1662
1562: 457,966,1784,970
1563: 52,1636,839,1042,1071,707
1564: 370,1412,1951,1113,283,829
1565: 944,1445,162,615,1023,161,971
1566: 342,375,1796,837,1972,830,975,1974
1567: 1212,607,1179,1041,1987,339,708
1568: 931,1739,1080,2155,1268,42,1743,2050
1569: 1451,825,11,25,674,1552
1570: 1693,1473,138,1387,1529,820,2005,709,1575
1571: 172,814,173,1163,564,1996
1572: 51,2216,1039,710
1573: 353,1371,1871,200,1704,440,832
1574: 664,1230,399,397,1944,305,2043
1575: 709,512,2071,1693,1570,2201,2081,972,999
1576: 936,1394,1801,833,1582,731
1577: 514,1678,816,1015,1795,44,61,1215
1578: 173,1163,1499,1457,1836,645,898,2058
1579: 2001,1997,967,1545,718,381,1369,973
1580: 834,972,999,2081,1182,515,179,1608
1581: 1222,254,1291,1290,1059,711,272,2098,1976
1582: 1505,833,1576,731,436
1583: 2031,863,1544,1465,45,434
1584: 307,291,1458,1232,1365,306
1585: 1008,2050,1739,2044,2006,835,78
1586: 720,974,1663,1680,1980,1296
1587: 1326,1789,175,589,195,215,487,1954,1694
1588: 1410,1860,14,836,1211,2159,43,1989
1589: 402,308,1350,904,669,1910,477
1590: 540,2086,2161,1078,875,1004,437,1134,2158,97
1591: 704,746,848,456,712,80,79
1592: 407,1984,119,975,1974,1388,978,785
1593: 1796,827,704,746,1804,100,1907,99,1550,830
1594: 1848,196,1471,403,552,1135,1452,177,946
1595: 1891,935,653,48,1304
1596: 1468,309,1602,581,656,310
1597: 990,187,382,1665
1598: 260,1819,1985,261,259,976,1936,1261,1193
1599: 838,520,2150,845,539,568,1634
1600: 1647,847,496,2084,438,2111
1601: 714,1716,1244,386,1702,1278
1602: 581,1596,1165,310,481,311
1603: 49,1305,1389,1327,1032,1935
1604: 2002,784,1197,1257,1992,715
1605: 452,1679,1377,716,257,275,292,779,1441
1606: 724,2095,368,717,1400,1655
1607: 447,1664,50
1608: 179,1521,834,1580,1392,1182,428,962
1609: 977,1690,1623,1731,721
1610: 718,2001,1979,779,383,2025,291
1611: 1109,839,2214,1108,2217,1042,1991,1149
1612: 83,719,1713,2069,82,850,1817
1613: 1850,316,470,1029,720,974
1614: 978,120,975,342,1814,1984,802,1354,926
1615: 1411,845,144,622,439,1551,1634
1616: 1219,286,1839,840,1952,347
1617: 183,1445,182,1846,971,163,556,1293,1111
1618: 1839,1218,2165,543,1085,286,841
1619: 203,1175,1292,184,979,1154,1631
1620: 513,2073,982,842,517,1543,252
1621: 221,1769,1068,353,440,1271,220,1328
1622: 1418,1455,936,2166,417,1714,312
1623: 1690,726,1609,228,209,721
1624: 2082,1924,940,441,1018,906
1625: 1423,1684
1626: 442,1988,1450,448,379,2089,290,1666,274
1627: 731,1084,1714,313,436,1426
1628: 843,1642,823,496,1539,438,493
1629: 980,1884,458,1117,22,354,1785
1630: 480,1347,1056,82,1916,722
1631: 183,1292,184,1110,1619,1175,2133,202,588
1632: 1487,812,351,844,574
1633: 20,1430,8,1386,443,1490
1634: 164,568,1615,845,1551,1599
1635: 1146,4,1096,723,5,798
1636: 52,1563,1423,555,839,411
1637: 990,186,1067,1002,1159,1665
1638: 320,981,1688,1700,329,1691
1639: 1517,301,841,347,2021,314
1640: 849,982,1794,232,1900,1031,338,1543,1787
1641: 983,1520,1648,987,1682,995,1856
1642: 2012,846,1860,823,1539,14,1628
1643: 2008,1749,385,2064,214,984,1047,1692
1644: 2180,445,1650,653,1304,444
1645: 985,721,228,1861,1786,942
1646: 1420,986,186,1712,334,1002
1647: 1600,16,847,1533,496,2084
1648: 358,987,861,983,1641,1520,1682
1649: 1783,2044,431,78,608,1535,1502,1937
1650: 917,2182,1503,956,653,1644,445
1651: 2009,2023,988,1995,757,886,1866,694
1652: 1797,708,1794,339,393,849,982,842
1653: 58,1010,1052,59,2074,1454,809,1657
1654: 2021,314,315,774,1673,965
1655: 1606,2095,1333,1400,266,1425
1656: 464,1820,187
1657: 809,1653,59,495,2006,573,77,1145,1144
1658: 1907,81,1236,719,1817,1925
1659: 460,648,163,1132,1187,989,1154
1660: 1778,1174,1381,938,446,933
1661: 60,1370,2016,28,931,1210,507
1662: 169,168,1557,1561,993,188
1663: 1680,1586,317,1296,851,2015
1664: 1607,447,50,1034,941
1665: 382,990,1637,1597
1666: 274,1626,448,1377,290,873,937,1358
1667: 725,1036,84,1828,1214,406,609
1668: 188,341,1833,1676,726,189
1669: 1037,1975,1522,392,852,2056
1670: 1048,1393,262,2060,991,1733,997
1671: 1381,938,1404,661,449,225
1672: 333,853,1398,1771,676
1673: 965,1654,315,450,1530,1413
1674: 583,194,1177,905,176,1789,175,589
1675: 1355,377,992,929,1119,23
1676: 384,1690,993,1668,188,726
1677: 1825,1431,941,451,343
1678: 514,1577,1215,994,1527,1696
1679: 452,1605,292,779,943,1353,1441,617
1680: 1663,1874,733,1586,974,317,2015
1681: 63,1800,62,1055,2066,1054,2062,1706
1682: 869,1648,987,1641,995,1856,762
1683: 181,161,355,944,453,1707,1876,689
1684: 1423,996,2070,411
1685: 2196,913,454,864,1779,2097
1686: 2110,997,2112,529,2045,1050
1687: 455,1895,392,2056,1516,1746
1688: 981,317,318,1009,1638,320,2015
1689: 1252,627,39,1537,1007,998
1690: 384,1676,726,1609,1623
1691: 329,981,1638,497,1949,319
1692: 984,1047,1643,758,1439,2040,1798,1103,2205
1693: 1473,1570,820,709,1575,2081,972,999
1694: 1893,1954,1587,589,195,1019,216,1838,1753
1695: 727,1260,276,631,1318,277,405,1409
1696: 1527,964,80,1215,1678,456,1236
1697: 388,2042,728,1164,1012,296
1698: 946,196,1452,2055,897,1133,1969,767,1902
1699: 870,1334,1121,729,2147,1886,86
1700: 739,1741,1638,320,329,2028
1701: 1859,1284,457,966,264
1702: 1736,1716,1601,1000,640,1278,824
1703: 1855,199,200,1434,1150,673,1371
1704: 1711,685,1148,200,1434,1150,1573,832
1705: 1481,35,1433,458,968,354
1706: 46,63,1681,1800,1745,747,1011,2090
1707: 453,1467,1876,1683,1711,685,832,855,201,2131
1708: 1448,459,1437
1709: 1760,1962
1710: 1806,730,2020,1016,1194,389
1711: 685,1704,1707,1876,440,832,855,201
1712: 334,680,1646,1002,1158,206
1713: 719,1905,64,476,619,2069,1817,1612
1714: 1084,312,936,1622,1627,731
1715: 185,357,1815,204,1508,700,1404
1716: 714,1601,1736,1003,1000,1702,1278
1717: 483,1922,785,732,158,140,1300
1718: 1264,2039,1262,632
1719: 97,2160,2206,1004,540,2086,96,1880,1506
1720: 382,1597,1998
1721: 86,2147,1831,1460,948,1005
1722: 1874,733,1049,1331,2043,473
1723: 1946,1530,939,486
1724: 65,769,1026,1057,480,1347
1725: 734,1862
1726: 593,1017,252,952,1006,2113,1482,1185
1727: 693,856,956,1773,1200,33,1474
1728: 735,765,1986,1827,1896,466,1807
1729: 359,1888,892,39,1504,1007,40
1730: 2067,1413,450,1553,324
1731: 977,1609,985,721,208
1732: 609,1214,1216,858,498,857,104
1733: 279,736,900,991,1203,1670,1393
1734: 1966,1849,819,1332,325
1735: 1186,594,523,460,1930,989
1736: 189,1003,1716,228,209,1000,1702
1737: 474,1282,2065,511,126,167
1738: 1955,738,1428,412,694,1178,125
1739: 931,1568,2155,42,1370,1052,1008,2050,1585
1740: 211,742,2118,531,191,1127,2119
1741: 1858,1756,1894,320,1700,739
1742: 485,85,67,1903,84,1828
1743: 1268,42,634,2007,1568,1010,1052
1744: 591,2020,1774,212,389,1196,213,231
1745: 521,2144,46,2145,1706,1011,2090
1746: 326,961,1687,455,1516,492
1747: 1120,790,561,68,1180,1121
1748: 2042,279,1048,1393,2019,388
1749: 1041,1987,749,1752,2008,1643,214
1750: 69,395,1809,2137
1751: 103,1950,858,857,988,585,2023
1752: 487,764,749,215,795,1749,2008,385
1753: 414,508,1893,1954,1694,216,2048,1868
1754: 1949,1035,1297
1755: 236,745,217,1781,950,1475,1969,2078,778
1756: 1858,1741,475,669,1910,1894,755
1757: 239,1763,673,859,1540,1265,633,433
1758: 238,1812,1478,218,1982,783,394,1845,867,2022
1759: 91,71,1965,777,1383,902,1137
1760: 2028,329,1001,319,1709
1761: 1963,776,1013,1718,1264,322
1762: 38,2036,560,461,1119,2116,374
1763: 349,1183,423,859,1812,788,1265,219,1757
1764: 1935,672,1366,332,1940,2057
1765: 1857,93,675,1383,2072,73
1766: 109,878,1559,740,89,1834,596
1767: 333,916
1768: 860,801,8,20
1769: 221,1621,1068,440,2139,796,1328,415
1770: 641,147,1281,865,1799,1420
1771: 1391,1476,1398,741,1672,676
1772: 1453,1793,1783,688,437,1134,335
1773: 1503,956,1490,336,1727,693
1774: 2119,212,1248,742,2020,2120,389,1744
1775: 1505,1582,337,871,436
1776: 490,2074,1454,1246,75,1166,683,792,1429,573
1777: 1968,652,802,489,744,743,413,1256,1258,1225
1778: 1174,1660,224,1459,588,1447,446
1779: 1099,454,225,1497,2196,1685,550
1780: 141,2175,1125,802,1402,926,1968,744,743
1781: 950,1475,2055,414,508,217,396,2078,1755,236,778
1782: 435,822,226,1791,1536,1546
1783: 1649,608,848,1535,875,688,1937,1453,1772
1784: 227,1546,1532,970,1562,966
1785: 1484,861,22,1629,980,358
1786: 1861,228,1000,1645,1547,824
1787: 703,1543,1900,1640,849,982,949,338
1788: 2104,1512,237,745,530,1058,1329,1323,255,960
1789: 1587,1326,583,194,1674,1177,365,1014,175
1790: 920,890,438,2111,879,863,2031
1791: 864,1510,1320,226,435,1782
1792: 213,1179,607,591,1181,1794,339
1793: 79,1453,1772,704,1134,335,1118,1901,1550
1794: 232,339,1792,1179,1181,1652,1640,849
1795: 1021,427,816,1015,44,514,1577
1796: 1593,827,100,81,837,1558,830,1566
1797: 708,1652,393,842,517,233,2088
1798: 854,1810,2064,984,1692,234,2199,1103
1799: 865,1155,1770,1420,1416,334
1800: 63,1681,62,1054,1706,476,747,1011
1801: 833,1501,1415,340,299,1576,1394
1802: 752,1821,222,796,748,415,416
1803: 1322,553,2200,396,2078,236,1058,1329
1804: 100,964,80,1236,746,1907,81,1593
1805: 192,193,749,795,1212,1041
1806: 1710,730,171,586,621,1016
1807: 1833,466,1728,735,341,468
1808: 1040,2068,1845,2104,237,960,1223,256,525
1809: 462,395,2134,1750,2137,536
1810: 1798,854,234,233,2088,252,1006,1017
1811: 268,410,1442,686,750,1501,1415
1812: 238,1758,197,780,423,1491,1763,218,788,219
1813: 1018,906,787,323,1946
1814: 1124,1335,342,375,1614,1402,926
1815: 204,1881,166,1715,185,357,866,1404
1816: 1416,1556,166,680,463,866,1158
1817: 850,1925,1236,719,1713,1658,81,1612,83
1818: 2057,790,87,751,68,1334,665
1819: 260,1598,1205,882,241,1202,1985
1820: 464,1477,691,1656
1821: 752,1802,222,1070,535,2136,748,416,1449,1309
1822: 2038,893,242,1826,243,1192
1823: 401,1943,850,1925,83,101,102,1363,1124
1824: 1873,465,2059,698,899,39,1504
1825: 1677,1431,332,343,751
1826: 242,759,1822,2076,1870,243,1192,900
1827: 1087,479,705,1896,466,1728
1828: 84,1036,1667,85,1742,1214,609,1216
1829: 756,1315,786,1406,132,344,112
1830: 754,269,753,1343,285,1455,1842
1831: 105,1886,1721,86,768,1005
1832: 467,1973,1549,710,968
1833: 1807,1668,341,468,189,1003
1834: 89,577,2024,670,1559,499,1766
1835: 1356,1151,1965,91,670,1152
1836: 153,1457,2041,345,1499,154,173,1578,1163,898
1837: 2118,770,531,1927,565,1971,346,1127
1838: 216,2048,589,1362,1019,503,671,1694,2030
1839: 1618,1616,286,841,347
1840: 348,630
1841: 111,678,1336,1136,131,2017,1020
1842: 285,1455,754,1830,1498,1960
1843: 1465,2091,45,1055,1021,427,2062
1844: 1022,2067,1730,324,791
1845: 867,1043,2022,1758,783,394,1808,1040,2068,2000,1983,1524
1846: 182,971,2094,1023,1523,1131,163,1617
1847: 945,469,717
1848: 196,1594,1461,1471,403,1024,503,671,897,946
1849: 819,326,1025,797,1734
1850: 1613,316,1542,868,1895,1029
1851: 2096,2090,1026,518,1011,1056,480
1852: 903,2076,808,1447,446,244,1947
1853: 2014,92,800,1345,1088,579,504,2189
1854: 1027,2049,2045,297,1476,741
1855: 199,1703,1521,794,1183,1150,349,673,859,1371
1856: 995,1641,869,1682,762,1464,1220,1221,55
1857: 1765,1464,93,1220,419,1157,73
1858: 1741,1756,1910,894,755,739
1859: 1701,1284,913,1532,2097,966
1860: 1364,350,1146,846,1642,1588,1410,14
1861: 1786,1645,1547,942,248,247
1862: 351,734,1725,1934,773
1863: 1406,1136,504,92,678,1336,756
1864: 844,1487,352,6
1865: 368,248,1938,247,945
1866: 886,1651,757,144,124,439
1867: 2101,925,249,250,2052,947,1338
1868: 385,764,1893,414,217,1753,1047,758,1439
1869: 949,1470,338,391,1900,250,2052
1870: 903,2076,1826,759,900,2060,991
1871: 353,1371,1573,673,1540,1271,433
1872: 270,372,760,1184,1424,287
1873: 1824,478,1913,761,465,2059
1874: 733,1722,1049,470,974,1680
1875: 968,354,467,1884,356,2215
1876: 453,1707,180,355,1683,181,1711,685
1877: 762,1464,93,651,869,1303
1878: 980,1884,356,358,54,1302
1879: 1333,912,2184,471,2095,2101,925
1880: 96,1506,97,2160,1719,1143,572,116,1294
1881: 1187,989,594,166,578,185,357,1815
1882: 1396,472,804,295,908,1468
1883: 1275,251,703,1543,513,1479
1884: 1629,980,354,1875,356,2215,1878
1885: 557,1331,1115,473,1112
1886: 105,1831,1699,870,590,86
1887: 345,1499,763,1317,658,491,814
1888: 359,1729,362,40,1923,1548
1889: 871,313,940
1890: 951,1479,513,2073,252,952,1482
1891: 1595,1028,935,48
1892: 1063,2138,474,1283,2141,167,2130
1893: 1954,1694,487,764,216,385,1868,414,1753
1894: 1009,1112,475,1741,1756,320
1895: 1687,455,868,392,1850,1029
1896: 129,1915,1827,479,1728,765
1897: 522,2098,272,1199,1346,600,1241,1030,927
1898: 253,1351,1185,272,1507,1199,522
1899: 289,1911,1932,766,1555,603,304
1900: 1031,232,391,1640,1869,338,1787
1901: 99,1550,79,1793,704,335,1118,559
1902: 420,1969,767,897,1698,946,1133,1982,1994
1903: 663,1032,67,672,485,1742
1904: 644,1955,738,768,2004,1286
1905: 719,1713,1238,64,476,619,1236
1906: 255,960,1323,1223,525,273,442
1907: 1658,81,964,1236,1804,100,1593
1908: 1347,769,1916,406,1380,668,1421,681
1909: 1360,684,134,690,1432,789,360
1910: 669,1589,477,1858,1756,755
1911: 289,1899,288,603,361,303
1912: 362,37,1525,1520,1923
1913: 1981,478,378,817,761,1873
1914: 1051,885,998,627,2046,363
1915: 2172,544,2171,479,1896,129
1916: 722,1347,1630,769,1908,1168,668,681
1917: 134,690,2029,1921,1472,360,1941,364,876
1918: 481,1310
1919: 1996,174,1163,883,194,1213,365,1014
1920: 914,2099,482,654,782,1990,1953
1921: 1472,532,889,115,1917,366,1142,1374,364,696
1922: 489,483,1717,120,785,1968,652,140,1300,1258
1923: 1548,872,362,1888,1912,1978
1924: 1426,484,2168,940,1624,2082
1925: 850,1817,1658,81,1972,101,1823
1926: 1932,772,612,2089,290,1444,766,873
1927: 1129,152,613,565,1971,770,531,1837
1928: 2167,2170,1250,2162,874
1929: 1106,2213,1223,256,1988,379
1930: 460,164,568,2100,523,1033,1186,1735,1132
1931: 321,771,421,1311,1013,1264
1932: 1926,772,1444,766,873,289,1899
1933: 117,1316,666,400,367,1339,2085,706,512
1934: 806,1862,5,773
1935: 1764,672,1032,49,1603,1366
1936: 976,1202,260,1598,259,1382,1193,1260,277
1937: 688,78,1649,1783,1535,1502,1078,875,437
1938: 247,2178,1093,368,1865,724
1939: 284,369,2107,918,1456,370
1940: 790,1764,672,485,2057,1120
1941: 690,1917,360,364,876,1500,153,1288,154
1942: 2112,263,903,1947,262,2060
1943: 401,1823,102,1363,121,1125,563
1944: 397,877,1399,943,399,1574,305
1945: 499,131,89,878,110,2017
1946: 1723,1813,323
1947: 1342,244,903,2076,1852,1942,263
1948: 910,493,843,879,30,863,1462,2091
1949: 1754,497,1691,328,319
1950: 103,1751,1380,1421,1170,857,1076,585
1951: 1208,558,2107,1564,370,1113
1952: 347,1616,840,1522,314,774
1953: 67,782,482,1920,1990,1036,84
1954: 1893,1694,1587,1326,195,1019,487,764,1753
1955: 738,1738,590,412,105,768,1904
1956: 303,1542,880,361,1037,868
1957: 1375,371,922,1419,2114,7
1958: 775,1488,350,1410,1373,836
1959: 1460,106,1486,1509,953,958
1960: 760,1498,372,1455,1842,300,417
1961: 1509,953,107
1962: 1262,1038,632
1963: 1761,776,1310,322
1964: 7,1375,2027,373,501,618
1965: 72,777,1151,1835,91,1759
1966: 1734,488,1332
1967: 22,924,1407,2116,374,1484
1968: 1777,652,802,1354,1780,489,1922,743,1256
1969: 420,767,1902,1698,950,1755,862,778,1994
1970: 1051,885,2007,57,1246,58,490,1454
1971: 565,491,1927,172,1837,346,564
1972: 837,81,1925,101,1566,375,1124
1973: 1832,467,710,1572,1039,53
1974: 830,975,827,559,119,1558,1566,1116,1388,1592,978
1975: 1669,1037,840,302,880,1522
1976: 376,1346,711,1222,1581,254,2098,612,927
1977: 24,1355,810,1195,1466,1397,377
1978: 624,1923,872,628,611,881,1255,56,1254
1979: 292,779,718,1610,1458,291
1980: 1296,1586,720,1025,492
1981: 895,1,1440,378,1913,817
1982: 1478,218,197,1133,780,420,1902,1758,1994
1983: 2000,1524,1845,1040,408,256,1106,2213,963,1483
1984: 1592,407,975,978,120,1614,785,2005,483
1985: 261,882,2037,260,1598,1819,1193
1986: 1728,735,765,1438,1189,149
1987: 1041,1749,1567,1212,708,393,2064,214
1988: 442,1626,1450,1223,1929,448,379
1989: 43,1588,1539,14,1211,910,493
1990: 2077,782,482,1920,524,1953,725,1036
1991: 575,1149,1611,2217,1042,72
1992: 715,1604,1257,2191,934,1385,380
1993: 1267,2132,108,740,1269,494,544
1994: 862,778,420,1969,1902,1478,1982,745,783,394,237
1995: 988,585,1076,2185,1651,2153,757,123
1996: 1919,174,1571,1163,564,883,1213
1997: 1104,2212,554,967,2211,381,1369,1579
1998: 382,822,1720,1536
1999: 662,2026,896,136,500,928,1325,884,1463,2035
2000: 1983,1524,1845,1043,1040,408,1395,2123,963,692
2001: 1579,718,381,973,1610,383
2002: 1604,348,1257
2003: 2169,384
2004: 768,1005,2065,644,1904,126
2005: 785,732,1388,687,407,1984,1529,820,1570,158
2006: 495,1052,59,2050,1585,1657,835
2007: 363,634,885,1743,1970,58,1010
2008: 1643,749,1752,764,1749,385,214,1047
2009: 1651,2023,498,988,1495,886,694
2010: 586,621,1244,190,386,229
2011: 1390,887,924,1117
2012: 846,1642,1146,430,1417,1533,823
2013: 132,1336,1020,1044,344,151,1128
2014: 1853,92,1088,545,2189,756,786
2015: 851,1663,1680,981,317,1688,497
2016: 541,387,2155,606,28,931,1661
2017: 110,526,1945,131,111,1841,1020
2018: 1045,69
2019: 279,1393,604,1748,2042,1173,388
2020: 1248,742,1710,730,1774,389,1744
2021: 1654,314,1517,1639,787,965
2022: 1845,867,1043,238,1758,788,219,633,1263,1395
2023: 1651,2009,1751,858,498,988,585
2024: 670,1152,577,569,89,1834,499
2025: 383,276,1610,727,307,291,888
2026: 662,896,1999,1500,1289,1344,1325,884,398
2027: 2084,793,1375,1964,920,501
2028: 1760,1700,739,329,1038
2029: 134,690,1917,2129,95,2127,532,1472,364
2030: 2055,897,503,671,196,216,1838,2048,1475
2031: 1583,1790,890,1469,863,1544,1465,434
2032: 902,2072,800,1137,1136,504
2033: 599,210,1169,505,2117,1492
2034: 891,564,883,1127,1126,1213,192,193
2035: 506,1463,156,1999,136,928,884
2036: 38,1762,560,1119,1436,892
2037: 1046,882,2038,1985,261,1192
2038: 1822,1449,2108,893,1046,2037,1192
2039: 502,894,739,1718,1264,1262
2040: 758,1439,1692,396,1103,2205,553
2041: 153,1457,1836,1340,1432,789,360,345,1499
2042: 1748,1048,2019,528,1697,388,1012
2043: 1331,664,1574,305,1049,1722
2044: 507,431,1370,1008,1585,78,1649,1535
2045: 2049,1050,1686,2110,1854,1027
2046: 40,998,1548,1051,1914,1247,57
2047: 1195,1359,24,1440,895
2048: 216,1838,2055,897,2030,508,1753,1475
2049: 2045,1050,281,390,1854,297
2050: 1008,1585,42,1739,1568,1052,59,2006,835
2051: 94,584,1156,509,113,1167,424
2052: 250,249,955,391,1867,1470,1869
2053: 135,1142,1374,572,702,1541,662,896,500
2054: 562,1210,1122,60,507,1217,1053
2055: 897,2030,503,2048,1698,508,1781,950,1475,767
2056: 969,1669,392,852,1687,1516
2057: 1818,1764,332,790,1940,751,68
2058: 898,1161,1578,1163,174,583,194
2059: 11,25,761,1824,1873,899
2060: 262,991,903,2076,1870,900,1942,1670
2061: 505,510,1194,1196,599,231,955
2062: 1054,2075,1843,45,1055,1021,427,1681
2063: 901,2131,1467,556,1070,1111,752,222
2064: 393,214,1987,1643,984,234,233,1798
2065: 948,1005,2004,511,126,1737
2066: 1073,434,1055,2143,63,1681
2067: 1730,1413,939,791,1844
2068: 1808,1040,783,394,1845,867,2104,237,1524
2069: 1056,82,64,518,1713,1612
2070: 1684,411,462,1045,395
2071: 709,512,1575,367,907,2085,657,2201,1107,2081
2072: 902,2032,1383,1765,73,800
2073: 513,1620,517,2088,1543,252,952,1890
2074: 490,1776,1454,1653,809,683,792,573,1145
2075: 1054,2062,1021,62,514,1238,994
2076: 903,1852,1870,1308,808,1447,1826,759,1947,2060
2077: 1990,782,524,1057,65,725,1036
2078: 396,217,1781,1439,1755,236,745,553,1803,1058
2079: 1485,587,679,1172,294,904
2080: 1325,1289,1344,1161,398,583,1177,905,176
2081: 1107,1575,2071,1693,2201,1580,972,2207,515
2082: 1624,1924,484,301,1517
2083: 603,304,397,877,1207,1206,305
2084: 2027,847,793,1600,1647,2111,920
2085: 907,706,1384,117,1316,1933,367,1339,1312,512,2071
2086: 540,1590,2161,1078,875,1004,516,2158,1719
2087: 771,421,1485,587,295,908
2088: 234,233,1797,517,1810,2073,252,1006
2089: 612,909,1626,1450,290,1926,772,873
2090: 2096,1851,1026,1706,521,2144,1745,518,1011
2091: 1465,1843,1948,30,1462,1518,1015,427
2092: 235,519,2202,2199,1103,2205,1322,553,2200,1291,1105
2093: 373,2114,911,1386,7,18
2094: 1023,1523,520,568,1131,1846,163
2095: 724,1606,1333,1879,912,1655,266
2096: 1851,2090,1026,521,2102,524,1057
2097: 1532,864,435,913,1685,1859
2098: 522,1897,711,272,1581,1976,1346
2099: 914,482,1920,548,66,1307,654,782
2100: 622,1551,164,1242,523,1930
2101: 1867,925,1333,1879,915,947
2102: 47,1306,521,782,2096,1026,524,1057
2103: 432,1165,916,311
2104: 1788,1512,237,862,1329,1808,2068,1323,960,525
2105: 917,653,48
2106: 130,110,526,1153,1227,1231
2107: 558,682,918,1939,1208,1951,370
2108: 416,1449,748,1443,882,527,1046,2038
2109: 919,922,801,2114,911
2110: 1686,997,1048,2045,528,1027
2111: 438,879,1600,2084,920,1790
2112: 1942,263,262,529,1686,997,1050
2113: 1482,952,1726,593,1185,921,695,957
2114: 922,2109,1957,7,2093
2115: 1235,618,1469,31,923,1072
2116: 374,924,461,1407,1967,1762,560
2117: 2184,471,1169,546,2033,1492
2118: 770,531,1837,613,2121,1248,1061,211,1740,1127
2119: 1774,212,211,1740,742,191,1060,2120
2120: 1060,607,191,1774,2119,212,192,213
2121: 616,150,613,2118,770,1061
2122: 1062,889,570,2208,1139,95,815,115
2123: 408,1395,1263,1273,1064,2125,2000,534,2128,692
2124: 545,2189,2183,954,2129,1065,2174,1360,684
2125: 1273,1064,1270,636,2123,534,2128,1066
2126: 220,1270,636,1272,258,1066,637
2127: 95,114,2129,532,1360,134,2029,1472
2128: 534,1064,2125,1270,2123,1066,1104,554,2211
2129: 1489,1065,1138,2124,95,114,2127,1360,134,2029
2130: 1067,2141,1063,1892,986,186
2131: 2063,901,1467,1707,2139,201,752,222
2132: 639,1277,1069,108,1160,494,1993
2133: 535,2136,1110,1070,1111,1631,202,223
2134: 1071,620,462,52,1809,536
2135: 533,2138,1477,691
2136: 535,2133,1070,752,1821,202,416,655,1309
2137: 536,1809,1750,1239,1237,90
2138: 1063,1892,533,1283,2135,1477
2139: 201,440,855,2131,1769,1068,796,222
2140: 1341,69,1750,667,88,70
2141: 167,1063,1892,986,2130
2142: 46,2143,1072,19,32,2145
2143: 2142,46,31,1072,1073,2066,2145,63
2144: 521,1745,46,537,32,2145,1306,2090
2145: 537,32,2142,46,2143,2144,1745
2146: 2148,538,451
2147: 729,1699,106,1074,1721,86,1460
2148: 2146,538,1075
2149: 343,87,538,426,1514
2150: 2152,1077,1411,845,539,838,1599
2151: 1141,539,2177,1077,571,1435,838,615
2152: 2150,142,143,123,1077,1411,845,539
2153: 143,122,1076,2185,585,1995,2188,757,123
2154: 1079,98,1134,1130,118,1295,567,1361
2155: 541,387,2016,1081,1080,1268,931,1739,1568
2156: 1373,404,1081,2159,541,387,606
2157: 1080,674,41,1378,1081,27,1266
2158: 437,1134,875,540,1590,2086,97,98
2159: 836,1211,1588,1373,2156,541,606
2160: 97,1719,540,1880,1079,98,116,1294
2161: 1144,697,77,1502,1078,1004,516,1590,2086
2162: 2167,1928,1082,874,2163,169,1561
2163: 1083,168,1082,2162,169
2164: 543,1085,2166,1084,312,2168
2165: 1218,1424,300,2166,1085,1618
2166: 300,417,1622,2165,312,1085,2164
2167: 1928,542,1082,2162
2168: 484,1084,543,2164,1426,1924
2169: 168,993,2003,384
2170: 1250,1928,148,874,1087
2171: 148,635,1269,2172,544,1915,479
2172: 544,1915,1267,2171,1190,129,1086
2173: 1298,1299,1191,1086,781
2174: 1089,545,2183,2124,1315,786,1360,684,1432
2175: 1780,141,1125,1090,744,743,2177,1092
2176: 640,1278,1171,229,2181,1091
2177: 1092,1077,2175,142,744,571,1435,2151,539
2178: 1938,247,1547,1279,230,1093
2179: 1430,1094,336,34,2182
2180: 1644,445,1095,444,1307
2181: 230,640,2176,1279,546,1091
2182: 34,2179,336,1503,917,1650
2183: 545,2189,2124,113,2187,954,1489,1065,2174
2184: 2117,471,230,546,1093,1879,912
2185: 1076,122,547,1995,2188,142,143,2153
2186: 548,33,1095,1474,1204,602
2187: 113,509,1088,579,1167,954,545,2189,2183
2188: 142,1090,1125,122,547,2185,143,2153,1092
2189: 545,2183,2124,1088,579,2187,954,2014,1853,786
2190: 549,1488,1408,1337,2192,1097,422
2191: 1257,2,1992,1096,3,1385,380
2192: 798,1337,3,4,549,2190,1364
2193: 1096,630,2,1368,723
2194: 799,1497,425,1099,1342,550,1098
2195: 1285,245,264
2196: 913,1685,1779,1494,550,246
2197: 1226,281,799,1494,1098,529
2198: 657,1102,1312,157,1313,1352,811,1471,552,2204,178
2199: 1103,2205,1798,854,2200,1017,235,519,2092
2200: 1322,553,1803,2199,2205,1058,235,2092,646,1105
2201: 657,1102,907,512,1575,2071,1107,2081,178,515
2202: 235,519,2092,593,1291,1185,253,1351
2203: 792,1429,573,1100,570,551,2208
2204: 552,178,566,157,1102,2198,811,1471,177
2205: 2199,1103,1692,2040,396,854,553,2200,2092
2206: 1004,516,77,76,1139,815,96,1506,1719
2207: 1182,515,1102,1107,2081,178,566,179,592
2208: 570,551,2203,573,1100,76,1139,2122
2209: 1138,1101,1429,424,570,551,95,114
2210: 1483,692,1106,963,1104,2212,716,932,257,1369
2211: 967,2128,258,1066,637,1997,1104,554,1545,601
2212: 1997,1104,554,534,1483,692,2210,257,275,381,1369
2213: 1106,1929,963,1040,1983,1223,256,1483,379
2214: 1109,839,1611,2216,53,555
2215: 356,1108,467,1875,1884,53,1109
2216: 1572,51,1039,53,555,1109,2214
2217: 356,1108,1109,1611,54,651,1991,1149