0: 1359,1195,2047
1: 930,1349,817,1981,1513
2: 1257,630,2193,2191,1096,3
3: 1096,2,2191,380,1337,798
4: 1146,1096,1635,798,2192,549,1364
5: 1147,723,1934,773,1635,1146
6: 919,1864,352,371
7: 2114,2093,1957,1375,1964,373
8: 911,1386,801,1768,20,1633
9: 887,10,1390,805,1407
10: 
11: 1401,761,12,1451,2059,25,1569
12: 26,1451,1405,13,11,1401
13: 1405,1385,380,1408,12,26
14: 1539,1989,1860,1642,1588,1410
15: 430,1635,5,1147,1146,4,846
16: 847,1647,574,812,1417,1533
17: 352,1487,812,1419,847,793
18: 2093,1386,373,443,1235,1234
19: 1200,32,923,1427,1072,2142
20: 1633,1768,860,1430
21: 2011,1433
22: 1629,2245,1117,924,1967,2239
23: 929,478,1675,1119,2234,1436,465
24: 1195,2047,1355,1440
25: 11,899,2059,1569,1537,1552
26: 12,1451,1405,13,1408,1097,831
27: 1266,41,2157,1080,634,1268
28: 606,1211,541,2016,1122,2238,931,1661,60,1210
29: 910,1462,2240,1123,1518,1511
30: 1948,879,910,1462,1583,863,1465,1843,2091
31: 1544,1073,1469,2115,923,1072
32: 1200,19,1204,2142,2145,2144,537
33: 1204,1727,856,1200,1474,2186
34: 2179,2182
35: 1481,21,1433,1705
36: 560,37,1484,374,861,983
37: 36,560,362,1525,983,1520,1912
38: 2036,2242,892,560,1525,359
39: 1504,698,1824,899,1537,1689,1007
40: 1007,998,1888,1729,1548,2046,1247
41: 674,1252,1552,1378,2157,27,1266
42: 1268,1743,1568,1739,1010,1052,2006,2050
43: 2240,1588,1989,1211,606,1123,2238
44: 61,1215,2244,816,1217,608,1577
45: 1583,1465,1843,434,1055,2062
46: 2142,2143,63,2145,2144,1706,1745
47: 782,602,654,2102,1306,524
48: 653,1304
49: 1034,1366,1389,447,1603,1935
50: 1664
51: 1039,2216,1423,555
52: 411,462,1636,1563,2134,1071
53: 1109,2215,467,1973,1039,2216,2214
54: 2217,1149,356,1108,1878,1302,651
55: 1220,1856,1221,1255,419,1157,74,1156
56: 584,1254,1166,628,881,624,1978,1255,1156
57: 1246,2046,1247,1051,885,624,1970,490,1776
58: 1010,1653,885,2007,1970,1454,490
59: 1052,2006,1010,1653,2050,809,1657,495,1144
60: 1661,1370,28,2054,1210,507,431,1053
61: 44,1215,2244,1217,608,848,456,712,1591
62: 1681,1800,1055,1054,2075,1238,1905,476,747
63: 46,2143,2066,1681,1800,1706
64: 518,747,1905,476,1713,2069
65: 1724,769,1347,1026,1057,2077,725,406
66: 1305,444,1307,2099,914,1327
67: 1903,482,663,84,1953,1742
68: 1334,2236,1121,790,1818,665
69: 2018,395,1341,2140,1750
70: 1277,2140,1750,2137,88
71: 91,1759,1152,902,569,1137
72: 1042,707,1991,575,1151,1965,777
73: 1857,1765,1157,2072,800,1345
74: 419,1157,1220,55,1255,1156,509,2051,579
75: 1776,624,1246,490,1254,1166,1493,683,792
76: 1139,1100,77,1145,2208,2206,516,2122
77: 1100,1145,697,1144,573,2161,76,1139,2206,516,2086
78: 835,1502,1008,1585,2044,697,1649,1937,875
79: 1453,1793,848,456,712,1591,1772,704,746,1901
80: 1696,964,1215,456,1591,746,1804,1593
81: 1658,1907,1236,1804,100,1817,1925,1796,837,1972,101
82: 1612,2069,480,1630,1056,83,722
83: 1612,82,1630,850,722,101,401,1823
84: 1953,1036,67,1667,1828,1742
85: 2241,1742,1828,609,1216,1120
86: 729,1699,2147,1886,1721,1831
87: 751,1818,2149,343,665,426
88: 2140,1276,1277,70,582,639
89: 1834,499,1945,2024,1559,1766,878,110
90: 1069,1237,2137,536,1239,577,828
91: 71,1759,1151,1965,777,1835,1152,902
92: 504,1863,1853,1088,1136,2014,1406,756,786
93: 1303,1877,1464,675,1765,1857
94: 424,584,1166,1156,2051,1493,113,1167,1138
95: 114,2127,532,1138,2209,570,551,2129,1062,2122,2029,889
96: 1880,1506,2206,815,115,1719,1143,1142,572,1294
97: 2160,1719,1004,540,1590,2158,2262,1880,1079,98,2154,116
98: 1079,2154,1130,540,2158,2262,2260,97,2160
99: 1901,1550,2227,704,1593,1118,827,559,2233,1558
100: 1804,1593,1907,81,827,1796,837,1972
101: 102,2248,81,850,1817,1925,83,1972,1943,1823,1124
102: 101,2248,1972,1943,1823,1335,1124,121,2246
103: 1214,1380,406,1421,857,1170,1751,1950
104: 409,498,1732,1216,561,858,1495
105: 1886,590,412,1831,768,1955
106: 1074,2147,1422,1486,1460,1959
107: 1509,1961,642
108: 828,740,1069,2132,494,1993
109: 596,1766,1267,878,1190,1191,1153
110: 2017,526,89,1945,878,1153,130,2106,1227
111: 1137,1136,569,131,1336,1841,678
112: 1315,1829,1089,132,344,133,1317,658
113: 2187,954,1156,509,2051,94,579,1167,2183
114: 95,2127,1489,1138,2209,2129,1065
115: 815,570,1139,1062,2122,96,1921,889,366,1143,1142
116: 1294,647,1880,97,2160,1719,1079,572,1295,2264,659,117
117: 1933,1316,116,647,1295,666,2264,1314,2085
118: 2232,2268,2154,1130,2264,1361,567
119: 559,2233,1974,1558,2226,1446,1116,1592,1388
120: 978,1614,1592,1984,1354,785,489,483,1922
121: 2246,2247,102,2248,1943,1335,1124,2249,1402
122: 1076,2185,1168,1363,1170,563,547,585,2188,2153
123: 757,144,1995,143,2153,1866,2152,1411
124: 1178,694,886,1866,622,439,1240
125: 145,1178,1738,738,1240,1286
126: 2065,2004,644,1737,1281,737
127: 107,533,2135
128: 1276,1251,626
129: 1896,2172,1915,1086,781,765
130: 2106,1227,110,1153,1298,1299,650,1231
131: 569,111,499,1945,1841,2017
132: 344,1128,1336,1406,756,1829,2013,112,2257
133: 1340,1432,1315,1089,112,1317,658,345
134: 1360,1909,2129,2127,1917,690,2029
135: 2053,1142,1374,696,1500,500,662,2026,896
136: 1379,928,702,500,896,1999,1560,884,506,2035
137: 659,1314,1541,647,702,500,1316,1379,1560,1384
138: 1387,367,1339,400,2226,1446,1529,687,1570
139: 158,140,1473,820,834,999,826,1392,1519
140: 158,139,732,1922,1717,1473,1300,1301,826,1392,1554
141: 1780,2175,1402,2247,2249,1090,1125
142: 143,2185,2188,1090,2177,1092,2152,1077
143: 2153,142,2185,2188,123,2152,1077,1411
144: 757,123,1866,1615,1411,845,439
145: 125,738,1240,1286,1242,1287,146
146: 1287,1280,145,1242,523,1186,165
147: 1770,1281,167,737,1420,986
148: 2170,1250,635,2171,1087,479
149: 1244,190,1986,1438,1189
150: 650,1231,613,1229,1188,616,2121
151: 2257,1044,2013,1128,1227,2256,1231,613,1229,1129,2254
152: 2256,344,1128,2257,763,1317,658,2254,2255
153: 1457,1836,2041,789,360,1941,645,154
154: 645,1288,789,360,1941,876,153,1457,1836
155: 1176,803,1357,1461,589,1362,1024,503,671
156: 506,2035,1463,1313,803,1357,1461,1367
157: 1313,1352,2198,1560,1312,907,706,657,1102,2201,811,2204
158: 140,139,2005,732,1717,1473,820,999,826
159: 160,1228,629,1554,1148,1496,576,180,355
160: 1228,629,159,1301,1256,1258,571,1225,1140,181
161: 944,1565,1445,1140,181,162,615,1023,1683,355,453
162: 615,571,1141,1023,1523,1565,161,971
163: 2269,2266,2258,1846,1659,1132,648,1293
164: 2100,622,1551,1634,568,2265,523,1930,1033
165: 1287,1280,146,1186,594,1155,578
166: 578,1881,1816,1556,1815,357,866
167: 737,474,1737,147,2141,986,2130
168: 2163,169,1662,2169,993
169: 1662,1561,2162,168,2163
170: 1249,595,781,2173,1298,1299,1438,1188,149
171: 1233,625,1245,1248,621,586,1806,730
172: 814,1571,491,1971,346,564,2251
173: 814,1571,1887,1499,1836,1163,1578
174: 1919,1996,1163,2058,883,583,194,1014
175: 589,195,194,1674,1177,1587,1326,1789
176: 1177,905,1161,1325,2080,398,1463,1674,1176,803,1357,589
177: 1135,1452,1471,552,2204,566,1594,2263,946,2261
178: 552,2204,566,2198,1102,2201,2207,1107
179: 1608,1580,834,1182,515,962,592,794,1324,1521
180: 1228,629,159,181,1148,1496,1683,355,1434,685,1876
181: 1140,571,160,1228,615,180,1683,355,944,161
182: 1846,971,1023,1445,2269,2266,1111,1617,556,1293
183: 1631,2219,1111,1617,556,184,1293,1110,2220,2133
184: 1293,648,1617,1292,1631,2219,183,1175,1619
185: 1659,1187,1881,979,1154,1815,1715,357,1508,700,203
186: 986,1646,1067,2130,1002,1637
187: 990,1597,713
188: 993,1662,1557,1668,341,1676
189: 726,1668,1833,1736,1003,209
190: 149,1244,1189,1245,386,2010,621
191: 1740,2253,1127,742,2120,2119,1060
192: 1060,607,2253,1126,2034,2120,1805,2252,193,1212
193: 1805,2252,1126,2034,1213,365,192,795,1212
194: 583,1674,2058,174,1919,905,1014,1326,1789,175
195: 175,589,1177,1587,1789,1019,1954,1694
196: 1848,1594,1024,503,1452,897,2030,1698,946
197: 1491,1135,1452,198,2263,2267,2261,2259,423,1812,780
198: 592,2263,566,1135,1324,1183,2267,2261,1491,197,423
199: 1703,962,576,794,1324,1521,1150,673,1855
200: 1434,1150,1148,1703,1704,673,1371,1573,832
201: 2139,2131,1711,453,1467,1707,855,901,222
202: 223,2221,1110,1631,2219,535,2136,2133,588
203: 1508,700,979,185,1175,1619,224,588,1174
204: 1404,1815,1715,1321,866,1508,661
205: 1320,1515,959,1321,463,1158,661
206: 580,818,1712,680,1002,1158,1159,1515
207: 227,1720,1998,1536
208: 1731,459,985
209: 1623,228,726,189,1736,1000
210: 1016,1194,586,1171,1169,1091,2033,599
211: 1248,1061,2121,2118,531,1233,1740,742,2119
212: 591,1774,742,2120,2119,1744,213
213: 1179,2120,2119,607,591,212,1181,1792
214: 393,2064,1987,1041,1749,2008,1643,708,984,233
215: 749,795,1213,365,1326,1805,487,1752,764
216: 1838,2048,1019,1893,1694,2030,1753,414,508
217: 414,508,1868,1753,1781,1475,1439,396,2078,1755
218: 1478,1982,2267,420,238,1812,780,394,1758
219: 788,1265,1491,1763,423,238,1812,780
220: 1270,636,2126,1271,433,1621,1272,1328,221
221: 1272,1328,1271,1621,1769,1068,220,2126
222: 752,1821,1802,2139,201,2131,2063,796,1068,415
223: 202,2221,535,588,1308,655,418
224: 588,1175,203,1778,1174,1459
225: 449,1671,1381,454,1779,1497
226: 580,818,1320,1515,822,1782,1791
227: 207,1546,1536,1784,970
228: 1623,209,1000,1645,721,1786
229: 1278,2176,386,2010,586,1171,1091
230: 1093,2184,1279,2181,546,2178
231: 2061,1196,1744,591,1181,510,1031,232
232: 1900,1031,231,1181,1794,1640,849
233: 234,2088,708,393,2064,214,517,1797
234: 233,2088,1810,2064,984,1798,854,252
235: 519,2092,1291,1105,1351,2202
236: 1755,745,1781,396,2078,778,1803,1329,1058,1512
237: 2104,1788,1512,745,862,1994,783,394,1808,2068
238: 1812,780,218,788,1265,219,1758,867,2022,1263
239: 1757,859,1540,1871,1265,1271,433,1273,1064,633,1270,636
240: 527,241,1272,1328,415,1443,1205,637
241: 527,240,1443,1205,637,1046,882,1202,1819
242: 1826,759,893,1308,655,1822
243: 736,900,1822,1826,1870,597,1192
244: 1947,1852,446,1447,425,933,1342
245: 1284,813,264,643,1285
246: 2196,550,1284,913,1494,813
247: 248,1861,1547,2178,1865,1938
248: 1861,247,942,1437,945,1865
249: 1492,505,955,925,1867,2052
250: 2052,1869,1470,1867,947,1338,267
251: 1883,703,1275,1479,1274,1343,269
252: 952,1006,517,234,2088,1810,2073,1890
253: 1351,2202,593,1185,272,1507,1898
254: 1581,1323,1059,255,1290,273,1976,1222
255: 1906,960,1788,1323,1059,254,273
256: 1223,525,1808,1040,1983,1929,2213
257: 716,932,2210,2212,275,1369,1605
258: 1066,2211,1270,2126,1272,1205,637,967,554,601
259: 1382,973,1202,1545,601,260,1579,1936,1598,383,1260
260: 1819,1205,1202,1985,259,976,1936,1598
261: 1985,2037,597,1192,1598,1261,1193,278
262: 2060,991,903,2112,1942,1670,997
263: 2112,1942,1947,1342,529,799
264: 1284,245,2195
265: 1209,677
266: 915,1333,1655,1425,682,918
267: 1338,250,1470,638,949,1442
268: 1274,638,686,1442,1811,410
269: 754,1830,251,951,1479,1343,695
270: 957,1507,1185,921,1199,760,1872,372,1184
271: 610,600,1184,287,1198,1241
272: 711,1291,253,1351,1581,1199,1898,522,2098,1897
273: 1059,255,1906,960,1223,254,442,1222,612,909,1450
274: 1666,448,452,1377,937,1358,1441,1679
275: 1369,716,257,381,1605,779,718
276: 383,2025,1382,1695,1260,888,727
277: 631,976,1936,1261,1193,1695,1260,1318
278: 261,597,1192,1261,1193,1203,1201
279: 2019,604,1733,1203,1393,1201,1748
280: 1398,741,528,1027,1012,1164
281: 390,2049,529,2197,1226,1050
282: 1113,283
283: 2223,2228,282,1480
284: 1412,370,1939,1456,686,750
285: 340,753,1830,1842,1455,1418
286: 1219,1218,610,1198,1618,1839,1616
287: 1218,1424,1872,1184,610,271
288: 1243,1444,623,289,1911,361,1528
289: 1911,1899,1444,772,1932,766,288,1243,361
290: 1626,1450,2089,1666,448,1926,873,937
291: 1584,1610,1979,2025,1458,888,307
292: 617,1458,452,1605,779,1979,718,1353,1679,1232
293: 1172,1318,631,1319,660,294
294: 295,472,1172,293,660,587
295: 472,294,587,1882,2087,908
296: 728,1697,1396,1538,1164,581,1165
297: 1854,390,2049,1531,614
298: 699,1534,1480,1114,1505,2224
299: 701,1501,829,1801,699,1534,833
300: 2165,1960,760,417,1424,2166
301: 1517,1639,484,543,841,347,2082
302: 429,623,1219,880,1528,1522,840,1975
303: 1911,361,1207,603,1542,1956
304: 766,1555,1399,1899,877,2083,603
305: 1206,397,1574,2083,2043,664,1049,1722
306: 2229,1584,307,1232,2230,1365,1350
307: 888,2025,291,1584,405,306,1376,1365
308: 904,679,405,402,1376,2079,1589
309: 656,310,1596,908,1468,1311
310: 656,309,1596,1602,1310,481
311: 2103,1165,1602,481
312: 1084,936,1622,417,1714,2164,2166
313: 436,1627,1426,871,1889,940
314: 1952,347,1639,2021,774,1654
315: 450,774,852,1673,1654,969
316: 1850,1207,1206,1542,470,1613
317: 1680,733,1688,318,1663,2015,981
318: 1688,733,2222,473,1009,317
319: 329,1691,1949,1760,328
320: 1009,1894,1688,1700,1741,1638
321: 1931,421,755,1858,894,1264
322: 1963,1718,632
323: 1723,787,965,1530
324: 1553,1730,797,961,1844,1022
325: 649,819,1734
326: 797,961,1746,455,492,1849,1025
327: 1296,851,1526,1035,649,1297
328: 1949,319,1754
329: 1691,1638,1700,2028,319,1760
332: 1764,1366,1431,1825,2057,751
333: 432,853,1672,1767
334: 1712,680,1420,1799,1646,1416
335: 1118,2260,1772,1453,1793,2262,1134,1901,2268
336: 1773,1430,2179,1490,2182,1503
337: 1505,2224,1775
338: 391,1900,1640,1869,1470,703,1787,949
339: 1794,1792,1179,1567,1212,1652,708,849
340: 285,753,1415,410,1418,1394
341: 1668,1557,466,188,1807,1833
342: 375,1566,830,975,1814,1592,978,1614,926
343: 2149,1825,451,751,87
344: 132,1128,1406,1315,1829,2013,112,152,1317,658
345: 1887,1499,133,1340,789,763,658,1836,2041
346: 2250,1971,172,1837,564,2251,891
347: 1952,1616,1839,841,1639,301,314
348: 1840,1257,2,630
349: 1763,423,794,1324,1183,673,859,1855
350: 1364,1860,549,1488,1958,1410,836
351: 1862,773,844,1632,574
352: 1487,17,1864,6,371,1419
353: 440,832,1871,1371,1573,1271,433,1621,1068
354: 1875,1884,968,458,1629,467
355: 1683,1228,159,1140,181,180,161,685,453,1876
356: 1108,1875,1884,2215,1878,1302,54
357: 1815,1715,1187,166,1881,185
358: 1648,987,980,1785,861,1878,1302
359: 1888,1729,38,892,362,1525
360: 789,1909,1917,690,1432,1941,153,2041,154
361: 880,1528,288,289,1911,303,1956
362: 1525,37,359,1888,1912,1923
363: 1914,885,627,1266,2007,634
364: 696,1500,1917,2029,1921,1472,1374,1941,876
365: 1213,1014,1919,1326,1789,193,215,795,487
366: 1143,1142,1374,115,1921,1472,889,572
367: 138,1387,1339,1933,1316,907,2085,709,512
368: 1938,945,1865,724,717,1400,1606
369: 947,915,1338,918,1939,1456
370: 1412,284,2107,1939,1951,1564
371: 1419,919,6,352,922,1957
372: 1872,921,270,957,760,1498
373: 2093,7,1964,618,18
374: 2242,2116,1967,1484,36,560
375: 837,1972,1566,2248,342,1814,1124
376: 1976,1222,1346,612,927,772
377: 1397,1977,1355,992,805,1675
378: 1440,1981,929,478,1913
379: 1106,1223,1929,1988,932,1626,448,1377
380: 2191,1385,3,13,1337,1408
381: 2001,1579,1997,275,1369,779,718
382: 1665,1159,1597,822,1998
383: 276,2025,2001,259,1382,973,1610
384: 2003,2169,993,1676,1690
385: 2008,1643,1752,764,1893,1868,1047,758
386: 2010,1244,190,1601,586,229,1278
387: 541,2016,2155,1081,2157,2156,1080
388: 1697,2019,1748,2042,1173,1012
389: 1196,1744,1710,2020,1774,1194
390: 2049,281,1226,643,297,614
391: 955,510,1900,1031,2052,1869,338
392: 2056,1669,1037,868,1687,1895
393: 2064,214,1567,1987,1652,708,1797,233
394: 783,1478,218,1994,1758,867,237,2068,1845
395: 1045,2070,462,69,1809
396: 2078,414,217,1781,1439,2040,236,553,1803,2200
397: 1206,305,877,1944,1574,2083
398: 884,1463,1289,2026,1325,2080,176,1176,1357
399: 1574,943,1353,617,1944,1230,664
400: 1361,567,666,2264,1446,1116,1933,138,1387,1339
401: 1943,1823,83,1916,722,1168,668,1363,2246
402: 1376,1365,308,1350,669,1589
403: 811,1471,1313,1461,1367,1024,503,1848,1594
404: 1378,1081,1253,775,1373,2156
405: 1409,727,1695,888,307,1376,679,308
406: 725,65,769,1667,1214,1380,103
407: 1592,1984,1388,2226,687,785,2005,732,483
408: 1395,2000,1043,2128,2123,1483,692,963,534
409: 104,498,561,1180,1495,1403
410: 1811,1415,268,1274,1343,340,753
411: 462,52,1684,1423,1636,2070
412: 1428,1403,105,590,1738,738,1955
413: 744,743,1968,1777,2177,1256,571,1225,1435
414: 508,217,1893,216,1868,1753,1781,758,1439,396
415: 1443,1769,796,1068,1802,222,1328,748,240
416: 748,2108,752,1821,1802,2136,1309,1449,1046
417: 1622,1455,1960,300,312,2166
418: 808,1459,223,588,1308,655,1447,759
419: 1157,74,1464,1220,55,1857
420: 1969,1902,1133,1478,218,1982,778,1994,783
421: 1485,2087,477,771,755,1931,321
422: 1097,831,2190,1488,1253,775
423: 349,1763,198,1183,1491,197,859,1812,1265,219
424: 94,1166,1493,1429,1167,1138,1101,2209
425: 933,446,1497,244,2194,1342,1099
426: 1514,87,2149,665,729,1074
427: 1843,2091,1518,816,1015,1021,1795,2062
428: 962,834,826,1392,1519,1608,1496,576,1521
429: 302,623,1198,1219,1528,840
430: 15,2012,1147,1146,1417,1533,846
431: 2044,507,60,1217,1053,608,1649,1535
432: 333,1538,853,1165,2103,916
433: 1271,1540,1871,1371,353,1757,239,1273,220,636
434: 2066,1055,2031,1583,1544,1073,45
435: 1782,1791,864,1546,2097,1532
436: 313,1627,1582,731,1775
437: 688,1772,1937,875,1078,540,1590,2158,2262,1134
438: 2111,879,496,1600,1628,843,1948
439: 622,1551,144,1866,124,1615
440: 832,855,353,1573,2139,1271,1621,1769,1068
441: 1018,1889,940,1924
442: 1988,1906,1223,273,909,1626,1450
443: 1490,693,1386,1633,18,1234
444: 1304,1644,2180,1307,1305,66
445: 1650,1503,956,1095,1474,2180,1644
446: 1447,1778,1660,1459,425,933,1852,244
447: 1028,1607,1389,1664
448: 1666,274,1988,379,932,290,1626,452,1377
449: 225,1671,661,959,1510,454
450: 315,1673,969,1413,1730,1553
451: 1677,1825,2146,343
452: 1605,1377,716,274,448,1441,1679,292
453: 1467,1707,1876,1683,355,944,161,689,201
454: 1510,864,225,449,1779,1685
455: 1746,1687,1895,1029,492,326
456: 712,1591,61,1215,1696,80,79,746
457: 966,1701,1562,264
458: 1705,1433,1117,1629,354
459: 942,985,208,1708,1437
460: 1930,1033,2258,1735,1659,1132,989
461: 2116,1762,992,805,1119,1407
462: 411,52,2070,395,1809,2134
463: 1321,866,1816,680,1158,205
464: 1067,1063,1656,1820,187,990
465: 1436,698,478,23,1873,2234,1824
466: 1728,705,1827,1557,341,1807
467: 1832,1973,968,1875,354,53,2215
468: 1807,1833,735,1189,1003,714
469: 1330,1847,717,1400,677
470: 1049,1206,316,1874,1613,974
471: 2117,2184,1492,912,1879,925
472: 295,294,660,1173,1882,804
473: 2222,1331,1885,733,1722,318
474: 1282,1737,1283,167,737,1892,2141
475: 2225,1350,669,1894,1112,1756
476: 1905,62,1800,1238,619,747,64,1713
477: 1589,1910,904,1485,421,755
478: 929,23,378,1913,1873,465
479: 1827,148,2171,1915,1087,1896
480: 1630,1056,1026,1851,82,1724,1347
481: 1918,1602,311,1310
482: 914,1920,2099,663,1953,67
483: 489,1922,1717,407,1984,120,1354,785,732,1300
484: 543,2168,841,1924,2082,301
485: 672,1940,1903,2241,1742,2235
486: 939
487: 1752,764,365,1587,1326,749,215,1893,1954,2008
488: 1022,1332
489: 483,1922,1717,120,802,1354,1968,1777,652,1300
490: 1970,1454,1246,57,58,75,1776,2074
491: 2255,1971,763,1887,565,172,814
492: 1029,720,1746,455,1980,326,1025
493: 1628,843,1539,1989,2240,910,1948
494: 635,1160,1269,2132,108,1993
495: 697,1144,59,2006,1585,1657,835,1145
496: 823,1533,1647,1600,1628,438
497: 2015,981,851,1691,1949,1035
498: 104,409,858,2009,2023,1495,694
499: 89,1834,1945,2024,569,131
500: 702,1541,135,2053,137,896,1999,136,1379,928
501: 1964,618,2027,920,890,1469
502: 1262,1700,739,2039,2028
503: 1024,671,155,403,1848,196,1594,1838,2055,897,2030
504: 92,1863,1853,2032,800,1345,1136
505: 1492,249,2033,599,2061,955,510
506: 156,2035,136,928,1463,1313,1352,1367
507: 2044,431,1661,60,1370,1008,1053,1649
508: 414,217,216,2048,2055,1753,1781,1475
509: 1156,2051,74,579,113,2187,1167
510: 955,391,599,2061,231,505,1031
511: 948,2065,642,958,1282,1737
512: 709,1575,1933,1387,367,907,2085,706,657,2071
513: 2073,1620,982,1543,1883,1479,1890
514: 1021,1795,2075,1215,1577,1678,994
515: 1182,2207,1107,2201,2081,972,179,1580
516: 2206,1004,2086,77,2161,76,1139,1506
517: 842,1797,233,2088,2073,1620,252
518: 747,1011,64,1851,2090,2069,1056
519: 235,2092,854,2199,1017,593,2202
520: 838,1599,2150,1141,568,2094,1023,1523,1131
521: 1745,2144,2102,1306,2090,2096
522: 1199,1898,272,1507,2098,1897,1346,600
523: 1242,622,2100,164,146,1930,1186,1735
524: 1990,2077,2102,782,47,1057,2096
525: 1223,256,2104,1808,1040,1906,960
526: 110,2017,1020,1044,2106,1227
527: 241,240,1443,748,2108,1205,1046,882
528: 2110,2042,1048,1027,1012,280
529: 799,2112,263,2197,1050,1686
530: 1323,1059,1322,1329,1058,1788,646
531: 1837,770,2118,2250,211,1740,1127
532: 95,2127,1062,1917,2029,1921,1472,889
533: 2138,642,107,1283
534: 2212,1104,408,2125,2128,2123,692,554
535: 2136,2133,1821,202,223,1309,655
536: 2137,1809,2134,620,1239
537: 602,32,1204,2145,2144,1306
538: 2149,1514,1075
539: 1141,2151,2177,1092,2150,2152,1077,571,1435,838,1599
540: 1590,2158,1078,437,1004,2086,1506,97,2160,1719,98
541: 387,2016,2155,1081,2156,2159,1211,606,28
542: 2167,1251,626,1928
543: 484,2164,1085,1618,2168,841,301
544: 2172,1915,1269,1267,2171,1190
545: 2124,2183,2014,2189,786,1315,2174,684
546: 2181,1169,1091,230,2184,2117
547: 563,2249,1168,2185,122,2188,1090,1125
548: 654,1095,2186,602,1307,2099
549: 2190,1488,2192,4,1364,350
550: 1098,1099,1779,2194,246,2196,1494
551: 570,2208,1429,2203,1101,2209,95
552: 2204,178,566,2198,1102,811,1471,2207,1594,1135,1452,177,2263
553: 1322,1803,2200,1439,2040,396,2078,1103,2205,2092
554: 967,1997,2128,258,1066,2211,1104,534,601
555: 839,2214,51,2216,1423,1636
556: 1111,1617,1445,182,971,689,2218,183
557: 1885,1115,1230,2230,2229,1331,2043,664
558: 1951,605,682,2107,918,2231
559: 119,2233,99,2227,827,2232,830,1974,1558,1116
560: 36,37,374,2242,38,1525
561: 1216,1120,1747,2243,104,409,1180
562: 816,1015,1122,1518,1511,2054,2237,2244
563: 547,2249,1168,1363,2246,122,1125
564: 883,2251,1971,172,814,1571,1163,346,1996
565: 2254,1927,2255,491,1971,1837,770
566: 552,2204,178,1182,2207,1107,1135,177,198,592,2263
567: 1361,400,2154,2232,118,1295,666,2264,1446,1339
568: 1634,2265,838,1599,520,164,2094,1131,1033
569: 1152,71,2024,1137,111,499,131
570: 551,2208,2203,1138,1101,2209,1139,95,1062,2122,115
571: 1225,1435,413,2177,1141,2151,539,160,1140,181,162,615
572: 1541,815,96,1880,1506,366,1143,1142,116,1294,2053,659
573: 792,2203,1776,2074,809,1657,1429,1100,77,1145,2208
574: 351,773,1632,1147,812,1417,16
575: 1991,1149,72,1303,777,675
576: 1148,1496,1392,1554,1519,159,428,962,199,1434,1150
577: 1239,670,90,2024,828,1559,1834
578: 166,1881,1186,594,165,1155,1187,1556
579: 1088,1157,74,1156,509,1345,113,2187,1853,2189
580: 206,818,382,1665,1159,1515,226,822
581: 1396,296,1468,1165,1596,1602
582: 639,1276,88,128
583: 194,1674,1163,2058,898,1161,2080,174,1177,905,1789
584: 56,1254,1166,1255,1156,2051,94
585: 988,1995,1170,1751,1950,1076,122,2023,2153
586: 621,171,386,2010,1806,229,1171,1016,210
587: 2079,1172,295,294,1485,2087
588: 224,1631,1175,203,202,223,2221,1778,1308,808,1459,418
589: 175,195,1674,1177,176,1176,155,1587,1362,1019,1694,1838
590: 105,1886,1180,870,1428,412,1403,1955
591: 212,1196,1744,213,231,1181,1792
592: 198,2263,566,1182,2207,179,1135,794,1324,1183,1521
593: 1017,1810,1006,519,1726,1185,253,2202
594: 1186,1735,165,989,1187,578,1881
595: 170,1249,1299,1438,625,149,190,1245
596: 109,740,1559,1766,1993,1267,878,1190
597: 1192,261,736,900,243,278,1203
598: 0,1359,930
599: 2033,210,1194,1196,1169,2061,505,510
600: 1184,1199,522,1897,1030,271,1241
601: 1202,1545,258,2211,1205,637,967,554,259
602: 537,1204,2186,548,654,1306,47
603: 1207,2083,289,1911,1899,304,877,303
604: 2019,279,1203,1319,1201,660,1173
605: 1425,682,677,265,1209,2231
606: 28,2156,2159,1211,43,541,2016,2238
607: 1060,192,2120,2252,213,1179,1567,1212
608: 1217,1053,431,44,61,1649,1783,1535,848,712
609: 1732,857,1667,1828,85,1214,1216
610: 271,1218,287,1198,1219,286
611: 628,881,1641,1520,1912,1923,995,1856,1221
612: 2089,909,273,1976,376,1222,1450,772,1932,1926,873
613: 1229,1129,151,150,2254,1927,616,2121,2118,770
614: 1531,390,643,1285,297,1224
615: 162,571,1225,1141,2151,1140,181,1523,1565,161
616: 625,1188,150,613,2121,2118,1233,1061
617: 1458,292,1353,1441,1679,399,1230,1232,2230
618: 1964,501,373,890,1469,1235,2115
619: 1238,994,1678,1905,476,1527,1236,719,1713
620: 1071,2134,1151,536,1239,1356
621: 586,190,1245,171,2010,1806
622: 1551,439,124,1240,2100,164,1242,523
623: 1198,1241,288,1243,429,302,1528
624: 1978,872,1247,1246,57,56,1254,75
625: 1188,616,1249,595,1245,171,1233,1061
626: 1251,1162,1250,542,1928
627: 1252,1689,998,1266,1914,363,634
628: 611,881,995,1221,1978,1255,56
629: 160,1228,159,1300,1301,1256,1258,1554,1140,1496,180
630: 2193,348,1840,2,1368
631: 277,1261,1695,1319,1201,293,1318
632: 1718,322,1962
633: 1273,1064,788,1265,1757,239,1263,636,1395
634: 2007,627,27,1266,885,363,1268,1743
635: 1160,1269,494,1162,1250,148,2171
636: 220,1270,2126,239,1271,433,1273,633,2125
637: 1205,2126,1272,1328,258,2211,241,240,1202,601
638: 949,1275,267,1442,268,1274
639: 582,88,1277,2132,1162
640: 1702,1278,2176,1279,824,2181
641: 865,644,1286,1287,1280,1770,1281
642: 958,1509,511,107,1283,533
643: 813,1226,245,1285
644: 1286,1904,2004,126,1287,641,1281
645: 1288,154,153,1457,1289,1344,1578,898,1161
646: 1291,1105,1322,2200,1058,1323,1059,530,1290
647: 116,1294,1079,1295,659,1314,137,1316,117
648: 1659,1132,2258,163,2266,184,1293,1154,1292
649: 325,819,1526,327,1297
650: 1231,150,130,1298,1299,1229,1249,1188
651: 1302,1149,54,869,1303,1877
652: 1968,1777,489,1922,1300,1256,1258
653: 2105,917,1650,48,1304,1644
654: 548,602,1307,2099,782,47,1920
655: 1308,535,223,893,1309,1449,418,242
656: 310,309,1596,1311,776,1013,1310
657: 1102,2201,1312,907,706,512,157,2198,2071
658: 763,1317,344,112,133,1340,152,1887,345,1499
659: 1314,137,572,1541,116,1294,647,702
660: 1319,604,293,1173,472,294,804
661: 1321,1404,204,205,959,449,1671
662: 2026,896,1999,696,1500,135,1344,1325
663: 1327,914,482,1032,1903,67
664: 1331,2043,399,1574,1230,305,557
665: 87,1818,68,1334,426,729
666: 1295,2264,1361,400,567,1933,1316,117,1339
667: 1341,2140,1276,88
668: 1168,1363,1916,722,1908,401,681
669: 402,475,2225,1350,1589,1910,1756
670: 1835,1152,1239,1356,577,2024
671: 1024,503,1176,155,1461,1362,1019,1848,1838,2030
672: 485,1940,1032,1935,1903,1764
673: 859,1540,1855,1703,199,200,349,1871,1371,1757
674: 41,1569,825,1253,1252,1552,1378,2157
675: 1383,1765,575,1303,93,777
676: 1391,1771,1672
677: 1400,1330,469,265
678: 1336,1841,1136,111,1863,1406
679: 904,308,405,1409,1172,1376,2079
680: 1712,334,1416,1816,463,1158
681: 1170,1916,1908,1421,1168,668
682: 605,1425,1655,266,2107,918,2231
683: 1493,1429,1166,75,1776,2074,792,1101
684: 1089,2174,545,2124,1065,1360,1909,1340,1432
685: 1711,1704,1148,180,355,1434,1707,1876,832
686: 1442,1456,268,284,750,1811
687: 1529,2226,1446,1116,407,1388,138,1387,2005,820
688: 1772,437,1649,1783,1937,875,1453,1590,1134
689: 2218,1683,944,1445,453,1467,1707,556,901
690: 1917,2029,1360,134,1909,789,360,1941
691: 2138,2135,1477
692: 1483,2210,963,408,2000,2212,1104,534
693: 1490,443,1773,1234,1727,856
694: 1495,498,1651,2009,1428,886,1178,124,1738
695: 921,951,2113,1482,754,269,957,1498
696: 364,1500,1921,1142,1374,876,135,662,896
697: 495,1144,835,78,1502,77,2161,875,1078
698: 1436,465,1824,899,892,1504,39
699: 298,1534,299,1582,833,1505
700: 1508,203,979,1154,185,1715,1174
701: 299,1412,750,1501,829
702: 500,1142,1541,2053,659,1314,137,136,1379
703: 1543,1787,338,949,1275,1883,251
704: 746,1591,79,1453,1793,1593,99,1901,1550
705: 1087,874,1827,1561,1557,466
706: 907,2085,1314,1933,1316,1560,1312,1384,512,157,657
707: 1042,72,1563,1071,1151
708: 1652,1179,1567,1987,339,393,214,1797,233
709: 512,1575,1387,367,1529,1693,1570,2071
710: 1549,1572
711: 272,1290,1291,1351,1581,2098,1976
712: 456,1591,608,61,1215,848,79,1453
713: 1597,1720
714: 1716,1601,468,1189,1244,1003
715: 1349,934,1197,1604,1992,1385
716: 932,257,2210,275,452,1605,1377,779
717: 1847,945,1865,368,1400,1606
718: 1610,1979,275,2001,1579,381,779,292
719: 1713,619,1905,1236,1658,1817
720: 974,1029,1613,492,1980,1586
721: 1645,1609,1623,228,1731,985
722: 1916,82,1630,1347,83,401,1823,668
723: 1368,806,2193,1934,1096,1635,5
724: 912,2095,1093,368,1938,1606
725: 406,1990,2077,1036,65,769,1667,1214
726: 189,1668,1676,1690,1623,209
727: 405,1409,276,2025,1695,1260,888
728: 296,1173,1697,388,1396,804
729: 86,1699,1334,665,426,1074,2147
730: 1806,1710,171,1233,1248,2020
731: 1714,936,1582,833,1576,436,1627
732: 785,2005,407,1529,483,1717,1473,820,158,140
733: 1874,1722,473,1680,317,318
734: 1414,1725,1934,1862
735: 1986,765,1728,1807,468,1189
736: 900,243,597,991,1733,1203
737: 167,126,474,1737,147,1770,1281
738: 1738,412,1904,1955,125,145,1286
739: 1700,1741,1858,2039,894,2028,502
740: 108,828,1559,1766,1993,1267,596
741: 1398,280,1027,1854,1771,1476
742: 2020,1774,1248,211,1740,191,2119,212
743: 744,413,802,1780,2175,1402,1968,1777,1256,1435
744: 743,413,1780,2175,1090,1777,2177,1092,1435
745: 1755,236,2078,862,778,1329,1058,1788,1512,237
746: 704,456,1591,964,80,79,1804,1593,1550,827
747: 518,1011,64,62,1800,1706,476
748: 416,2108,796,1821,1802,415,1443,527
749: 215,795,1805,487,1752,1041,1749,2008
750: 1501,686,1412,284,1811,701
751: 87,1818,332,1825,2057,343
752: 1821,1802,222,2131,2063,1070,796,2136,416
753: 340,285,1274,1343,1830,410
754: 1830,269,951,921,695,1842,1498
755: 1858,477,1910,421,321
756: 1406,92,1863,2014,786,1315,1829,132
757: 144,123,988,1995,1651,2153,886,1866
758: 1439,2040,385,1868,414,984,1047,1692
759: 242,1826,1308,808,418,2076,1870
760: 1960,1498,270,1872,372,300,1424
761: 1913,1873,817,11,1401,2059
762: 869,1682,1856,1877,1464,1220
763: 1317,658,152,1887,345,2254,2255,491,814
764: 487,1752,1587,215,1893,1954,2008,385,1868
765: 1986,735,1896,129,781,1728,1438
766: 1555,873,937,1932,1926,289,1899,304
767: 950,1475,2055,897,1698,1969,1902,778
768: 1904,1955,105,1831,1005,2004
769: 65,1724,1347,725,406,1908,1380
770: 1837,531,613,1927,565,2121,2118
771: 908,1485,421,2087,1931,1311
772: 927,1444,1346,376,612,1932,1926,289
773: 1862,351,1934,5,1147,574
774: 852,1952,1522,314,1654,315
775: 1958,1373,422,1488,1253,404,2156
776: 1761,1013,1310,1963
777: 72,575,1965,675,1383,91,1759
778: 862,1994,950,767,420,1969,1755,236,745,1512
779: 716,275,381,1605,1610,1979,718,1679,292
780: 238,1812,2267,1133,2261,2259,1491,197,218,1982,219
781: 1086,2173,129,1986,765,1438
782: 47,654,1920,1990,2077,524,1953
783: 394,420,1478,862,1994,1512,237,2068,1845
784: 2002,1197,1604
785: 2005,732,407,1984,120,483,1922,1717,820
786: 1315,1829,92,2014,2189,545,756,2174
787: 1517,2021,906,965,323
788: 1265,219,1763,238,1812,2022,1263,633
789: 360,1909,690,1340,1432,345,153,2041,154
790: 2057,1940,2235,1818,1747,68,2236
791: 2067,1844
792: 2203,573,75,1776,2074,1493,683,1429
793: 17,1419,847,1375,2084,2027
794: 1324,1183,1521,179,962,592,1703,199,349,859,1855
795: 749,215,1213,365,1326,1805,2252,193,1752
796: 1068,2139,2131,1769,752,1802,222,415,748
797: 961,326,324,1849,1022,1332
798: 2192,1096,3,1635,1337,4
799: 529,2194,1342,1098,263,2197
800: 1345,73,1157,2032,2072,1136,504,1853
801: 1768
802: 926,1354,1335,1614,1780,1402,489,1968,1777,743
803: 1176,155,1357,1463,156,176,1461,1367,1024
804: 1396,1882,660,1173,472,728
805: 992,377,1397,9,887,1407,461
806: 1368,723,1414,1259,734,1934
807: 1075,1422,1486
808: 1459,418,588,1308,1447,759,2076,1852
809: 1657,1454,1653,59,2074,1144,573,1145
810: 1466,1195,24
811: 1471,403,157,1313,2198,1461,1367,552,2204,1848
812: 574,1487,17,847,16
813: 1226,246,1284,1494,245,643
814: 172,1571,173,763,1887,1499,491,1163,564
815: 115,1139,2206,2122,96,1506,1143,572
816: 1015,562,427,2244,1795,1217,44,1215,1577
817: 1981,1,1513,1913,761,1401
818: 206,580,1158,1159,1320,205,1515,226
819: 1849,1025,1526,1734,325,649
820: 1693,1473,1570,1387,1529,687,785,2005,732,158,139
821: 
822: 382,226,1782,1536
823: 496,1533,1642,846,1539,1628
824: 1547,1279,1000,1702,640,1786
825: 1569,1451,831,1253,1552,674,1378
826: 1392,158,140,139,1300,1301,1554,1519,428,1496
827: 1796,746,100,1593,99,1901,1550,559,830,1558
828: 108,740,1069,90,577,1559
829: 2228,1564,1412,701,299,1480,1534
830: 975,1974,1558,827,1796,837,1566,559,342
831: 1097,422,26,1451,825,1253
832: 440,855,353,200,1711,685,1704,1707,1573
833: 1582,1576,299,1801,699
834: 999,972,139,1392,179,1608,1580,428
835: 78,1502,2006,1585,495,697,1144
836: 1588,1410,350,1958,1373,2159,1211
837: 1972,375,1566,100,81,1796,2248,830
838: 1599,520,2150,1141,2151,539,568,1523
839: 555,2214,1636,1611,1563,1042
840: 1522,1219,429,302,1952,1616,1975
841: 1839,1618,484,543,347,1639,301
842: 517,1797,1652,849,982,1620
843: 1628,493,1539,438,879,910,1948
844: 1632,351,1864,1487
845: 1615,1411,144,2150,2152,1599,1634
846: 1642,1146,15,430,2012,1364,1860,823
847: 16,1647,812,17,793,2084
848: 608,61,1783,1535,712,1591,79,1453,1793
849: 1640,982,1181,1794,339,1652,232,842,1797
850: 1817,1925,1612,83,101,1823
851: 1663,1296,497,2015,327,1035
852: 774,1522,2056,1669,315,969
853: 1672,1398,1538,1164,432,333
854: 1798,234,1810,2199,1103,2205,1017,519
855: 440,832,1711,1704,1467,1707,2139,201,2131,1068
856: 1727,693,1234,1427,1200,33
857: 609,1732,1214,103,1751,1950,858
858: 1732,857,1751,104,498,2023
859: 673,1540,1855,794,349,1763,423,1265,1757,239
860: 1768,20
861: 1785,1484,36,358,1648,983
862: 778,1994,1969,745,783,1512,237,2068
863: 2031,1583,1465,879,1790,30,1948
864: 1510,454,435,1791,1685,2097
865: 641,1287,1280,1770,1281,1155,1799
866: 1321,463,166,1816,1556,1815,204
867: 1758,1043,2022,238,394,1263,2068,1845,1524,2000
868: 1542,1956,1037,1850,392,1895
869: 1682,762,1302,987,651,1856,1877
870: 1334,1121,1180,1699,1886,590
871: 1775,436,313,1889
872: 1923,1548,1247,881,624,1978
873: 766,1555,937,612,2089,290,1666,1932,1926
874: 2162,1928,2170,705,1087,1561
875: 1078,697,78,1502,1783,1937,688,437,2086,1590,2158
876: 1941,1917,364,696,1500,1288,154,1344
877: 1944,1555,1399,304,2083,603,397
878: 1766,89,1945,596,109,110,1153
879: 438,2111,843,1790,30,1948,863
880: 361,1528,302,1975,1037,1956
881: 628,611,1912,1923,872,1978,56
882: 1046,2108,527,241,1819,1985,2037
883: 564,2251,174,1919,1996,2034,1213
884: 398,1463,2026,896,1999,136,1325,2035,1357
885: 1051,1914,363,2007,634,57,1970,58
886: 1866,1651,2009,694,757,1178,124
887: 9,1390,2011,805,2245,1407,924
888: 307,276,2025,291,405,727,1376
889: 1921,1472,95,532,1062,2122,115,366,1143
890: 1790,920,501,618,2111,1469,2031,1544
891: 2253,1127,1126,346,2250,2251,2034
892: 1436,698,38,2036,1504,359,1729
893: 1309,1449,1308,655,1822,2038,242
894: 2039,755,1858,321,739,1264
895: 2047,930,1,1440,1981
896: 662,2026,1999,696,135,2053,500,136,884
897: 2055,2030,503,196,2048,1698,946,767,1902
898: 1161,1457,1836,645,1289,1163,1578,2058,583
899: 1824,2059,698,25,1504,39,1537
900: 736,243,1826,1870,597,2060,991
901: 2063,1467,689,2218,1111,201,2131,2220
902: 2032,2072,1383,91,71,1759,1137
903: 2076,1870,1947,1852,262,2060,1942
904: 679,308,2079,477,1589,1485
905: 1177,176,1161,2080,583,194,1674
906: 1624,2082,1517,787
907: 2085,706,1316,367,1312,512,157,657,2201,2071
908: 771,295,1882,2087,1468,1311,309
909: 612,2089,273,442,1222,1450
910: 1462,29,1989,843,493,2240,30,1948
911: 8,1386,2109,801,2114,2093
912: 724,2095,1093,2184,471,1879
913: 1284,1859,1685,2097,246,2196
914: 1920,482,2099,66,1327,663
915: 266,1333,2101,369,947,918
916: 432,333,1767
917: 2105,2182,1503,1650,653
918: 2107,266,915,369,1939
919: 6,1348,371,922
920: 2084,2027,1600,501,2111,890,1790
921: 695,2113,754,270,957,1498,372
922: 2109,919,1348,371,1957,2114
923: 1235,2115,1427,31,1072,19
924: 1407,2245,2116,22,1967
925: 1867,471,1492,249,1879,2101
926: 802,1354,342,1814,1335,1124,2247,1614,1780,1402
927: 1444,772,1897,1346,1976,376,1030,1243
928: 136,1379,500,1999,1560,1312,506,2035,1313,1352
929: 478,23,1355,1440,378,1675
930: 1,598,1197,895,1349
931: 1739,2016,2155,28,1568,1661,1370,1008
932: 716,257,1483,2210,379,1106,448,1377
933: 425,1381,1660,446,1497,244
934: 1349,715,1992,1385,1513,1405
935: 1595,1304,1028,1305,1389
936: 1418,1394,1622,1576,731,1714,312
937: 766,1555,873,290,1666,274,1399,1358
938: 1381,1660,1508,1404,1174,1671
939: 486,1530,1413,2067
940: 1924,313,1426,1889,441
941: 1431,1664,50,1677
942: 459,985,1645,248,1861
943: 1399,1358,1353,1441,1944,399
944: 1565,1445,161,181,1683,971,453,1467,689
945: 1865,248,1437,368,1448,1847,717
946: 1698,1848,196,1594,1452,177,897,2267,1133,2261,2259,1902
947: 369,2101,1867,250,915,1338
948: 511,1721,1460,2065,1005,958
949: 638,1275,1869,1470,338,703,267
950: 1781,1475,767,2055,1969,1902,1755,778
951: 1479,1890,2113,1482,754,269,695
952: 252,1006,2073,1890,1482,1726
953: 1961,1486,1509,1959
954: 113,2187,1167,1489,2189,2183,1065
955: 391,510,2061,1492,249,505,2052,1869
956: 1773,1503,1727,1650,445,1474
957: 270,1507,2113,1185,921,695,1199,372
958: 642,1460,1509,1959,948,511
959: 1320,205,1515,1321,661,449,1510
960: 255,1906,2104,1788,1808,1323,1223,525,273
961: 797,326,1516,1746,324,1553
962: 428,1519,179,1608,576,794,1521,199,1150
963: 1483,692,2210,1524,1983,408,2000,2213,1106
964: 1527,1696,80,1236,746,1804,1907
965: 1673,1654,2021,787,323,1530
966: 457,1701,1784,1532,1859,1562
967: 554,1997,258,2211,1104,1202,1545,601,1579
968: 1705,458,1832,467,1875,354
969: 1516,852,2056,450,315,1553
970: 227,1784,1562
971: 182,1846,162,1023,944,1565,1445,2266,556
972: 834,999,1575,1693,1473,2081,515,1580
973: 259,1382,1202,1545,2001,1579,1610,383
974: 720,470,1874,1613,1680,1586
975: 830,1974,1558,1566,342,1592,1388,978,1614
976: 1936,1598,260,1261,1193,1260,277
977: 1609,1731
978: 120,1614,975,1974,342,1814,1592,1984,1354
979: 1154,1292,185,1175,1619,700,203
980: 1629,2239,1884,1785,1878,358
981: 497,2015,317,1688,1691,1638
982: 1640,849,842,1543,1787,513,1620
983: 1641,1520,861,36,37,1648
984: 1047,1692,2008,1643,2064,214,758,234,1798,1103
985: 459,942,1731,1645,721,208
986: 186,1646,167,2141,1420,2130
987: 358,1648,1878,1302,1641,869,1682
988: 585,1995,1751,1651,2009,2023,757
989: 1187,460,594,1735,1659,1132,1881,1154
990: 187,1067,464,1637,1665,1597
991: 262,2060,736,900,1733,1393,1670
992: 805,377,1397,1675,1119,1407,461
993: 188,168,2169,384,1676
994: 1238,619,514,2075,1678,1527
995: 1856,1221,1641,1520,1682,628,611
996: 1684,1045,2070
997: 262,2112,1670,1686,1048,2110
998: 1007,40,1689,627,2046,1914
999: 834,972,1693,1473,1570,158,139,1392,1580
1000: 1736,1716,209,228,1702,1786,824
1001: 319,1709,1760,328
1002: 186,1646,1712,1637,206,1159
1003: 1736,1833,468,189,714,1716
1004: 2206,516,2086,2161,540,1590,1506,97,1719
1005: 2065,2004,1721,1831,768,948
1006: 252,952,2088,1810,1017,593,1726
1007: 40,998,1504,39,1689,1729
1008: 2050,1585,931,1739,1370,2044,507,78
1009: 1894,1112,2222,1688,318,320
1010: 58,1653,2007,42,1743,1454,1052,59
1011: 518,747,1800,1706,1745,1851,2090
1012: 2042,528,1697,388,280,1164
1013: 776,1761,1931,1311,1264
1014: 1213,365,174,1919,194,1674,1326,1789
1015: 816,562,1518,1511,427,2091,2244,1795
1016: 210,1194,586,1806,1710,1171
1017: 593,1810,854,2199,1006,519,2202
1018: 441,906,1813
1019: 1362,589,195,671,1954,1694,216,1838,2048
1020: 1044,2013,1336,1841,2017,526,2257
1021: 1795,514,427,1843,1054,2062,2075
1022: 1844,324,797,1332
1023: 2094,1523,1141,520,162,1565,161,182,1846,971,2269
1024: 503,671,155,803,1461,1367,403,1362,1848,196,2030
1025: 1849,819,492,1980,326,1526
1026: 1851,2090,1057,2096,480,1056,65,1724,1347
1027: 2045,528,2110,1854,741,280
1028: 1607,935,1595,1389,447
1029: 1613,1850,1895,720,455,492
1030: 1897,1346,600,927,1241,1243
1031: 1900,232,231,1181,391,510,1640
1032: 1603,1935,1327,663,1903,672
1033: 460,1930,568,2265,164,1131,2258,1735,1132
1034: 1366,49,447,1664,941,1431
1035: 1949,851,497,327,1297,1754
1036: 84,1953,1990,2077,725,1667,1828
1037: 1975,880,868,1956,392,1669
1038: 1962,2028,1262,502,1709,1760
1039: 2216,1572,710,51,53
1040: 1808,2068,1845,1524,1983,256,525,2213
1041: 1567,1212,1987,1805,2252,749,1749,214
1042: 707,72,839,1611,1563,1991
1043: 867,2022,1263,1845,1524,408,1395,2000
1044: 1020,2013,526,2106,1227,151,2257
1045: 2070,2018,69,395
1046: 882,416,2108,1449,527,241,2038,2037,1192
1047: 984,1692,2008,1643,385,1868,758,1798
1048: 1748,2042,1393,1670,997,528,2110
1049: 470,1206,305,2043,1874,1722
1050: 1686,529,2197,2049,281,2045
1051: 1914,885,2046,1247,57,1970
1052: 59,2006,42,1743,1010,1653,2050
1053: 1217,608,60,2054,1210,507,431,1535
1054: 2062,2075,1055,1021,62,1681,1800,1238
1055: 434,2066,45,1054,2062,62,1681
1056: 480,1630,518,1026,1851,2069,82
1057: 2096,2102,1026,2077,524,65,1724
1058: 1329,2078,236,745,1322,1803,2200,1788,646,530
1059: 1323,530,646,255,1290,254,1581,273
1060: 192,607,191,2253,1127,1126,2120,2119
1061: 1248,211,625,616,2121,2118,1233
1062: 2122,570,1139,95,532,115,1472,889
1063: 1067,2130,1892,2141,1477,464
1064: 1273,633,239,1263,1270,1395,2125,2123
1065: 2129,954,1489,2124,2183,114,684,1360
1066: 258,2211,1270,2126,2125,2128,2123,554
1067: 2130,1063,186,464,1637,990
1068: 796,440,855,353,2139,1621,1769,222,221,415
1069: 1237,90,1277,2132,108,828
1070: 1110,2220,2063,752,1821,2136,2133
1071: 620,52,1563,707,2134,1151
1072: 2115,923,31,1073,19,2142,2143
1073: 31,1544,1072,434,2066,2143
1074: 106,2147,1514,426,729,1422
1075: 538,2148,1514
1076: 2185,122,1170,585,1995,2153
1077: 2150,2152,1090,143,142,2177,1092,2151,539
1078: 875,697,1144,1502,1937,2161,437,2086,540,1590
1079: 98,2154,1130,97,2160,116,647,1295,2264
1080: 1081,2157,27,387,2155,1268,1568
1081: 1378,404,2157,2156,1080,541,387
1082: 2167,2162,2163
1083: 168,2163
1084: 312,1714,2164,1627,1426,2168
1085: 2164,2166,2165,1218,1618,543
1086: 781,2173,2172,1190,1191,129
1087: 705,2170,148,874,479,1827
1088: 579,1157,1345,2187,92,1853,2014,2189
1089: 2174,684,1315,112,133,1340,1432
1090: 2188,1125,547,1780,141,2175,142,744,1092,1077
1091: 1169,229,2176,1171,210,2181,546
1092: 2177,2175,2188,1090,142,744,1077,539
1093: 230,2184,2178,1938,724,912
1094: 34,2179
1095: 1474,2186,445,2180,548,1307
1096: 3,2,2193,723,1635,798,4
1097: 831,422,1408,26,2190,1488
1098: 550,1099,2194,799,1494,2197
1099: 1098,550,425,1779,1497,2194,2196
1100: 77,1145,2203,573,2208,76,1139
1101: 1138,2209,424,1493,683,1429,570,551
1102: 657,2201,157,2198,2071,552,2204,178,1107
1103: 2199,2205,984,1692,2040,1798,854,553,2092
1104: 2212,534,2128,692,967,554,1997,1369
1105: 1291,646,1322,2200,235,2092,1290
1106: 379,1929,2213,1483,2210,963,1988,932,1377
1107: 1182,2207,515,1102,2201,2081,2071,178,566
1108: 356,1109,2215,2217,1149,54
1109: 53,2215,1108,2214,1611,2217
1110: 1070,2220,1111,2219,183,2133,202
1111: 1617,556,182,2218,901,1110,2220,183
1112: 1009,1894,1885,1115,475,2225,2222
1113: 1208,2223,282,283
1114: 1480
1115: 1885,557,2230,2229,1331,2225,1112
1116: 2226,1446,2232,559,119,2233,1361,400,1388,687
1117: 2245,1433,458,22,1629
1118: 335,2260,1793,99,1901,2227,1130,2232,2268
1119: 1675,992,23,461,1762,2234
1120: 1216,561,85,2241,2235,1747,2243
1121: 68,1334,2236,2243,1180,870,1699
1122: 1123,2238,28,1511,2237,1210,562
1123: 1122,2238,43,2240,29,1511
1124: 1814,1335,375,101,102,2248,121,2247,926
1125: 2188,1090,2247,563,547,2249,2185,141,2175
1126: 2253,891,2251,2034,1060,192,2252,193
1127: 2253,891,1837,531,2250,1740,191,1060
1128: 132,344,2013,151,2257,152,2256,1317
1129: 613,1229,151,2256,2254,1927
1130: 1079,98,2154,2262,1134,1118,2260,2232,118,2268,2264
1131: 2258,520,568,2265,2094,1033,1846,2269
1132: 1659,648,2258,460,1033,163,2269,989,1154
1133: 2267,2259,1452,1698,946,420,1969,1902,1982,780
1134: 2262,688,1772,437,2158,335,2260,1130
1135: 1452,177,552,566,2207,198,592,2263,2261,197
1136: 1137,111,2032,800,504,92,1863,1841,678,1406
1137: 1136,111,71,1759,902,2032,569
1138: 1101,2209,94,424,1493,1167,1489,570,2129,95,114
1139: 76,1100,77,570,2208,2206,516,1062,2122,815,115,1506
1140: 181,1256,571,1225,160,1228,629,615,355,161
1141: 2151,539,571,1435,838,520,162,615,1023,1523
1142: 366,1143,1374,115,96,1921,572,1541,696,135,2053,702
1143: 366,1142,1374,815,115,96,1880,1506,889,572,1541
1144: 495,697,59,809,1657,835,77,1145,2161,1078
1145: 1100,77,2074,809,1657,495,1144,2203,573,2161,76
1146: 4,1635,5,15,430,1364,1860,846
1147: 5,1934,773,574,15,430,1417
1148: 1496,576,1554,1519,159,180,200,1434,1150,685,1704
1149: 2217,54,1108,651,1991,575,1303
1150: 200,1434,962,1148,576,1703,199,1704,1855,1371
1151: 1965,707,72,620,1071,1356,1835,91
1152: 1835,670,1356,91,71,2024,569
1153: 109,878,110,1190,1191,130,2106,1298
1154: 979,1292,1659,1132,648,989,1187,185,1619,700
1155: 1280,865,165,1799,578,1416,1556
1156: 509,2051,55,1255,56,584,74,94,579,113
1157: 419,74,55,1857,73,800,1345,579,1088
1158: 1816,1712,680,463,206,818,205,1515
1159: 382,1665,1002,1637,206,580,818
1160: 635,1269,494,582,639,2132,1162,1250
1161: 898,645,1289,2058,1325,2080,583,905,176
1162: 1250,128,582,639,626
1163: 1578,2058,1836,814,1571,173,898,564,174,1919,1996,583
1164: 1538,1697,1012,1398,280,296,853
1165: 1538,581,1602,311,2103
1166: 56,584,1254,1246,75,94,424,1493,683
1167: 1489,509,2051,94,424,113,2187,954,1138
1168: 668,1363,1916,1421,401,681,1170,2246,563,547,122
1169: 1091,1171,210,546,2033,599,2117,1492
1170: 681,1421,103,1168,1950,1076,122,585
1171: 586,229,2176,1016,210,1169,1091
1172: 293,1318,1409,679,2079,587,294
1173: 2019,604,660,388,472,804,728
1174: 1778,1175,1508,700,203,1404,224,938,1660
1175: 1619,184,979,1631,203,2221,224,588,1174
1176: 155,803,1357,398,1177,176,1461,589,1362,671
1177: 905,176,2080,583,1674,1176,1357,1789,175,589,195,1362
1178: 124,694,1428,886,1738,1240,125
1179: 213,607,1567,1212,1794,339,1792,708
1180: 561,2243,1121,409,870,1403,590
1181: 591,213,231,1794,1792,1031,232,849
1182: 2207,515,1107,2081,566,179,1608,1580,592,2263,1324,1521
1183: 794,1324,1521,198,592,2263,1491,349,1763,423,1855
1184: 600,270,1199,1872,287,271
1185: 593,2113,1482,1726,253,2202,270,957,1507,1898
1186: 594,1735,1242,523,1280,146,1930,165,578
1187: 989,594,1659,578,1881,1154,185,357
1188: 625,616,1299,650,1231,150,170,1249
1189: 1986,735,468,149,1244,190,714
1190: 1191,1267,596,109,2172,544,1153,1086
1191: 1190,109,1153,1086,2173,1298
1192: 597,1046,1822,2038,1826,261,2037,243,278
1193: 1261,1985,261,2037,976,1936,1598,278,277
1194: 1016,210,1710,389,1196,1744,599,2061
1195: 24,0,810,2047
1196: 389,1744,1194,591,599,2061,231
1197: 784,598,930,1349,715
1198: 623,1241,610,271,1243,1219,286,429
1199: 1898,522,272,270,957,1507,1897,600,1184
1200: 19,32,1427,856,33,1204
1201: 1319,1261,278,1203,631,279,604
1202: 1545,601,1205,637,241,967,260,1819,259,973,1936
1203: 1733,597,736,278,1201,279,604
1204: 33,1200,32,2186,537,602
1205: 637,258,527,241,240,1202,601,260,1819
1206: 305,397,1207,2083,316,470,1049
1207: 2083,603,303,1206,1542,316
1208: 1113,2231,1951,558,2223
1209: 265,2231,1208
1210: 2054,2237,2244,28,1122,2238,1661,60,1370,1053
1211: 2159,1588,1410,836,1989,43,541,606,28,2238
1212: 1567,1987,1041,192,607,1805,2252,193,1179,339
1213: 365,1014,883,2251,1919,1996,2034,193,215,795
1214: 1380,103,725,406,1667,609,1732,857
1215: 44,61,816,514,1217,1577,1678,456,712,1527,1696,80
1216: 1120,561,1828,85,2241,609,1732,104
1217: 1053,608,2054,2244,816,431,44,61,1215
1218: 287,1424,2165,610,1085,1618,286
1219: 286,610,1198,429,302,1616,840
1220: 55,762,1856,1221,1464,1857,419,74
1221: 995,1856,628,611,1220,55,1255
1222: 1976,376,254,1581,273,612,909
1223: 256,525,1808,1906,960,1929,2213,273,442,1988,379
1224: 1531,614,821
1225: 571,1435,1777,413,1256,1258,2151,160,1140,615
1226: 813,1494,2197,390,281,643
1227: 130,2106,110,526,1044,151,2257,1231,1229
1228: 160,629,159,1140,181,180,1683,355
1229: 613,1129,1227,151,2256,650,1231,150
1230: 1232,2230,1353,617,399,1574,664,557
1231: 650,150,130,2106,1227,151,1298,1229,1188
1232: 1230,2230,617,1458,292,1584,2229,306
1233: 171,625,616,1245,1248,1061,211,730
1234: 1427,18,443,693,856
1235: 2115,923,618,373,18,1234,1427
1236: 619,1905,1527,1696,964,719,1804,1658,1907,81,1817
1237: 1069,90,1750,2137,1277,70
1238: 994,619,1054,2075,62,1905,476
1239: 1356,620,536,670,90,577
1240: 1178,124,622,125,145,1242
1241: 623,1198,600,1030,271,1243
1242: 523,622,1240,145,2100,146,1186
1243: 288,1030,927,1444,623,1198,1241,289
1244: 149,190,1189,714,1601,386,2010
1245: 1249,595,625,190,171,1233,621
1246: 57,1247,624,1970,490,1254,1166,75,1776
1247: 2046,40,1548,872,1051,624,1246,57
1248: 1061,211,2118,171,1233,1740,1710,730,2020,1774,742
1249: 170,595,1299,650,625,1188,616,1245
1250: 1162,626,1928,2170,148
1251: 128,626
1252: 1537,1552,1689,674,41,627,1266
1253: 831,422,825,775,674,1378,404
1254: 56,584,1166,624,1978,1246,75
1255: 1221,628,55,56,584,74,1156
1256: 1258,1968,1777,652,743,413,1300,1225,160,629,1140
1257: 2,2002,348,1604,1992,2191
1258: 1256,1922,1777,652,1300,1301,1225,1554,160,629
1259: 1414,1840,630,1368,806
1260: 1695,259,1382,976,1936,276,277,727
1261: 1193,261,976,278,631,277,1201
1262: 502,1718,1962,1038,632
1263: 238,788,1265,867,1043,2022,1273,1064,633,1395,2000,2123
1264: 1931,321,2039,894,1761,1013,1718
1265: 788,219,1763,423,859,1540,238,1757,239,1263,633
1266: 27,1252,41,2157,627,363,634
1267: 1993,740,596,109,2172,544,1190
1268: 42,1743,1568,27,1080,2155,634
1269: 635,1160,494,1993,1267,2171,544
1270: 220,636,2126,239,1273,1064,1272,2125,2128,258,1066
1271: 433,1540,1871,440,353,239,1621,220,636,221
1272: 1328,221,1769,220,1270,2126,1443,258,637,240
1273: 1064,633,239,433,1263,1270,636,2125,2123
1274: 268,638,1275,251,1343,410,753
1275: 638,949,703,1883,251,1274,1343
1276: 88,128,582
1277: 70,88,639,2132,108
1278: 229,2176,1716,1601,386,1702,640
1279: 1547,824,640,2181,2178,230
1280: 1287,146,641,865,1186,165,1155
1281: 147,1770,644,126,641,865,737
1282: 474,1737,2065,511,642,958,1283
1283: 642,2138,533,1892,2141
1284: 1859,913,246,1701,813,245
1285: 245,643,2195,614,1224
1286: 644,738,1904,125,145,1287,641
1287: 1280,146,145,644,1286,641,865,165
1288: 645,154,1941,876,1500,1457,1289,1344
1289: 1344,1500,645,1288,2026,898,1161,1325,2080,398
1290: 711,1291,646,1105,1059,254,1581
1291: 646,1105,235,2092,1351,2202,711,272,1290,1581
1292: 979,1154,648,184,1293,1631,1619
1293: 184,182,163,2266,648,1617,1292,183
1294: 116,647,96,1880,2160,572,1541,1295,659,1314
1295: 666,2264,2160,1079,2154,116,1294,647,567,1314,117
1296: 1980,1586,851,1663,1526,327
1297: 327,1035,649,1754
1298: 1299,1191,1153,130,2173,650,1231
1299: 1298,130,2173,650,170,1249,595,1188
1300: 1301,489,483,1922,1717,652,140,1256,1258,826,629
1301: 1300,140,1258,826,1554,1519,160,629
1302: 1878,356,358,987,54,651,869
1303: 93,1877,1149,651,575,675
1304: 444,1644,653,48,935,1595,1305
1305: 66,1304,444,935,1389,1327,1603
1306: 2102,2144,537,602,521,47
1307: 2099,1095,2180,444,548,654,66
1308: 655,223,588,893,808,418,242,759,2076
1309: 893,1449,1821,535,2136,416,655
1310: 1918,481
1311: 908,771,1931,656,309,1013
1312: 1560,1384,1316,928,907,2085,706,157,1313,1352,657
1313: 157,1352,2198,928,1312,506,156,1367,811,403,2204
1314: 659,137,1294,647,1295,702,1316,117,1384,706
1315: 786,1829,545,756,1089,2174,344,112,133
1316: 1933,117,647,666,1314,137,367,1312,1384,907,2085,706
1317: 763,658,344,1128,112,133,152,2256,1887,2255
1318: 1172,293,1695,631,277,1319,1409
1319: 1201,631,604,293,1318,660
1320: 205,1515,959,226,1510,1791
1321: 463,866,1815,1404,204,661,205,959
1322: 553,1803,2200,1329,1058,2092,646,1105,530
1323: 1059,530,1329,2104,1788,646,255,1906,960,254
1324: 794,1183,1521,1182,179,1608,198,592,199,349
1325: 2080,1289,1344,662,2026,1999,1161,884,398,176
1326: 1587,1789,194,365,1014,175,215,795,487,1954
1327: 663,1305,66,914,1032,1603
1328: 1272,221,1769,220,415,1443,637,240
1329: 1058,236,745,1322,1788,1512,1323,530
1330: 469,677,265
1331: 2043,664,1885,557,1115,1722,473
1332: 797,1849,1734,488
1333: 266,915,2095,1879,2101,1655
1334: 68,2236,1121,665,870,729,1699
1335: 1814,1124,102,121,2247,1614,802,926,1402
1336: 1841,678,111,1863,1406,1020,2013,132
1337: 1408,380,3,798,2192,2190
1338: 267,250,369,947,1456,1442
1339: 138,1387,367,666,400,567,1446,1933,2085
1340: 133,1432,1089,684,789,658,345,1499,2041
1341: 2140,2018,69,667
1342: 2194,425,1947,244,263,799
1343: 1275,251,1479,1274,1830,269,410,753
1344: 1289,876,1500,645,1288,662,2026,1325
1345: 800,73,1157,579,1088,504,1853
1346: 2098,1897,522,1976,376,1030,927,772
1347: 65,1724,769,1026,480,1630,1916,722,1908
1348: 2109,922
1349: 934,715,1197,930,1,1513
1350: 475,2225,2229,306,402,1365,669
1351: 253,2202,235,1291,711,272,1898
1352: 157,1313,2198,1379,928,1560,1312,506
1353: 1441,1679,943,617,292,399,1230
1354: 802,926,978,120,1614,1402,489,483,1968
1355: 377,1977,1440,1675,929
1356: 1239,620,1151,1835,670,1152
1357: 1176,155,803,884,398,1463,156,1177,176
1358: 1399,943,1666,274,1555,937,1441
1359: 0,598,2047,895,930
1360: 134,1909,2124,2129,1065,2127,684,690,1432
1361: 400,567,2232,118,2268,2233,666,2264,2226,1446,1116
1362: 1019,1177,1176,155,589,1024,671,1838
1363: 1168,668,401,1943,2246,563,2249,122
1364: 1860,350,2192,1146,4,549,846,1410
1365: 402,1376,1584,307,2229,306,1350
1366: 1034,49,1935,1431,1764,332
1367: 1461,506,156,1313,2198,803,811,403,1024
1368: 806,723,1259,630,2193
1369: 275,2210,2212,1104,1997,257,381
1370: 1661,60,931,1739,1210,1008,2044,507
1371: 1871,1573,1703,200,1150,1704,673,1540,1855,353,433
1372: 919,6
1373: 775,1958,836,404,2156,2159
1374: 366,1143,1142,1921,364,696,135,2053
1375: 1957,1419,793,7,2027,1964
1376: 402,1365,888,307,405,679,308
1377: 452,1605,379,1106,716,932,1666,274,448
1378: 404,1081,2157,825,1253,674,41
1379: 136,928,702,500,137,1560,1384,1352
1380: 1214,103,769,406,1908,1421,1950
1381: 938,1660,225,1671,933,1497
1382: 259,973,1936,383,276,1260
1383: 675,1765,777,1759,902,2072
1384: 1560,1312,1314,137,1316,1379,706
1385: 1992,2191,380,1405,13
1386: 8,911,2093,1633,18,443
1387: 138,367,1339,400,1529,687,709,512,1570,820
1388: 1592,407,1984,119,975,1974,2226,1116,687
1389: 935,1028,1305,447,1603
1390: 2011,10,9,887
1391: 1771,1476,821,676
1392: 826,1473,140,139,834,999,1519,1608,428,576
1393: 1670,991,1733,2019,279,1748,1048
1394: 1418,936,1415,340,1801,1576
1395: 408,2000,1043,2022,1263,1064,633,1524,2125,2123
1396: 1882,804,296,728,1468,581
1397: 377,1977,10,9,992,805
1398: 741,280,1771,1164,853,1672
1399: 943,1358,1555,937,304,877,1944
1400: 1606,368,717,1655,677
1401: 11,817,1513,1405,761,12
1402: 1780,141,2175,1335,121,2247,802,926,1354,743
1403: 1428,412,409,1180,1495,590
1404: 204,1715,1321,1508,661,1174,938,1671
1405: 13,934,1385,1513,1401,12,26
1406: 756,1136,92,1863,1336,678,1829,2013,132,344
1407: 924,9,887,992,805,461,2116
1408: 1337,380,13,26,1097,2190
1409: 405,727,1695,1172,1318,679
1410: 1588,836,1364,1860,350,1958,14,1211
1411: 1615,845,143,2153,144,123,2150,2152
1412: 370,284,750,829,1564,701
1413: 1730,1673,450,1530,939,2067
1414: 1259,734
1415: 1811,410,1501,340,1801,1394
1416: 1816,1556,1155,1799,334,680
1417: 1533,1147,574,15,430,2012,16
1418: 936,1394,340,285,1455,1622
1419: 371,352,17,793,1957,1375
1420: 1799,147,1770,986,1646,334
1421: 1908,1380,103,1168,681,1170,1950
1422: 1486,1514,1075,106,1074
1423: 1636,51,1684,555,411
1424: 1218,287,760,1872,300,2165
1425: 605,682,1400,1606,1655,266,677
1426: 2168,1084,313,1627,940,1924
1427: 1234,1235,923,856,1200,19
1428: 412,1403,1495,694,590,1178,1738
1429: 1493,683,424,792,2203,573,1101,2209,551
1430: 20,1633,1490,336
1431: 941,1034,1366,332,1825
1432: 133,1340,1089,2174,684,1360,1909,789,360,2041
1433: 21,2245,1117,1705,458
1434: 200,1150,1148,576,180,1703,1711,685,1704
1435: 571,1225,744,743,413,2177,1141,2151,539
1436: 465,698,23,2234,2036,892
1437: 459,942,248,945
1438: 781,2173,1986,765,149
1439: 758,2040,1868,414,217,1692,396,2078,553
1440: 378,24,2047,895,1355,1981,929
1441: 1353,1679,274,452,943,1358,617
1442: 686,1338,267,638,1456,268
1443: 415,1272,1328,748,2108,527,241,240
1444: 927,772,1932,288,1243,289
1445: 944,1565,161,182,971,689,2218,556
1446: 2226,1116,119,1361,400,567,138,1339,1529,687
1447: 446,1778,808,1459,418,2076,1852,244
1448: 1437,945,1847
1449: 893,1309,1821,416,2108,655,1046,2038
1450: 290,1626,273,442,1988,612,2089,909
1451: 12,26,11,831,1569,825
1452: 1135,177,1471,552,196,1594,946,2267,1133,2261,2259,197
1453: 79,1793,1783,1535,848,712,688,1772,704,335
1454: 1970,490,58,1010,1653,1776,2074,809
1455: 1842,285,1960,1418,1622,417
1456: 1939,369,1338,686,1442,284
1457: 153,1836,2041,645,1288,154,1578,898
1458: 617,292,1979,291,1584,1232
1459: 808,418,224,588,1778,446,1447
1460: 106,2147,1721,1959,948,958
1461: 1367,156,1176,155,803,811,403,1024,671,1848
1462: 910,29,30,1948,1518,2091
1463: 884,398,1999,506,156,2035,176,803,1357
1464: 762,93,1877,1220,1857,419
1465: 1583,863,30,1843,2091,45
1466: 810,10,1397,1977
1467: 453,1707,944,689,2218,855,201,2131,901
1468: 1396,1882,908,581,309,1596
1469: 501,618,890,2115,2031,31,1544
1470: 250,2052,1869,338,267,949
1471: 811,403,2198,552,2204,1848,1594,1452,177
1472: 1921,889,2127,532,1062,1917,2029,366,364
1473: 1693,1570,820,1529,732,158,140,139,999,972,1392
1474: 1095,2186,1727,956,445,33
1475: 1781,950,767,2048,2055,2030,508,217,1755
1476: 1391,1771,297,1854,1531,741
1477: 1892,691,1063
1478: 218,1982,420,1994,783,394,1758
1479: 951,1890,513,1883,251,1343,269
1480: 2228,829,283,298,1534,1114
1481: 35,1549,1705
1482: 2113,1726,952,951,1890,1185,695
1483: 692,2210,963,1983,408,1929,2213,2212,1106,932
1484: 1967,2239,374,1785,861,36
1485: 421,2087,904,2079,587,477,771
1486: 1422,106,807,1959,953
1487: 352,17,844,1632,1864,812
1488: 549,2190,1097,422,350,775,1958
1489: 1167,954,1138,2183,2129,1065,114
1490: 443,693,1633,1430,336,1773
1491: 197,198,1183,2267,2261,1763,423,1812,780,219
1492: 249,505,1169,2033,2117,471,955,925
1493: 683,1429,1166,75,94,424,792,1138,1101
1494: 2197,1098,550,246,813,1226
1495: 694,104,409,498,2009,1428,1403
1496: 1148,576,826,1554,1519,629,159,428,180
1497: 1779,1381,225,425,933,2194,1099
1498: 1960,760,754,921,695,1842,372
1499: 1887,345,1340,658,1836,2041,814,1571,173,1578
1500: 364,696,876,135,1288,1289,1344,662,2026
1501: 750,1811,1415,701,299,1801
1502: 835,78,1585,697,1649,1937,875,1078
1503: 2182,336,1773,956,1650,445
1504: 39,698,1824,899,892,1729,1007
1505: 2224,298,699,1582,1775
1506: 96,1880,1139,2206,1004,516,540,815,1719,1143,572
1507: 270,957,1185,253,1199,1898,522
1508: 700,203,185,1715,1404,204,1174,938
1509: 1959,1961,953,642,958,107
1510: 864,454,1320,959,449,1791
1511: 1518,29,1123,1122,2237,1015,562
1512: 2104,1788,237,236,745,862,778,783,1329
1513: 1,1349,934,817,1405,1401
1514: 426,2149,538,1075,1074
1515: 1320,205,959,1158,206,580,818,226
1516: 969,2056,1687,1746,1553,961
1517: 1639,2021,301,2082,906,787
1518: 1511,1462,29,427,2091,1015,562
1519: 1554,139,1301,826,1392,428,962,1148,1496,576
1520: 983,1641,37,1912,995,611
1521: 794,1324,1183,1182,179,1608,428,962,592,199,1855
1522: 840,302,1952,1975,774,852,1669
1523: 2094,1023,1141,838,520,162,615,1846
1524: 1983,867,1043,2022,1040,2068,1845,1395,2000,963
1525: 362,38,560,37,359,1888
1526: 1980,1296,819,1025,327
1527: 1696,964,1215,1678,994,619,1236
1528: 880,361,623,288,429,302
1529: 687,1446,138,1387,2005,732,709,1473,1570,820
1530: 1673,965,323,1723,1413
1531: 614,297,1391,1476,821
1532: 1784,435,1546,2097,1859,966
1533: 1417,16,1647,496,823
1534: 298,699,2228,829,701,299,1480
1535: 1649,1783,1937,2044,431,1053,608,848,1453
1536: 1546,822,1998,1782,207,227
1537: 1252,1552,1689,899,25,39
1538: 1164,296,853,1165,432
1539: 14,1989,1642,823,1628,843,493
1540: 673,859,1871,1371,1265,1757,239,1271,433
1541: 572,1143,1142,1294,2053,702,500,659,137
1542: 868,1956,303,1207,316,1850
1543: 703,1787,1640,982,513,1620,1883
1544: 31,1073,890,1469,2031,1583,434
1545: 1202,601,967,1579,259,973
1546: 1536,435,1782,1784,1532
1547: 1279,824,1786,1861,247,2178
1548: 1923,872,1888,40,2046,1247
1549: 1481,968,710
1550: 99,1901,1793,704,746,1804,1593,827,1558
1551: 622,439,1615,1634,2265,2100,164
1552: 1537,1252,25,1569,825,674,41
1553: 324,450,969,1516,1730,961
1554: 1519,140,1301,1258,826,629,159,1148,1496,576
1555: 766,873,937,1399,1358,1899,304,877
1556: 1416,1816,1155,578,166,1881,866
1557: 705,1662,1561,466,188,341
1558: 830,975,1974,99,1550,2227,827,1796,559,119,2233
1559: 1766,577,828,740,89,1834,596
1560: 1312,1384,137,136,1379,928,706,157,1352
1561: 169,1662,2162,874,705,1557
1562: 1784,970,457,966
1563: 1636,839,52,1042,707,1071
1564: 2228,829,1951,1412,370,2223
1565: 944,1445,161,162,615,1023,971
1566: 837,1972,375,1796,830,975,342,1814
1567: 1212,1987,1041,607,1179,339,1652,708,393
1568: 1268,42,1743,1080,2155,931,1739,2050
1569: 825,11,1451,25,1552,674
1570: 1693,1473,820,138,1387,1529,2005,709,1575,999
1571: 172,814,173,1499,1163,1578,564,1996
1572: 710,51,1039
1573: 1871,1371,1703,200,1704,440,832,353
1574: 399,1944,1230,305,397,2043,664
1575: 709,512,1693,1570,2201,2081,2071,972
1576: 1582,833,1801,936,1394,731,1714
1577: 1678,816,1795,514,44,1215
1578: 1163,2058,1499,1457,1836,645,1571,173,898
1579: 2001,381,967,1997,1545,259,973,718
1580: 179,1608,2081,834,999,972,1182,515
1581: 254,1291,1059,711,272,1290,2098,1976,1222
1582: 833,1576,699,731,1505,1775,436
1583: 2031,863,1465,30,1544,45,434
1584: 291,1458,307,1232,306,1365
1585: 1008,2050,1739,2006,2044,495,835,78,1502
1586: 1980,1296,974,720,1680,1663
1587: 1326,1789,175,589,195,487,764,1954,1694
1588: 1410,836,14,1989,1211,43
1589: 477,1910,402,904,308,669
1590: 540,2158,2161,875,1078,688,437,1004,2086,97
1591: 456,712,61,848,80,79,1793,704,746
1592: 407,1984,1388,119,975,1974,342,978,120
1593: 1804,100,80,704,746,1907,99,1550,827,1796
1594: 1848,196,1471,403,552,503,1452,177,946,2259
1595: 935,48,1891,1304,1028
1596: 656,310,309,1468,581,1602
1597: 187,990,382,1665
1598: 976,1936,260,1819,1985,261,259,1193
1599: 838,520,2150,845,539,1634,568,2265
1600: 1647,496,2084,920,438,2111
1601: 714,1716,1244,386,1702,1278
1602: 581,1165,311,481
1603: 1032,1935,1305,1389,1327,49
1604: 784,2002,1197,1257,1992
1605: 452,1377,716,257,275,779,1679,292
1606: 1400,368,724,2095,1655
1607: 1028,447,1664
1608: 179,1580,834,1392,1182,428,962,1324,1521
1609: 1690,1623,977,1731,721
1610: 1979,718,2001,973,779,383,2025,291
1611: 1109,839,2214,2217,1042,1991
1612: 2069,82,1713,850,1817,83
1613: 1029,316,1850,470,974,720
1614: 978,120,975,342,1814,1335,802,926,1354
1615: 1411,845,144,1551,439,1634
1616: 1952,347,1219,286,1839,840
1617: 1111,556,182,2266,184,1293,183
1618: 2165,1218,1085,286,543,1839,841
1619: 1175,184,979,1154,1292,1631,203
1620: 513,2073,982,842,517,1543
1621: 1769,1871,440,353,1271,1068,220,221
1622: 417,1455,1418,936,1714,312,2166
1623: 209,228,1690,726,1609,721
1624: 2082,940,1924,441,1018,906
1625: 51,1684,1423
1626: 290,1450,442,1988,379,2089,1666,448
1627: 436,313,731,1714,1084,1426
1628: 843,493,1642,496,823,1539,438
1629: 22,1117,458,2239,354,1884,980,1785
1630: 480,1056,82,1347,83,1916,722
1631: 2219,183,184,1292,1175,1619,202,2221,588
1632: 844,351,574,812,1487
1633: 20,8,1386,1430,1490,443
1634: 568,2265,1615,845,1551,1599,164
1635: 1096,5,798,1146,4
1636: 1423,555,839,411,52,1563
1637: 186,1067,1002,1665,1159
1638: 329,1691,1688,320,1700,981
1639: 1517,2021,301,841,347,314
1640: 849,982,1794,1900,1031,232,338,1543,1787
1641: 983,1520,1648,987,1682,995,1856
1642: 846,1860,823,1539,14,1628
1643: 2008,385,1752,1749,2064,214,984,1047,1692
1644: 1304,444,1650,445,653,2180
1645: 721,228,1786,942,985,1861
1646: 986,186,1420,1712,334,1002
1647: 847,16,1533,496,1600,2084
1648: 358,987,1785,861,983,1641,1682
1649: 1783,1937,1535,2044,507,431,608,78,1502,688
1650: 445,2182,1503,917,956,653,1644
1651: 2009,2023,988,1995,694,757,886,1866
1652: 708,1567,1794,339,393,849,842,1797
1653: 58,1010,1454,1052,59,2074,809,1657
1654: 1673,965,2021,314,774,315
1655: 2095,1400,1606,266,1333,1425,682
1656: 1820,464,187
1657: 809,1653,59,2006,495,1144,573,1145
1658: 1907,81,1236,719,1817,1925
1659: 1132,648,460,163,989,1187,1154,185
1660: 1381,938,1778,1174,446,933
1661: 60,1370,2016,28,931,1210,507
1662: 169,1561,168,1557,993,188
1663: 851,1680,317,1296,1586,2015
1664: 1607,447,941
1665: 382,1159,1637,990,1597
1666: 274,448,290,1626,1377,873,937,1358
1667: 1828,84,1036,725,406,1214,609
1668: 341,188,1833,1676,726,189
1669: 2056,392,1522,1975,1037,852
1670: 1393,262,2060,991,1733,997,1048
1671: 225,449,1404,661,1381,938
1672: 853,1398,1771,676,333
1673: 965,1654,450,315,1530,1413
1674: 583,194,1177,905,176,1014,1789,175,589
1675: 1119,377,1355,992,929,23
1676: 1690,993,188,1668,726
1677: 941,1431,1825,451
1678: 1577,514,1215,994,619,1527,1696
1679: 1353,1441,274,452,1605,779,617,292
1680: 317,1874,733,974,1586,1663
1681: 62,1800,2066,1055,63,1054,2062
1682: 869,762,1648,987,1641,995,1856
1683: 355,1228,181,180,944,161,453,1707,1876,689
1684: 1423,2070,411
1685: 864,454,1779,2097,2196,913
1686: 1050,2112,529,997,2110,2045
1687: 1895,2056,392,1516,1746,455
1688: 318,2222,1009,317,320,2015,981,1638
1689: 1537,1252,39,1007,998,627
1690: 1676,384,726,1609,1623
1691: 329,1638,497,981,1949,319
1692: 984,1047,1643,758,1439,2040,1798,1103,2205
1693: 1473,1570,820,709,1575,2081,999,972
1694: 1893,1954,1587,589,195,1019,216,1838,1753
1695: 1260,276,631,277,405,1409,727,1318
1696: 1527,964,80,1215,1678,456,1236
1697: 388,2042,1012,296,728,1164
1698: 946,196,2055,897,1133,2259,767,1969,1902
1699: 729,86,1334,1121,870,1886
1700: 739,1741,320,329,1638,2028
1701: 457,966,1284,1859,264
1702: 640,1736,1716,1601,1000,1278,824
1703: 199,794,200,1434,1150,673,1855,1371,1573
1704: 1711,685,1148,200,1434,1150,1371,1573,832,855
1705: 458,1481,35,1433,968
1706: 46,63,1800,1745,747,1011,2090
1707: 453,1467,1876,1683,1711,685,689,832,855,201
1708: 459,1437,1448
1709: 1760,1962,1038,1001
1710: 1806,730,1248,2020,1016,1194,389
1711: 685,1704,1434,1707,1876,832,855,201
1712: 334,680,1646,1002,1158,206
1713: 719,619,1905,476,64,1612,2069,1817
1714: 731,936,1622,1576,1084,312,1627
1715: 1815,357,185,1508,700,1404,204
1716: 714,1601,1736,1003,1000,1702,1278
1717: 489,483,1922,785,732,158,140,1300
1718: 1264,1761,1262,322
1719: 97,2160,2206,1004,2086,540,96,1880,1506,116
1720: 1998,1597,713
1721: 1831,86,2147,1460,1005,948
1722: 1874,733,305,1331,2043,1049,473
1723: 323,1530,486,939
1724: 65,769,1347,1026,1057,480
1725: 734,1862
1726: 2113,1482,952,1006,593,1185
1727: 856,693,1773,956,33,1474
1728: 466,1827,1896,1986,735,765,1807
1729: 359,1888,892,1504,1007,40
1730: 1413,450,324,1553,2067,1844
1731: 977,721,208,985
1732: 609,857,1214,1216,858,104
1733: 1203,736,991,1393,1670,279
1734: 1849,819,1332,325,1966
1735: 1186,594,523,460,1930,1033,989
1736: 1003,189,1716,209,1000,1702
1737: 474,1282,2065,511,126,167,737
1738: 738,694,1428,412,1178,1955,125
1739: 931,2155,42,1568,1370,1008,2050,1585
1740: 191,2118,531,1248,211,2253,1127,742,2119
1741: 1700,739,1894,1756,1858,320
1742: 85,2241,84,1903,67,485,1828
1743: 1268,42,1568,2007,634,1010,1052
1744: 389,1196,1774,1194,591,212,231
1745: 521,46,2145,2144,1706,1011,2090
1746: 455,1687,1516,492,961,326
1747: 2243,2241,2235,790,1120,561,2236
1748: 2042,1048,1393,2019,279,388
1749: 1805,749,1752,1987,1041,2008,1643,214
1750: 69,1809,2140,2137
1751: 1950,103,857,858,988,585,2023
1752: 487,764,749,215,795,1749,2008,1643,385
1753: 1868,1893,1954,1694,216,2048,414,508,217
1754: 1949,1035,1297
1755: 236,745,217,1781,950,1475,1969,2078,778
1756: 475,669,1910,1894,1858,1741
1757: 239,1763,673,859,1540,1265,433,633
1758: 867,2022,1478,218,1982,238,1812,394,1845
1759: 91,71,1965,777,1383,902,1137
1760: 1709,329,2028,319
1761: 776,1013,1264,1718,322,1963
1762: 461,2116,1119,2234,2242,2036
1763: 349,423,1183,1491,859,1855,1812,788,1265,219,1757
1764: 332,1935,1366,672,1940,2057
1765: 675,1383,93,1857,73,2072
1766: 1559,740,89,1834,596,109,878
1767: 333
1768: 801,20
1769: 1621,440,2139,796,1068,1272,1328,221,415
1770: 147,1281,641,865,737,1420,1799
1771: 1391,1476,1398,741,1672,676
1772: 688,437,1783,79,1453,1793,1134,335,2260
1773: 336,1490,693,1503,1727,956
1774: 2020,742,1248,2120,2119,389,1744,212
1775: 1582,1505,436,337,871
1776: 75,1246,57,1454,490,2074,683,792,573
1777: 1968,652,802,489,744,743,413,1256,1258,1225
1778: 1174,224,588,1660,1459,446,1447
1779: 1497,225,454,1685,550,1099,2196
1780: 141,2175,1402,2247,802,926,1090,1968,744,743
1781: 950,1475,414,508,217,396,2078,1755,236
1782: 435,1791,226,822,1546,1536
1783: 1649,1937,1535,608,848,875,688,1772,1453
1784: 1532,1546,227,970,966,1562
1785: 861,1629,2239,1484,980,358,1648
1786: 228,1000,1645,1547,824,1861
1787: 703,1543,1900,1640,982,338,1883
1788: 2104,1512,237,745,1329,1058,1323,530,255,960
1789: 1587,1326,583,194,1674,1177,365,1014,175,195
1790: 890,920,2111,879,2031,863
1791: 435,1782,1320,226,1510,864
1792: 1794,339,591,213,1179,1181
1793: 79,1453,848,1591,1772,704,335,1118,1901,1550
1794: 339,1792,1179,1181,1652,232,1640,849
1795: 1021,514,427,816,1015,1577
1796: 827,100,1593,81,837,1566,830,1558
1797: 842,517,1652,708,393,849,233,2088
1798: 854,2064,984,1047,1692,234,1810,2199,1103
1799: 1420,865,1770,1155,1416,334
1800: 62,1681,63,1054,1706,476,747,1011
1801: 1501,1415,299,1394,833,1576
1802: 752,1821,222,796,415,416,748
1803: 1322,553,2200,396,2078,236,1058
1804: 100,1593,964,80,1236,746,1907,81,1550
1805: 2252,193,192,749,215,795,1212,1041,1749
1806: 1710,730,171,621,586,1016
1807: 1833,468,466,1728,735,341
1808: 1040,2068,1845,2104,237,960,1223,256,525
1809: 2134,462,395,1750,2137,536
1810: 234,2088,1798,854,252,1006,1017,593
1811: 1415,410,686,268,750,1501
1812: 238,780,2267,1491,197,1763,423,218,1982,788,219,1758
1813: 1946,906,787,323
1814: 1335,1124,375,1566,2248,342,978,1614,926
1815: 1715,357,166,1881,185,1321,866,204
1816: 1416,1556,166,680,463,866,1158
1817: 850,1925,1236,719,1713,1612,1658,81,101
1818: 751,87,790,2057,68,665
1819: 260,1205,241,882,1202,1985,1598
1820: 1656,1477,691,464
1821: 752,1802,222,1070,535,2136,416,748,1309,1449
1822: 2038,893,242,1826,1192,243
1823: 401,1943,850,1925,83,722,101,102,2248
1824: 899,2059,1873,465,698,1504,39
1825: 1431,1677,332,451,751,343
1826: 242,759,1822,2076,1870,1192,900,243
1827: 479,705,1087,1896,466,1728
1828: 1667,84,1036,85,2241,1742,609,1216
1829: 786,1315,1406,756,132,344,112
1830: 754,269,1343,285,753,1842
1831: 1721,86,105,1886,768,1005
1832: 467,1973,1549,968,710
1833: 1807,468,1668,341,189,1003
1834: 89,499,577,2024,1559,1766
1835: 670,1152,1151,1965,1356,91
1836: 153,1457,2041,345,1499,154,173,1163,1578,898
1837: 770,531,1927,565,1971,2118,346,2250,1127
1838: 216,2048,589,1362,1019,503,671,1694,2055,2030
1839: 841,1618,286,347,1616
1840: 348,630
1841: 1336,678,1136,111,131,2017,1020
1842: 1455,754,1830,285,1960,1498
1843: 427,2091,30,1465,45,1021,2062
1844: 1022,1730,324,791,2067
1845: 1808,1040,2068,783,394,1758,867,1043,1524,1983
1846: 182,971,2094,1023,1523,1131,163,2269,2266
1847: 717,945,1448,469
1848: 196,1594,1461,811,1471,403,1024,503,671,946
1849: 819,1025,797,326,1332,1734
1850: 316,868,1542,1895,1029,1613
1851: 1026,2090,518,1011,2096,480,1056
1852: 1947,244,808,446,1447,903,2076
1853: 504,92,1863,800,1345,579,1088,2014,2189
1854: 297,2045,1027,741,1476
1855: 673,859,794,1183,1521,1703,199,1150,349,1763,1371
1856: 995,1221,1641,869,1682,762,1220,55
1857: 73,93,1464,1220,1765,419,1157
1858: 755,1910,1756,321,739,1741,894
1859: 1284,913,2097,1532,966,1701
1860: 1364,350,1146,1642,846,1410,14
1861: 248,247,1645,1786,1547,942
1862: 351,773,734,1725,1934
1863: 504,92,1853,1136,1336,678,1406,756
1864: 844,352,1487
1865: 945,248,247,368,1938
1866: 886,1651,757,144,123,124,439
1867: 925,249,2101,250,2052,947
1868: 1753,764,1893,385,414,217,1047,758,1439
1869: 250,2052,1470,955,391,1900,338,949
1870: 903,2076,1826,759,900,243,2060
1871: 1371,1573,673,1540,353,239,1271,433,1621
1872: 372,270,760,1184,287,1424
1873: 1913,761,478,465,1824,2059
1874: 733,1722,470,1049,974,1680
1875: 354,1884,467,2215,356
1876: 453,1707,180,1683,355,1711,685
1877: 1303,93,651,869,762,1464
1878: 1302,1884,980,356,358,987,54
1879: 2101,471,912,2095,925,1333
1880: 96,1506,97,2160,1719,1143,572,116,1294
1881: 578,166,594,989,1187,1556,185,1815,357
1882: 1396,804,295,472,908,1468
1883: 251,703,1543,1787,513,1275,1479
1884: 1875,354,1629,980,356,1878
1885: 557,1115,1331,2225,2222,473,1112
1886: 105,590,870,86,1699,1831
1887: 345,1499,763,1317,658,2255,491,814,173
1888: 359,1729,362,1525,40,1923,1548
1889: 313,871
1890: 951,1479,513,2073,252,952,1482
1891: 48,1595,1028
1892: 2141,1283,2138,1477,2130,1063
1893: 1954,1694,487,764,216,385,1868,1753,414
1894: 1009,1112,475,1756,320,1741
1895: 1687,868,1850,392,1029,455
1896: 129,1915,479,1827,1728,765
1897: 2098,1346,272,1199,522,1976,600,1030,927
1898: 1199,522,1185,253,1351,2202,272,1507
1899: 289,1911,1932,766,1555,304,603
1900: 1031,232,391,1640,1869,338,1787
1901: 99,1550,2227,79,1793,704,335,1118,827
1902: 420,1969,897,1698,946,1133,2259,950,767,1982,1994
1903: 67,663,1032,672,485,1742
1904: 768,1955,738,2004,644,1286
1905: 476,62,1238,619,64,1236,719,1713
1906: 255,960,1323,1223,525,273,442
1907: 1658,81,964,1236,1804,100,1593
1908: 1421,769,1347,1916,1380,668,681
1909: 1360,134,684,690,1432,789,360
1910: 477,1589,669,1756,755,1858
1911: 289,1899,288,361,303,603
1912: 37,362,1520,1923,611,881
1913: 1873,761,378,817,1981,478
1914: 1051,885,363,998,627,2046
1915: 2172,544,2171,479,1896,129
1916: 722,1630,1347,1908,401,1168,668,681
1917: 690,2029,532,134,1921,1472,360,1941,876,364
1918: 481,1310
1919: 174,1996,1163,883,194,1213,365,1014
1920: 914,482,654,2099,782,1990,1953
1921: 1472,889,532,115,1917,366,1142,1374,364,696
1922: 489,483,1717,120,785,1968,652,140,1300,1258
1923: 1548,872,362,1888,1912,1978
1924: 940,1426,2168,484,1624,2082
1925: 850,1817,1658,81,1972,101,2248,1823
1926: 1932,612,2089,290,772,766,873
1927: 2254,565,613,1129,2255,1971,1837,770
1928: 626,542,2167,2170,2162,874
1929: 2213,1223,256,1483,1988,379,1106
1930: 460,1033,2265,2100,164,523,1186,1735
1931: 321,421,771,1311,1264,1013
1932: 1926,612,1444,772,766,873,289,1899
1933: 1316,117,666,400,367,1339,2085,706,512
1934: 806,723,1862,773,5,1147
1935: 1032,1603,1366,49,672,1764
1936: 976,1598,1202,260,259,1382,1193,1260,277
1937: 1649,1783,1535,2044,78,1502,875,1078,688,437
1938: 368,247,2178,1093,1865,724
1939: 1456,369,2107,918,370,284
1940: 672,485,1764,2235,790,2057
1941: 876,1917,690,360,364,153,1288,154
1942: 2112,263,903,1947,262,2060
1943: 401,1823,101,102,1363,121,2246
1944: 877,1399,943,399,1574,397
1945: 89,499,131,878,110,2017
1946: 1813,323,1723
1947: 1852,244,903,2076,1342,1942,263
1948: 30,843,493,438,879,910,1462,863,2091
1949: 1035,497,1691,319,1754,328
1950: 1751,1421,1380,103,857,1170,585
1951: 558,2107,2231,370,2223,1564
1952: 347,1616,1522,840,314,774
1953: 84,1036,782,1920,482,1990,67
1954: 1893,1694,1587,1326,195,1019,487,764,1753
1955: 768,1904,412,105,590,1738,738
1956: 868,1542,880,361,303,1037
1957: 1375,371,1419,922,2114,7
1958: 775,1373,1488,350,1410,836
1959: 1509,106,1486,1460,958
1960: 760,1498,1842,1455,417,300
1961: 953,1509,107
1962: 1038,1262,632
1963: 322,776,1761,1310
1964: 501,618,1375,7,2027,373
1965: 1151,72,777,1835,91,1759
1966: 1332,1734,488
1967: 2239,1484,924,2116,22,374
1968: 1777,652,802,1354,1780,489,1922,743,413,1256
1969: 420,1902,1698,1133,950,767,1755,862,778,1994
1970: 1454,490,1051,885,2007,1246,57,58
1971: 2255,491,1927,565,172,1837,346,2250,564
1972: 837,375,1566,100,81,1925,101,102,2248
1973: 1832,467,710,1039,53,2215
1974: 830,975,1558,559,119,2226,1592,1388,978
1975: 1037,302,880,1522,840,1669
1976: 376,1222,711,254,1581,2098,1897,1346,612,927
1977: 377,1397,810,1466,1195,24,1355
1978: 624,1923,872,628,881,56,1254
1979: 1610,718,2001,779,1458,292,291
1980: 1296,1586,720,492,1025,1526
1981: 817,895,1,1440,378,1913
1982: 1478,218,2267,1133,2259,420,1902,1812,780,1994,1758
1983: 1524,1040,1845,2000,256,2213,1483,963
1984: 1592,407,1388,978,120,785,2005,483
1985: 261,2037,882,260,1819,1598,1193
1986: 735,765,781,1728,1438,1189,149
1987: 1567,1212,1041,1749,708,393,2064,214
1988: 442,1223,1929,379,1106,1626,1450,448
1989: 1539,14,1588,493,1211,43,2240,910
1990: 2077,524,782,1920,1953,1036,725
1991: 575,1611,2217,1149,1042,72
1992: 1385,1604,1257,2191
1993: 1267,108,740,1269,494,596
1994: 862,778,420,1969,1902,1478,1982,783,394,237
1995: 988,585,1076,2185,1651,2153,757,123
1996: 174,1919,1571,1163,564,883,2251,1213
1997: 967,554,2211,2212,1104,1369,1579,381
1998: 1720,382,822,1536,207
1999: 662,2026,896,500,136,928,1325,884,1463,2035
2000: 408,1395,867,1043,1263,1524,1983,2123,692,963
2001: 1579,381,973,1610,1979,718,383
2002: 348,1604,1257
2003: 384,2169
2004: 2065,1005,768,1904,644,126
2005: 785,732,2226,407,1984,1529,687,1570,820,158
2006: 1052,59,42,2050,1585,1657,495,835
2007: 634,885,363,1743,1970,58,1010
2008: 1643,385,749,487,1752,764,1749,214,984,1047
2009: 1651,2023,498,988,1495,694,886
2010: 386,1244,190,621,586,229
2011: 1390,21,1433,2245
2012: 430,1417,1533,1642,846,823
2013: 1020,1044,1336,1406,132,344,1128,151,2257
2014: 2189,1088,92,1853,545,756,786
2015: 497,981,317,1688,851,1663
2016: 541,387,2155,606,28,931,1661
2017: 110,526,1945,131,1841,1020
2018: 69,1045
2019: 279,604,1393,1748,2042,1173,388
2020: 1774,742,1248,1710,730,389
2021: 1517,1639,314,787,965,1654
2022: 1758,867,1043,238,788,1263,1524,1395
2023: 1651,2009,1751,858,498,988,585
2024: 670,1152,577,569,89,1834,499
2025: 383,276,1610,291,888,307,727
2026: 662,896,1999,1500,135,1289,1344,1325,884,398
2027: 2084,920,793,1375,1964,501
2028: 1700,739,329,502,1760
2029: 1917,690,2129,95,2127,532,134,1472,364
2030: 2055,897,1024,503,671,196,216,1838,2048,1475
2031: 1583,863,890,1790,1469,1544,434
2032: 902,2072,800,1137,1136,504
2033: 599,210,1169,2061,2117,1492,505
2034: 883,2251,2253,891,1126,1213,192,193
2035: 506,156,1999,136,928,884,1463
2036: 38,1762,2234,1436,2242,892
2037: 1985,261,1046,882,2038,1192,1193
2038: 1822,2108,893,1449,1046,2037,1192
2039: 894,739,1264,1262,502,1718
2040: 758,1439,1692,396,1103,2205,553
2041: 153,1457,1836,1340,1432,789,360,345,1499
2042: 1748,1048,2019,528,1697,388,1012
2043: 1331,664,1574,305,557,1049,1722
2044: 507,431,1370,1008,1585,78,1649,1937,1535
2045: 1027,1050,1686,2049,2110,1854
2046: 1247,40,998,1548,1051,1914,57
2047: 895,0,1359,1195,24,1440
2048: 216,1838,1019,2055,897,2030,1753,508,1475
2049: 390,281,1050,2045,297,1854
2050: 1008,1585,42,1568,1739,1052,59,2006
2051: 1156,509,584,74,94,113,1167
2052: 250,1869,1470,249,955,391,1867
2053: 135,1142,1374,572,1541,702,500,896
2054: 2237,2244,1210,60,562,1217,1053
2055: 897,2030,503,1838,2048,1698,508,950,1475,767
2056: 392,1669,852,1687,969,1516
2057: 790,1940,1764,332,751,1818
2058: 1163,1578,898,1161,174,583,194
2059: 1824,899,1873,761,11,25
2060: 262,991,903,2076,1870,900,1942,1670
2061: 231,1194,1196,2033,599,505,955,510
2062: 1054,2075,427,1843,45,1055,1021,1681
2063: 901,2131,1070,2220,752,222
2064: 393,214,1987,1643,984,234,233,2088,1798
2065: 1005,2004,948,511,126,1282,1737
2066: 434,1055,1073,2143,63,1681
2067: 791,1413,1730,939
2068: 1808,1040,1845,862,783,394,867,2104,237,1524
2069: 1612,82,518,64,1713,1056
2070: 1684,1045,411,462,395
2071: 2081,907,2085,709,512,1575,657,1102,2201,1107
2072: 902,2032,1383,1765,73,800
2073: 513,1620,517,2088,252,952,1890
2074: 1454,490,1653,1776,809,683,792,573,1145
2075: 1054,2062,1021,514,62,1238,994
2076: 903,1870,1308,808,1447,1826,759,1947,1852,2060
2077: 1990,524,782,1057,1036,65,725
2078: 396,217,1781,1439,1755,236,745,553,1803,1058
2079: 587,1172,904,679,308,1485
2080: 1325,1289,1161,398,583,1177,905,176
2081: 2071,1575,1693,2201,972,1182,515,1107,1580
2082: 1624,484,1924,1517,301,906
2083: 1207,603,304,877,1206,305,397
2084: 2027,920,847,1647,793,1600,2111
2085: 907,706,1933,1316,117,367,1339,1312,512,2071
2086: 1004,516,77,2161,875,1078,540,1590,1719
2087: 1485,421,587,295,908,771
2088: 234,233,1810,2064,517,1797,2073,252,1006
2089: 612,909,290,1626,1450,1926,873
2090: 1026,1851,1706,521,1745,518,1011,2096
2091: 427,1843,1462,30,1948,1465,1518,1015
2092: 235,519,2199,1103,2205,1322,553,2200,1291,1105,2202
2093: 2114,7,911,1386,373,18
2094: 1023,1523,520,568,1131,1846,2269
2095: 724,912,1879,1606,1655,1333
2096: 1057,521,2102,1026,1851,2090,524
2097: 864,435,1685,1532,1859,913
2098: 1897,1346,711,272,1581,522,1976
2099: 1307,548,654,66,914,1920,482
2100: 164,622,1551,1242,523,1930
2101: 1879,925,1867,915,1333,947
2102: 1306,521,47,1057,2096,524
2103: 311,1165,432,916
2104: 1788,1512,237,1808,2068,1323,960,525
2105: 917,653,48
2106: 130,1227,110,526,1044,1153,1231
2107: 918,1939,1951,558,370
2108: 416,748,1443,1449,527,1046,882,2038
2109: 922,1348,801,2114
2110: 528,997,1686,1048,2045,1027
2111: 438,879,1600,2084,920,890,1790
2112: 1942,263,262,529,997,1686
2113: 1482,1726,951,1185,921,695,957
2114: 2093,7,2109,922,1957,911
2115: 1235,923,618,1469,31,1072
2116: 461,1762,1407,924,1967,374,2242
2117: 471,546,1169,2033,2184,1492
2118: 2121,613,616,1837,770,531,1248,1061,211,1740
2119: 2120,211,1740,191,1774,742,1060,212,213
2120: 2119,191,1774,1060,192,607,212,213
2121: 2118,150,613,616,770,1061,211
2122: 1062,570,2208,76,1139,95,815,115,889
2123: 2125,2128,1263,1273,1064,408,1395,2000,1066,534
2124: 545,2183,2189,2129,1065,2174,684,1360
2125: 2128,2123,1273,1064,1270,636,1395,1066,534
2126: 220,1270,636,1272,221,258,1066,2211,637
2127: 95,114,532,2129,1360,134,2029,1472
2128: 2125,2123,1270,408,1066,2211,1104,534,554
2129: 1065,1489,1138,2124,95,114,2127,1360,134,2029
2130: 1067,1063,167,1892,2141,986,186
2131: 2139,201,1467,855,2063,901,796,752,222
2132: 1277,639,108,1160,494
2133: 535,2136,1110,1070,2220,2219,183,202,2221
2134: 1809,462,52,620,1071,536
2135: 2138,533,691
2136: 535,2133,1070,752,1821,202,416,1309
2137: 536,1809,1750,1237,90
2138: 533,1283,1892,1477
2139: 201,2131,440,855,1769,796,1068,222
2140: 1341,69,1750,88,70
2141: 1892,474,1283,167,986,2130,1063
2142: 46,2143,1072,19,32,2145
2143: 2142,46,63,1073,1072,2066,2145
2144: 2145,32,46,537,521,1745,1306
2145: 2144,32,2142,46,2143,537,1745
2146: 451,2149,343,538
2147: 106,1074,729,86,1721,1460
2148: 538,1075
2149: 343,87,538,1514,426
2150: 2152,1077,1411,845,539,838,1599,520
2151: 1141,539,2177,1077,571,1225,1435,838,615
2152: 2150,1077,143,142,123,1411,845,539
2153: 143,1076,2185,122,585,1995,2188,757,123,1411
2154: 1079,98,1130,2262,97,118,2268,1295,2264,567
2155: 541,387,2016,1080,1268,1568,931,1739
2156: 775,1373,404,1081,2159,541,387,606
2157: 1378,1081,674,41,27,1266,1080,387
2158: 540,1590,875,437,2262,1134,97,98
2159: 1211,1373,836,2156,541,606
2160: 97,1719,540,1880,1079,98,116,1294,1295
2161: 697,1144,77,1145,1078,1004,516,2086,1590
2162: 874,2167,1928,1082,2163,169,1561
2163: 168,1082,2162,1083
2164: 1085,2166,1084,312,2168,543
2165: 300,1218,1424,1085,2166,1618
2166: 2164,1085,1622,417,300,2165,312
2167: 542,1928,1082,2162
2168: 1426,1084,2164,484,543,1924
2169: 168,993,2003,384
2170: 148,1928,874,1087
2171: 635,1269,148,544,1915,479
2172: 544,1915,1267,1190,129,1086
2173: 1086,781,1191,1298,1299,1438,170
2174: 1089,684,545,2124,786,1315,1432
2175: 1780,141,1402,1090,1125,744,743,2177,1092
2176: 229,1278,640,1171,2181,1091
2177: 1092,2175,142,744,413,1077,571,1435,2151,539
2178: 1547,1279,247,1093,230,1938
2179: 34,1430,336,2182
2180: 445,1095,444,1644,1307
2181: 546,640,2176,1279,1091,230
2182: 1503,34,2179,336,917,1650
2183: 545,2124,113,2187,954,1489,2189,1065
2184: 1093,230,546,2117,471,912
2185: 1076,122,547,1995,2188,1125,143,2153,142
2186: 1095,1474,33,1204,602,548
2187: 113,954,509,579,1088,1167,2189,2183
2188: 1090,1125,547,2185,122,143,2153,142,1092
2189: 2014,579,1088,2187,954,1853,545,2124,2183,786
2190: 549,1488,1337,1408,2192,1097,422
2191: 380,1257,2,1992,1385,3
2192: 798,1337,1408,4,549,2190,1364
2193: 630,2,1368,723,1096
2194: 1342,425,1497,1098,550,1099,799
2195: 245,264,1285
2196: 246,1779,1685,550,1099,913
2197: 1494,1098,529,799,1226,1050,281
2198: 157,1313,1352,657,1102,1367,811,1471,552,2204,178
2199: 1103,2205,1798,854,1017,519,2092
2200: 1322,553,1803,396,2205,1058,2092,646,1105
2201: 657,1102,907,1575,157,2081,2071,178,515,1107
2202: 253,1351,1017,593,235,519,2092,1291,1185,1898
2203: 792,573,1429,1100,1145,570,551,2208
2204: 552,178,566,157,1313,2198,1102,811,1471,177
2205: 2199,1103,1692,2040,854,553,2200,2092
2206: 1004,516,77,76,1139,815,96,1506,1719
2207: 1182,515,1107,552,178,566,1135,592,2263
2208: 570,551,2203,573,1100,76,1139,2122
2209: 1138,1101,424,1429,570,551,95,114
2210: 1483,692,963,2212,1106,716,932,257,1369
2211: 258,1066,2126,2128,637,967,554,1997,601
2212: 1104,534,1483,692,2210,1997,257,1369
2213: 1929,1040,1983,1223,256,1483,963,1106
2214: 555,839,2216,53,1109,1611
2215: 53,1109,467,1973,1875,356,1108
2216: 1039,51,53,555,2214
2217: 1149,54,1109,1108,1611,1991
2218: 689,1445,1467,1111,556,901,2220
2219: 1631,183,184,1110,2133,202,2221
2220: 1110,1070,2218,1111,2063,901,183,2133
2221: 202,223,1631,2219,1175,2133,588
2222: 473,1885,1009,1112,1688,318
2223: 1951,1113,1208,2228,1564,283
2224: 1505,1114,337
2225: 475,1350,2229,1885,1115,669,1112
2226: 1446,1116,119,2233,1974,1361,407,1388,138,687,2005
2227: 99,1901,1118,2260,2232,2268,559,2233,1558
2228: 829,1564,2223,283,1480
2229: 306,1232,2230,1365,557,1115,2225,1350
2230: 1230,1232,617,2229,306,557,1115
2231: 605,682,1951,558,1208
2232: 118,2268,1118,2227,1130,559,2233,1361,567,1116
2233: 559,119,99,2227,2232,2268,1558,1361,2226,1116
2234: 1119,23,1762,1436,465,2036
2235: 485,1940,2241,790,1120,1747
2236: 68,1334,1121,790,1747,2243
2237: 2054,2244,1210,1122,1511,562
2238: 1123,1122,1211,43,606,28,1210
2239: 1967,1484,22,1629,980,1785
2240: 43,1989,493,910,29,1123
2241: 85,1742,485,1828,2235,1216,1120,1747
2242: 374,2116,1762,38,2036,560
2243: 1747,1120,561,2236,1121,1180
2244: 2054,2237,1210,816,1015,562,1217,44,61
2245: 1117,2011,887,924,22
2246: 121,2247,102,401,1943,1168,1363,563,2249
2247: 121,2246,1335,1124,2249,926,1780,141,1402,1125
2248: 101,102,1925,837,1972,375,1823,1814,1124,121
2249: 563,547,1363,121,2246,2247,141,1125
2250: 346,1971,1837,531,2251,2253,1127,891
2251: 564,883,172,346,2250,1996,891,1126,2034,1213
2252: 1805,193,1126,192,607,795,1212,1041
2253: 1127,891,1126,2250,1740,191,2034,1060,192
2254: 1927,565,151,152,2256,763,613,1129,2255
2255: 491,1971,152,2256,763,1317,1887,2254,1927,565
2256: 152,1128,151,2257,1317,1229,1129,2254,2255
2257: 151,1020,1044,2013,132,1128,1227,152,2256
2258: 1131,2265,460,1033,163,2269,1132,648
2259: 2267,1133,2261,1594,1452,1698,946,197,1902,1982,780
2260: 335,1118,1772,2262,1134,2227,98,1130,2268
2261: 2267,2259,1135,1452,177,198,2263,946,1491,197,780
2262: 1134,437,2158,335,2260,97,98,2154,1130
2263: 198,592,552,566,1182,2207,1135,177,1183,2261,197
2264: 1295,666,1079,2154,1130,118,116,1361,400,567,117
2265: 1634,568,1551,1599,164,1131,2258,1930,1033
2266: 163,2269,182,1846,971,648,1617,1293
2267: 1133,2261,2259,1452,198,946,1491,197,218,1982,1812,780
2268: 2232,118,335,1118,2260,2227,2154,1130,2233,1361
2269: 163,2266,2094,1023,1131,2258,182,1846,1132