0: 378,10,598
1: 598,348,378,2,11,380
2: 348,1,630,3
3: 2,630,380
4: 630
5: 4,574
6: 351,352
7: 17,438,352,371,373,618
8: 371
9: 10,24,461
10: 0,9,24
11: 378,1,478,380,25,12
12: 26,11,380,25,627
13: 404,549,380,3,12,26
14: 350,15,430,422,493
15: 430,574,14,16
16: 574,6,15,430,496
17: 7,438,6,352,16,496
18: 443,373,618,31,19
19: 18,31,602,46,32
20: 336,34
21: 374,458,22,36
22: 36,374,21,461,37,560
23: 377,461,465,38,359
24: 10,0,378,478
25: 627,478,11,465,12,39
26: 12,627,404,13,41,27
27: 26,404,41,541,634,42,387
28: 541,606,387,60,562
29: 496,430,493,43,427,30
30: 45,496,29,501,427,434
31: 501,19,46,434
32: 19,602,46,47,654,537
33: 602,20,336,34,548,654
34: 20
35: 458,555
36: 22,458,37,354,356,358
37: 560,22,36,38,358,611
38: 37,560,359,611,362
39: 363,465,25,627,359,40
40: 624,359,363,39,362,58,57
41: 627,26,363,27,634
42: 387,507,27,634,59,495
43: 606,493,29,427,562,44
44: 514,43,427,608,562,61
45: 30,427,434,514,62,63
46: 434,31,19,32,63,537,518
47: 654,32,444,537,524
48: 548,445,653,66
49: 50,332,66,67,485
50: 332,49,447,451
51: 52,467,555,462,411
52: 51,555,575,53,411,72
53: 575,555,354,356,52,651
54: 651,356,358,55,419
55: 419,358,611,628,54,74
56: 74,362,628,624,75,584
57: 490,40,624,58,75,424
58: 363,40,634,57,490,59
59: 573,58,634,42,490,495
60: 28,387,507,608,562,431
61: 456,608,514,44,79,80
62: 45,514,63,476,456,619
63: 476,45,46,434,62,518
64: 476,521,518,82,480,83
65: 480,521,524,482,84,406
66: 653,48,447,482,49,67
67: 85,482,66,49,84,485
68: 485,343,86,561,87
69: 536,88,639,70
70: 69,536,620,639,90
71: 90,620,72,91,569,499
72: 411,620,52,575,91,71
73: 575,651,419,91,93,504
74: 56,628,55,419,579,584
75: 624,56,57,584,94,424
76: 573,551,77,570,96,516
77: 540,573,495,78,76,516
78: 495,507,431,77,540,437
79: 608,431,61,437,335,80
80: 100,99,79,456,61,335
81: 101,456,619,82,100,102
82: 476,619,64,81,102,83
83: 401,82,64,480,102,563
84: 482,65,85,67,406,609
85: 67,84,485,609,104,561
86: 561,87,105,590,106
87: 343,538,86,426
88: 639,582
89: 494,577,108,596,109
90: 71,620,70,494,577,499
91: 72,73,71,569,504
92: 113,93,504,111,344,112
93: 579,419,73,504,92,113
94: 75,509,584,95,424,114
95: 551,424,94,114,532,570
96: 76,570,516,647,115,572,116
97: 567,540,98,516,647,400
98: 437,540,335,97,567,559
99: 100,80,335,559,119,342
100: 80,99,456,81,101,342
101: 81,100,102,342,375,121
102: 82,81,101,83,121,563
103: 609,406,104,585,498,409
104: 85,609,103,561,409,590
105: 590,86,106,412,511
106: 86,87,426,105,107
107: 426,106,642
108: 635,582,494,89,596
109: 110,130,577,596,129,650
110: 109,130,577,499,131,526
111: 132,569,504,92,131,344
112: 344,92,113,545,133,345
113: 92,579,93,509,545,112
114: 509,94,95,545,532,134
115: 364,532,570,96,572,366
116: 117,96,647,572,136
117: 116,647,400,136,137,367
118: 567,559,119,400,407,138
119: 342,99,559,118,120,407
120: 407,119,342,375,489,483
121: 101,102,375,563,547,141
122: 563,547,401,585,143,123
123: 122,585,498,143,144,539
124: 622,409,590,439,412
125: 644,622,412,145,146
126: 511,412,644,147
127: 642
128: 582,626
129: 479,596,109,650,149
130: 109,110,526,650,150
131: 569,499,111,132,110,526
132: 111,131,344,526,151,152
133: 545,112,134,345,153,360
134: 545,114,532,133,364,360
135: 366,364,360,154,500,645,398
136: 500,572,116,117,366,137,506
137: 117,136,367,506,156,157
138: 512,400,118,407,367,158
139: 483,158,652,515,428,159,140
140: 159,139,652,160,629
141: 375,121,547,489,142,413
142: 143,547,141,413,571
143: 142,122,547,123,539
144: 439,498,123,568,539,164
145: 622,164,125,523,165,146
146: 578,641,145,644,125,165
147: 644,474,641,166,334
148: 542,626,635,169,544
149: 595,170,479,129,650,341
150: 130,526,151,613,616
151: 132,526,152,150,613,565
152: 491,345,132,344,151,565
153: 133,491,345,360,154,173
154: 360,153,135,173,645,174
155: 506,500,398,156,176,589,403
156: 137,155,506,552,157,403,177
157: 552,137,367,512,156,178
158: 139,483,407,512,138,515
159: 140,139,428,629,576,180
160: 413,652,571,140,615,629
161: 162,615,520,181,453,182
162: 571,568,539,615,161,520
163: 523,520,183,182,460,648
164: 439,144,622,568,145,523
165: 145,523,578,146,460,594
166: 147,578,641,334,463
167: 334,464,187,186
168: 542,466,188
169: 544,542,148,168,466
170: 595,149,650,616,625
171: 616,531,625,621,211
172: 565,491,173,564,346,365
173: 491,153,154,172,174,365
174: 645,583,154,173,365,194
175: 176,583,194,589,487,195
176: 175,583,398,155,589
177: 403,156,552,566,196,197
178: 515,512,552,157,566,592
179: 428,592,576,199,349
180: 355,181,159,629,576,200
181: 355,180,615,629,161,453
182: 183,161,520,163,453,556
183: 182,163,648,202,556,184
184: 183,648,185,202,204,588,203
185: 594,460,648,184,204
186: 187,206,166,167,334,463
187: 186,206,167,464,207,580
188: 168,466,384,189
189: 468,466,341,188,209,386
190: 595,468,625,621,586,210
191: 531,564,211,192,212,213
192: 193,564,365,191,213,607
193: 192,365,194,487,607,214
194: 174,583,365,175,193,487
195: 175,589,487,503,215,216
196: 403,177,503,197,420,508
197: 177,566,196,198,420,423
198: 219,566,592,197,349,423
199: 349,179,576,353,200,433
200: 353,576,355,180,199,440
201: 535,355,453,440,556,222
202: 556,183,535,184,655,588
203: 446,224,184,204,588
204: 185,594,357,184,449,446,203
205: 357,463,449,454
206: 187,186,463,205,580,226
207: 382
208: 228,209,459,247
209: 228,384,188,189,208,386
210: 389,190,621,586,230,599
211: 171,531,621,191,389,212
212: 211,191,213,591,231
213: 591,191,192,212,339,607
214: 393,385,193,487,607,215
215: 396,487,195,385,214,216
216: 414,195,503,396,215,508
217: 420,508,414,218,530,237
218: 423,217,420,238,237,394
219: 198,349,423,238,239,433
220: 353,636,433,221,637
221: 353,440,220,222,637,240,415
222: 416,440,535,201,221,415
223: 655,416,588,242,418
224: 446,203,588,244,418,425
225: 449,446,454,425,550
226: 580,205,435,454,227
227: 580,226,382
228: 209,386,247,640
229: 640,386,586,230
230: 586,210,229,599,505
231: 391,389,212,591,599,510
232: 591,339,391,233,338,513
233: 339,393,232,234,513,517
234: 393,385,233,553,517,519
235: 553,236,519,646,253,272
236: 396,414,553,530,235,646
237: 530,217,218,255,525
238: 219,218,423,239,633,394
239: 636,433,219,238,633
240: 241,415,221,637,258,601
241: 240,415,527,601,260,261
242: 416,223,527,418,597,243
243: 262,242,244,418,279,597
244: 418,224,425,262,243,263
245: 550,246,529,281,643
246: 457,245
247: 459,640,248
248: 368,247,640
249: 505,510,250,369,267
250: 510,391,249,338,267,638
251: 638,338,513,252,268,269
252: 513,517,251,372,593,269
253: 600,270,519,235,593,272
254: 255,530,646,272,522,612
255: 254,530,237,273,525,612
256: 257,408,394,273,525,379
257: 256,408,554,379,274,275
258: 381,534,637,240,554,601
259: 277,381,601,260,383,276
260: 601,241,261,277,259,631
261: 241,527,260,597,278
262: 243,244,279,263,388,528
263: 244,425,262,529,528,390
264: 245,643
265: 469,266,605
266: 265,369,605,558
267: 249,250,369,638,370,284
268: 638,251,284,285,269
269: 417,285,251,252,372,268
270: 600,253,372,593,287,271
271: 600,270,287,623,429,610
272: 522,235,646,254,600,253
273: 525,255,256,612,442,379
274: 379,257,275,452,448,291
275: 257,554,381,274,383,291
276: 383,277,259,307,293
277: 259,260,631,276,293
278: 604,261,279,597,631
279: 597,262,243,604,278,388
280: 528,297,333,432
281: 297,529,245,643
282: 605,558
283: 558,370,282
284: 267,638,370,268,298
285: 417,269,268,410,312,300
286: 417,287,300,610
287: 372,270,417,271,286,610
288: 623,600,522,289,376,361
289: 376,288,290,361,303,304
290: 442,289,376,448,304,305
291: 274,275,383,452,292,617
292: 307,383,291,617,306
293: 277,631,276,294,405,587
294: 472,631,604,293,295
295: 310,294,472,309,587,581
296: 388,528,472,280
297: 281,390,280,333,614
298: 370,284,283,337
299: 410,312,298,337,340
300: 417,285,312,286,543
301: 313,286,610,543,314,347
302: 429,361,303,347,392
303: 289,361,304,302,392,316,603
304: 289,290,303,305,603
305: 399,290,452,448,304
306: 307,292,617,557,475
307: 292,383,276,306,402,405
308: 309,587,402,405,477,421
309: 587,308,310,295,421,322,656
310: 295,311,581,656,481
311: 581,310,432,656,481
312: 299,410,285,300,340,543
313: 301,543,441,436,484
314: 347,313,301,484,450
315: 314,302,450
316: 392,303,603,455,326,470
317: 473,497,327
318: 557,475,497,320
319: 497,320,328
320: 475,477,502
321: 421,322
322: 656,421,321
323: 484,450,486
324: 450,315,455,486,488
325: 488,649
326: 492,470,455,488,325
327: 649,317,497,328
328: 497,327,319
329: 320,502,319
332: 50,49,451,485,68,343
333: 297,280,432
334: 167,147,474,166
335: 79,437,98,80,99,559
336: 20,443,18,19,33,602
337: 298
338: 391,232,250,513,638,251
339: 607,213,591,393,232,233
340: 337,543,436
341: 466,595,149,189,468
342: 119,100,99,101,375,120
343: 451,538,87
344: 112,92,111,132,152,345
345: 152,491,344,112,133,153
346: 564,613,565,172,531
347: 314,429,610,301,302
348: 1,2
349: 199,592,179,198,219,433
350: 14,4,3
351: 5,574,6
352: 6,371
353: 200,199,440,433,220,221
354: 35,458,36,555,356
355: 181,180,453,200,440,201
356: 358,354,53,54,651
357: 578,594,463,204,449,205
358: 356,36,37,611,54,55
359: 23,465,38,39,362,40
360: 154,133,134,364,153,135
361: 623,288,289,429,303,302
362: 628,38,359,611,40,624,56
363: 39,627,41,40,58,634
364: 115,532,134,360,135,366
365: 172,173,174,564,194,192,193
366: 135,364,115,572,136,500
367: 117,400,137,512,138,157
368: 248,471,546,265,266
369: 249,266,558,370
370: 558,284,283,298
371: 352,8
372: 593,252,270,417,269,287
373: 618,371,8,443,18
374: 21,461
375: 101,342,121,120,489,141
376: 289,522,612,442,288,290
377: 23,9,24,478,461,465
378: 0,598,1,478,11
379: 274,273,257,256,442,448
380: 1,2,11,3,12
381: 258,554,601,275,383,259
382: 580
383: 381,275,259,291,307,292,276
384: 208
385: 393,214,396,215,234,553
386: 189,468,228,209,586,229
387: 42,507,27,28,541,60
388: 279,262,604,528,472,296
389: 210,621,211,212,599,231
390: 528,263,529,297,281
391: 231,591,232,510,250,338
392: 316,303,302,315,455
393: 385,214,339,607,233,234
394: 633,218,238,525,256,408
395: 462,69,536
396: 215,385,414,216,553,236
397: 473,304,399,305,603
398: 135,500,645,583,155,176
399: 305,452,617,473,397,557
400: 97,567,117,118,367,138
401: 83,480,406,563,122,585
402: 405,307,306,475,477
403: 177,155,156,589,503,196
404: 13,549,26,422,27,541
405: 402,307,276,293,587,308
406: 65,480,84,401,609,103,585
407: 120,119,118,138,483,158
408: 257,256,633,394,534,554
409: 103,104,498,590,439,124
410: 299,312,284,268,285,298
411: 620,72,462,51,52,536
412: 105,124,622,126,644,125
413: 160,489,141,142,652,571
414: 216,396,217,508,236,530
415: 241,240,221,416,222,527
416: 222,535,223,655,415,527,242
417: 285,269,372,287,300,286
418: 244,223,588,224,242,243
419: 55,54,651,74,73,579,93
420: 217,508,196,197,218,423
421: 477,322,502,321
422: 14,404,549,493,541,606
423: 218,197,198,219,420,238
424: 551,95,75,57,490,94
425: 446,224,225,244,550,263,529
426: 87,107
427: 29,43,45,30,514,44
428: 139,515,159,179,576
429: 610,271,623,361,347,302
430: 15,16,493,496,29
431: 507,60,608,78,79,437
432: 296,280,311,581
433: 239,636,219,199,349,353,220
434: 46,501,31,45,30,63
435: 454,227,246,457
436: 441,340,543
437: 98,78,431,79,540,335
438: 17,7,16,618,496,501
439: 144,498,409,124,622,164
440: 355,353,200,201,221,222
441: 436,484,323
442: 273,612,379,376,290,448
443: 18,8,373,20,336
444: 653,47,654,524,482
445: 34,548
446: 224,203,204,449,225,425
447: 48,66,50,49
448: 452,442,379,274,290,305
449: 357,204,205,446,225,454
450: 315,486,324
451: 343
452: 448,274,291,399,305,617
453: 161,355,181,182,201,556
454: 435,449,205,225
455: 392,316,315,324,488
456: 61,514,62,619,100,80,81
457: 227
458: 35,36
459: 247
460: 648,523,163,165,185,594
461: 9,374,377,23
462: 395,536,411
463: 578,166,357,205
464: 207
465: 478,377,23,25,359,39
466: 169,168,341,188,189
467: 35,555
468: 189,341,595,190,386,586
469: 248,368,265
470: 492,326,603,397,317
471: 546,249,505,266,369
472: 294,604,388,296,295
473: 397,399,318,557,317
474: 126,642,147
475: 306,402,318,557,477,320
476: 63,62,518,619,82,64
477: 475,421,320,502
478: 378,24,11,465,25
479: 129,169,544,466,341,149
480: 65,521,64,83,401,406
481: 310,322,656
482: 653,444,524,66,65,84,67
483: 139,158,120,407,489,652
484: 313,450,323
485: 68,332,49,85,67,561
486: 450,324
487: 194,175,193,195,214,215
488: 455,324,325
489: 375,120,141,483,652,413
490: 57,58,59,573,551,424
491: 152,345,153,565,172,173
492: 326,470,317,325,327,649
493: 430,422,29,43,606
494: 89,639,70,90,582,108
495: 78,42,507,59,573,77
496: 29,430,16,17,438,501,30
497: 317,327,328,319
498: 103,585,409,123,439,144
499: 577,90,71,569,131,110
500: 136,572,135,366,398,155,506
501: 438,618,496,31,30,434
502: 477,321,329,632
503: 589,403,195,196,216,508
504: 91,73,93,569,92,111
505: 249,230,599,471,546,510
506: 155,136,500,137,156
507: 42,387,60,495,78,431
508: 217,420,503,196,414,216
509: 584,579,94,113,545,114
510: 250,599,231,391,249,505
511: 126,105,106,107,642
512: 138,367,158,157,178,515
513: 232,233,338,517,251,252
514: 44,427,45,62,456,61
515: 178,512,139,158,428,592
516: 647,76,77,540,96,97
517: 519,233,234,513,252,593
518: 537,521,46,63,476,64
519: 517,234,553,235,593,253
520: 162,568,161,523,163,182
521: 537,518,524,64,65,480
522: 272,254,600,612,288,376
523: 163,568,164,145,520,165,460
524: 47,444,537,521,482,65
525: 273,237,394,255,256
526: 131,132,110,130,151,150
527: 416,241,415,242,261,597
528: 390,262,263,388,296,280
529: 425,550,263,245,281
530: 237,414,217,236,646,255,254
531: 171,564,346,211,191
532: 570,95,114,134,364,115
533: 474,167,334
534: 636,633,637,408,554,258
535: 201,202,556,416,222,655
536: 395,462,69,411,620,70
537: 521,518,46,32,47,524
538: 343,426
539: 568,143,123,144,162
540: 77,78,437,98,516,97
541: 28,404,422,27,606,387
542: 148,168
543: 312,300,340,313,301,436
544: 169,635,108,596,479,129
545: 509,113,114,112,133,134
546: 471,640,229,230,248,368,505
547: 563,122,121,141,143,142
548: 33,445,654,653,444,48
549: 404,13,3,350,14,422
550: 225,425,246,529,245
551: 95,424,490,573,76,570
552: 157,156,178,177,566
553: 385,396,234,236,519,235
554: 534,257,408,381,258,275
555: 35,354,51,52
556: 202,453,183,182,535,201
557: 318,399,617,306,475
558: 266,369,370,282,283
559: 98,335,99,567,119,118
560: 37,461,377,23,38
561: 86,85,485,68,104,590
562: 608,28,43,606,60,44
563: 122,547,102,83,401,121
564: 346,172,531,365,191,192
565: 172,151,152,491,613,346
566: 552,178,177,592,197,198
567: 97,98,559,400,118
568: 539,144,162,164,520,523
569: 91,71,504,499,131,111
570: 532,551,95,76,96,115
571: 162,142,413,160,615
572: 96,115,116,366,136,500
573: 59,490,495,551,76,77
574: 5,351,6,15
575: 53,52,651,72,91,73
576: 428,159,179,180,199,200
577: 499,90,89,109,110
578: 641,146,165,166,594,357,463
579: 93,419,74,509,584,113
580: 226,187,206,207,382,227
581: 311,472,296,310,295
582: 88,639,128,635,108
583: 645,174,398,194,175,176
584: 509,74,56,75,579,94
585: 401,406,103,122,498,123
586: 468,190,386,229,230
587: 309,308,293,294,405,295
588: 202,184,223,655,224,203,418
589: 155,175,176,403,195,503
590: 105,104,86,561,409,124
591: 213,212,339,231,391,232
592: 178,515,566,179,198,349
593: 372,517,519,252,270,253
594: 185,165,578,460,357,204
595: 149,170,341,468,190,625
596: 89,108,109,544,129
597: 279,527,242,261,243,278
598: 1,0,378
599: 210,389,230,231,505,510
600: 270,253,272,522,271,623,288
601: 260,241,240,381,258,259
602: 33,19,32,654
603: 303,304,316,397
604: 278,279,631,388,294,472
605: 265,266,558,282
606: 43,422,493,28,541,562
607: 339,192,193,213,393,214
608: 562,60,44,431,79,61
609: 103,84,85,406,104
610: 429,287,271,286
611: 37,38,358,362,628,55
612: 255,254,273,522,442,376
613: 151,150,565,616,346
614: 297,281,643
615: 629,160,162,571,161,181
616: 171,150,613,170,625
617: 452,291,292,399,306
618: 373,7,438,501,31
619: 62,476,456,82,81
620: 411,72,536,70,90,71
621: 625,171,190,211,210,389
622: 124,439,412,164,145,125
623: 288,600,271,429,361
624: 40,362,56,75,57
625: 621,595,170,616,171,190
626: 128,635
627: 25,12,26,363,39,41
628: 362,611,55,74,56
629: 615,160,159,140,181,180
630: 4,3
631: 260,277,604,278,293,294
632: 502,321
633: 394,238,239,636,534,408
634: 363,41,27,58,42,59
635: 108,582,626,544
636: 239,433,220,633,534,637
637: 636,220,221,534,240,258
638: 251,250,338,267,284,268
639: 88,70,582
640: 229,247,248
641: 578,146,644,147,166
642: 107,127
643: 245,264,281
644: 125,412,126,147,641,146
645: 174,583,154,135,398
646: 236,530,235,254,272
647: 516,96,97,116,117
648: 460,163,183,185,184
649: 327,325
650: 109,130,129,149,170
651: 54,356,575,53,419,73
652: 489,139,483,413,160,140
653: 444,48,482,66
654: 47,33,602,548,32,444
655: 223,535,202,416,588
656: 322,310,311,481