0: 1195,598,930,895
1: 930,715,378,817,934
2: 1257,380,348,630,1096,3
3: 13,2,380,1096,798,1097
4: 723,798,1146,549,350,846
5: 1259,806,1096,15
6: 352,371
7: 17,922,501,793,373
8: 801,860,20,911,18,443
9: 10,805,887,924
10: 810,805,377
11: 761,817,12,831,899,25
12: 831,817,934,13,11,26
13: 3,380,934,1097,12,26
14: 493,350,846,823,836,43,1211
15: 773,5,723,1146,1147
16: 574,1147,430,812,847,496
17: 7,352,371,812,847,793
18: 911,1235,801,8,443,1234
19: 856,1234,923,1072,1200,32
20: 860,8,443,336
21: 887,35,458
22: 1117,374,36,861,980
23: 992,929,478,1119,465,698,892
24: 1195,810,895,377,929
25: 899,11,831,825,1252,39
26: 13,1097,12,831,1253
27: 674,1081,41,1266,1268,1080
28: 1210,387,606,1123,931,60
29: 910,493,43,30,1122,427,816
30: 879,910,29,863,45,427,1021
31: 1073,890,618,923,434,1072
32: 1200,19,1072,46,1204,537
33: 602,856,693,956,1200,548
34: 1094,917
35: 21,458
36: 374,22,560,861,983,37
37: 36,560,38,983,362
38: 560,1119,892,359,37,362
39: 1252,998,698,899,25,1007,627
40: 359,1007,998,872,1051,1247
41: 627,825,1252,674,27,1266
42: 1010,1268,1080,931,1008,1052
43: 1211,14,493,1123,910,29,1122
44: 816,562,1217,1215,1015,61
45: 863,434,30,1021,1054,1055
46: 1073,1072,32,63,537,1011
47: 1204,1306,654,524,782
48: 653,1304,1028
49: 935,1305,447,663,672,1032
50: 1028,447
51: 411
52: 839,411,462,1071,707
53: 467,968,354,1109,1108,356
54: 356,358,1302,1149,651
55: 74,1156,1220,1221,1255,419
56: 584,628,881,624,1255,1254
57: 885,1051,624,1247,1246,490
58: 634,885,1010,490,809,59
59: 1052,495,58,1010,809,1145
60: 1053,507,931,28,1210,1008
61: 1217,44,1215,608,456,712
62: 747,1054,1055,63,1238,476
63: 1055,1073,46,62,747,1011
64: 476,719,747,518,1056,82
65: 1057,1026,480,725,769,406
66: 1305,444,1304,1307,914
67: 482,663,1032,84,1036,485,85
68: 485,751,790,1120,1121
69: 70,1237,1045,395,462,536
70: 69,1237,667,88,1277
71: 777,902,91,1152,1137,569
72: 1042,707,575,1151,91,777
73: 675,93,419,902,1157,800,504
74: 55,1156,419,1157,579,509
75: 1254,1246,490,1166,683,792
76: 77,516,1100,1139,815,1004
77: 516,76,573,1145,1144,1100
78: 431,507,835,697,848,875
79: 608,848,688,704,712,335
80: 100,456,964,704,712,746
81: 375,100,1236,850,837,101
82: 850,64,719,1056,722,83
83: 102,101,82,850,722,401
84: 1036,725,482,67,1214,85,609
85: 1216,609,84,67,485,1120
86: 729,1074,870,106,1005
87: 665,343,426,538
88: 1277,582,639
89: 828,577,499,740,109,878
90: 1069,1239,670,577,828
91: 72,670,1151,777,71,1152
92: 800,1136,504,1088,678,756,786
93: 1303,762,675,419,73,1157
94: 584,1156,1166,509,1167,424
95: 114,1101,1138,570,1062,532
96: 815,1004,97,1143,572,116,1294
97: 540,1004,96,1079,98,116,1294
98: 1079,540,437,1134,97,1130,116
99: 704,335,746,1118,559,827
100: 80,964,1236,837,746,81
101: 83,102,850,81,375,1124
102: 83,101,401,121,1124,563
103: 681,406,1214,857,585,1170,858
104: 1216,857,561,858,498,409
105: 590,870,412,1005
106: 1074,807,86,953,958,948
107: 642,953,127
108: 1069,494,1267
109: 596,740,89,1153,878,1191
110: 1044,131,1020,1153,878,526
111: 131,1020,1137,569,1136,678
112: 133,1089,1315,344,1317,658
113: 579,509,1167,1088,545,954
114: 95,1138,954,1065,134,532,690
115: 1139,1062,815,889,366,1143
116: 1294,647,96,97,1079,98,1295
117: 367,1316,647,1295,1314,666
118: 1118,1130,559,567,400,1116
119: 830,827,559,1116,975,407
120: 785,975,407,978,489,483,732
121: 1124,102,563,1125,926,141
122: 1168,563,1125,1076,1170,547
123: 143,585,1076,988,757,144
124: 1240,622,757,886,1178,439
125: 1178,412,1240,738,1286,145
126: 1005,511,768,644,1281
127: 642,107,1283,533
128: 1251,1276,582
129: 544,1190,479,1086,781,765
130: 1153,1191,526,1231,1298,650
131: 111,1020,569,499,878,110
132: 1128,1020,678,756,1044,344,151
133: 112,1089,1315,789,684,658,345
134: 532,690,114,1065,684,360,876
135: 1142,366,364,702,696,662,896
136: 702,137,896,500,706,506,928
137: 659,1314,572,702,1316,136,706
138: 666,400,367,687,820,709
139: 826,999,732,140,158,834,428
140: 732,158,1300,826,139,1301
141: 1090,121,1125,926,802,744
142: 539,1090,547,143,1092,1077
143: 123,1076,547,142,144,1077
144: 845,1077,123,143,757,439
145: 146,1240,125,738,1286,1242,1287
146: 145,1242,1287,1186,165,1280
147: 1281,641,167,737,334,865,986
148: 1269,635,1250,544,1087,479
149: 735,765,781,170,1189,595,1244
150: 1229,1231,650,613,1188,616
151: 1044,132,1128,1227,152,1229,1129
152: 1317,1128,151,763,1129,565
153: 789,345,154,645,814,173,898
154: 1288,645,789,360,876,153,898
155: 156,1176,803,403,671,1024
156: 155,884,506,1313,928,803,811,403
157: 1313,1312,928,657,811,1102
158: 732,140,820,785,999,139
159: 1148,826,1301,1228,629,576,180
160: 1228,629,1258,1256,1225,1140
161: 453,181,1140,615,162,944,971
162: 1141,1140,615,520,161,944,971,1023
163: 648,1131,1132,1023,182,989,1293
164: 845,439,622,568,523,1033
165: 146,1186,594,1280,1155,578
166: 1155,578,680,463,357,866
167: 737,1063,474,334,986,1067
168: 1083,169,384
169: 1082,874,705,168,188
170: 781,1299,149,1249,1188,595
171: 1233,1248,625,1245,621,730
172: 564,491,814,173,883,1163
173: 345,153,491,814,898,172,1163,583
174: 194,583,883,1163,365,1014
175: 194,1177,1014,589,487,195
176: 1176,803,398,884,1177,905
177: 946,811,403,552,1024,1135,196
178: 1182,1107,515,552,1102,566
179: 515,834,1182,962,428,592,794
180: 1228,629,1148,159,181,355,685
181: 453,161,1228,1140,180,355
182: 1023,944,971,163,556,183,1293
183: 182,556,1293,1111,1110,184
184: 1175,183,1292,1293,202,1110
185: 357,204,1187,979,1154,700
186: 1002,986,1067,990,206,1159
187: 464,713
188: 993,189,169,705,341,168
189: 993,188,341,468,726,209,1003
190: 595,1244,1245,386,586,621
191: 1127,1126,531,211,742,1060
192: 607,1212,1126,891,1213,193
193: 749,1213,365,192,1212,795
194: 174,583,1177,905,1014,175
195: 764,175,589,487,216,1019
196: 767,1024,177,946,503,897,1133
197: 780,1133,946,1135,198,566,423
198: 592,566,1182,1135,197,423,1183
199: 1150,962,794,200,349,673,859
200: 1148,1150,199,685,673,353,832
201: 453,855,355,689,1068,901
202: 1110,1175,184,535,588,223
203: 979,1175,700,588,224,1174
204: 357,185,866,938,700,661
205: 1158,463,866,1321,1320
206: 818,186,1002,1158,1159,580
207: 713,822
208: 977,721,985
209: 1003,726,721,228
210: 1169,1171,1194,1091,505,599
211: 1061,531,1233,1248,191,742
212: 742,389,1060,1196,591,213
213: 591,212,1060,607,1179,1181,339
214: 385,749,215,1041,393,984
215: 795,487,749,764,214,385
216: 1019,508,764,195,758,414
217: 950,508,414,396,236,745
218: 420,780,238,783,394,867
219: 349,1183,423,859,238,788,1265
220: 637,1270,1271,636,221,1272
221: 440,1271,796,220,1272,415
222: 748,796,1068,901,1070,752
223: 588,418,202,535,655,1308
224: 203,588,418,446,1174,808
225: 449,933,454,425,1099,550
226: 864,818,822,435,227
227: 822,435,970
228: 721,824,1000,985,247
229: 640,386,586,1171,1091
230: 1091,640,1279,1169,1093,546
231: 510,1031,1196,591,599,1181
232: 1181,1031,849,339,338,982
233: 393,849,708,234,842,517
234: 984,854,233,393,517,1017
235: 519,1105,593,1291,253,272
236: 530,745,414,217,553,396,1058
237: 525,1040,862,783,394,960
238: 780,423,219,218,788,867
239: 433,859,1265,636,633,1273
240: 1205,637,1272,415,258,601,241
241: 882,1272,527,415,1205,240
242: 655,893,759,1308,243,1192,900
243: 1192,242,759,900,597,736
244: 425,446,808,263,903,799
245: 643,813,1284,1226,264
246: 550,966,813,1284
247: 228,824,985,1279,942,248
248: 368,1093,247,1279,942
249: 947,250,925,955,915,471
250: 249,947,955,391,949,267
251: 269,703,513,951,1274,1275
252: 952,842,517,513,951,1006
253: 957,1199,593,235,1185,272
254: 1290,1059,255,1222,273
255: 1059,960,525,254,1223,273
256: 1223,525,1040,963,1106,379
257: 692,1106,1104,932,716,275
258: 601,637,1270,554,1066,240,967
259: 1260,276,1202,260,973,976
260: 1193,1205,882,1202,259,976
261: 1046,882,1192,1193,278,597
262: 997,900,263,903,991,529
263: 903,808,244,799,262,529
264: 1284,245
265: 469
266: 724,915,471,677,682,918
267: 686,638,947,250,949,369
268: 1274,1275,686,638,750,410
269: 251,951,1274,695,753,754
270: 921,957,372,1184,760,287
271: 610,287,1184,600,1241,623,1198
272: 522,711,235,1291,1199,253
273: 612,909,254,255,1223,1222,442
274: 937,943,448,932,716,452
275: 779,718,257,381,1104,716
276: 1260,259,383,973,888,727
277: 976,1260,631,1261,727,1318,293
278: 261,1193,597,1201,1261,1203
279: 1048,736,991,604,1203,388
280: 1012,528,1027,741,853
281: 1226,799,1098,1050,529
282: 1208,1113,283
283: 1113,829,298,1114
284: 369,686,370,750,829,701
285: 936,753,754,340,312,417
286: 1085,1218,610,1219,841,347
287: 610,271,270,1184,1218,760
288: 880,623,1243,289,429,361
289: 766,927,772,1243,288,361
290: 873,909,442,448,772,937
291: 292,779,718,383,888,1232,307
292: 291,779,452,617,1232
293: 1319,277,631,1318,660,1172,294
294: 1319,293,660,1172,472
295: 309,294,472,908,587
296: 432,1164,804,728,581,1165
297: 676,390,614,1224,821
298: 829,699,701,1114,337
299: 833,340,750,410,699,701
300: 312,417,1218,760,1084,1085
301: 906,484,841,347,314
302: 1037,429,880,774,840,852
303: 868,880,361,603,1037,1207
304: 873,937,766,877,603,397
305: 877,399,397,664,1206,1049
306: 1232,1230,402,307,557,1115
307: 402,291,888,306,1232,405
308: 405,402,904,679,669,477
309: 295,581,656,1311,310
310: 581,656,311
311: 581,1165,310,481
312: 300,417,936,285,731,1084
313: 871,731,1084,940,543
314: 347,774,301,315,965,787
315: 774,314,852,965,450,969
316: 1207,868,1206,470,1029,720
317: 733,981,851,497
318: 1112,733,473,317,981
319: 497,329,328,1001
320: 1009,502,329
321: 421,477,894,755,771,1264
322: 1013,771,1264,632,1262
323: 965,787,1018,486
324: 1022,450,969,791,797
325: 649
326: 961,819,492,1025,797
327: 649,1296,1035,851,1297
328: 497,319,1297,1001
329: 320,502,1038,1001
332: 751,790,1034,941,343
333: 
334: 865,147,986,680,1002
335: 688,79,704,1134,99,1118
336: 20,1094,34,693,956,445
337: 1114,436
338: 1031,232,391,982,949,703
339: 849,708,591,213,1179,232,1181
340: 833,299,410,753,936,285
341: 466,705,735,188,189,468
342: 375,830,1124,975,978,926
343: 941,451
344: 678,756,1315,132,1128,112,1317
345: 763,658,133,789,153,814,173
346: 531,565,491,770,564,1127
347: 286,1219,841,774,840,314
348: 784
349: 219,1183,794,199,673,859,1265
350: 549,846,775,836,14
351: 734,574,844
352: 371,6,844,812,17
353: 832,200,673,440,433,1271
354: 458,968,53,980,356,358
355: 855,685,180,453,181,201
356: 54,53,354,1108,358,1149
357: 204,185,578,1187,166,866
358: 1302,354,861,980,356,54,987
359: 892,1007,362,872,40
360: 876,134,690,789,684,154,1288
361: 289,766,880,288,603,303
362: 872,38,359,37,611,881
363: 1051,998,627,1266,885,634
364: 690,889,366,876,135,696
365: 1213,883,174,1014,193,795
366: 1143,115,889,364,135,1142
367: 117,1316,138,666,907,709,512
368: 248,1093,912,945,717,724
369: 918,686,267,370,284
370: 918,369,284,1113,829
371: 352,919,7,17,922
372: 754,695,921,270,417,760
373: 7,922,501,911,1235,618
374: 36,924,461,1117,22,560
375: 81,837,101,830,342,1124
376: 1222,522,711,612,1030,927
377: 992,10,810,24,805,929
378: 895,930,1,817,478,761
379: 442,1223,256,1106,448,932
380: 1257,2,715,934,13,3
381: 1104,554,967,718,275,973
382: 1159,580,713,822,207
383: 973,779,718,276,291,888
384: 168
385: 214,215,764,758,984,1047
386: 1244,190,714,586,1278,229
387: 541,1081,606,1080,931,28
388: 604,1048,279,1173,1012
389: 730,1248,1016,212,742,1194,1196
390: 614,1050,1226,281,1027
391: 510,1031,955,338,250,949
392: 852,1037,868,455,969,961
393: 233,1041,214,708,234,984
394: 783,218,1043,867,1040,237
395: 996,1045,462
396: 553,758,414,217,1047,1103,236
397: 603,304,877,305,1207,1206
398: 1161,1289,662,884,905,176
399: 617,943,877,1230,305,664
400: 567,118,1116,138,666,687
401: 722,83,102,668,1168,563
402: 307,306,308,405,1115,669
403: 811,1313,155,156,1024,177
404: 775,422,1253,674,1081,541
405: 308,888,727,402,307,679
406: 65,725,769,1214,681,103
407: 975,119,1116,687,120,785
408: 534,1043,1064,1263,963,692
409: 590,694,104,561,1180,498
410: 268,1274,750,753,299,340
411: 51,996,462
412: 590,694,1178,105,125,738
413: 1092,744,743,1256,571,1225
414: 764,216,508,758,217,950,396,236
415: 527,221,748,796,1272,240,241
416: 893,748,752,1309,527,1046
417: 300,312,372,754,285,760
418: 588,223,224,759,1308,808
419: 762,1220,93,55,74,73,1157
420: 218,767,780,1133,778,783
421: 477,904,908,587,321,771
422: 549,1097,26,1253,775,404
423: 198,780,197,219,1183,238
424: 1101,1138,94,1166,683,1167
425: 244,933,446,225,1099,799
426: 538,87,1075,1074,807
427: 816,910,29,30,1021,1015
428: 576,962,834,826,139,179
429: 1198,623,1219,880,288,840,302
430: 1146,1147,16,846,823,496
431: 78,1053,507,1217,608,848
432: 296,1164,333,1165
433: 239,673,859,353,1265,1271,636
434: 863,45,890,31,1073,1055
435: 226,864,227,966
436: 337,731
437: 1134,875,688,1078,540,98
438: 496,793,843,879
439: 757,144,845,124,622,164
440: 855,353,832,1068,1271,221,796
441: 906
442: 379,1223,909,273,448,290
443: 8,20,18,336,856,1234,693
444: 548,1095,653,1304,1307,66
445: 1095,34,917,653
446: 933,1174,224,808,425,244
447: 1028,935,49,672,1034
448: 932,442,379,290,937,274
449: 225,938,661,1321,959,933,454
450: 315,965,969,939,324
451: 941,343
452: 716,779,943,274,292,617
453: 161,181,944,355,201,689
454: 913,959,225,449,550
455: 868,392,1029,961,326,492
456: 994,964,1215,61,712,80
457: 966,1284
458: 21,35,1117,968,354
459: 208,985
460: 1186,594,523,1132,1033,989
461: 1119,805,992,924,374,560
462: 411,395
463: 680,166,866,1158,205
464: 691,1067,990,187
465: 698,929,478,23
466: 341,1087,479,705,735,765
467: 968,53,710,1039,1109
468: 341,735,1189,1003,714
469: 945,717,265
470: 1206,316,733,1049,1029,720,974
471: 915,912,546,925,266
472: 1173,660,294,804,728,295
473: 733,1049,664,557,318,1112
474: 1063,1282,1283,167,737
475: 1009,1115,669,755,739
476: 64,719,1238,62,747,619
477: 421,308,904,669,755,321
478: 24,895,378,929,23
479: 148,544,129,466,765
480: 1026,518,1056,65,722,769
481: 311,1310
482: 782,914,663,84,1036,67
483: 489,120,785,732,652,1300
484: 841,940,543,441,906,301
485: 672,1032,67,85,1120
486: 
487: 795,215,1014,175,764,195
488: 1022,1025,797
489: 483,978,802,120,743,652
490: 57,885,58,1246,75,809,792
491: 814,763,565,173,346,564,172
492: 819,455,1029,720,326,1296
493: 14,823,843,43,1211,910,29
494: 1269,639,108,1267
495: 1052,59,835,1145,1144,697
496: 16,847,823,438,843
497: 319,317,981,1035,851
498: 857,104,988,858,409,694,886
499: 577,1152,569,89,131,878
500: 662,896,136,884,506
501: 793,373,890,920,618
502: 320,1264,1038,1262
503: 897,671,1024,1019,508,196
504: 1136,902,73,800,1137,92
505: 599,1169,210,510,925,955
506: 500,136,884,1313,928,803,156
507: 1053,60,1008,835,431,78
508: 216,1019,503,897,414,217,950
509: 579,113,74,1156,94,1167
510: 231,1031,505,599,955,391
511: 958,948,1005,642,126,1282
512: 709,367,907,999,657,1107,972
513: 951,982,842,703,252,251
514: 1215,1015,1021,1054,1238,994
515: 1107,972,834,1182,178,179
516: 77,76,1144,1078,540,1004
517: 233,234,842,1017,252,1006
518: 1056,747,1011,521,64,1026,480
519: 854,1103,553,1017,1105,593,235
520: 1131,1141,568,838,162,971,1023
521: 537,1306,1011,524,518,1026
522: 272,711,1199,376,600,1030
523: 1242,622,164,1033,1186,460
524: 1306,47,521,782,1026,1057
525: 1040,237,960,255,1223,256
526: 1231,1227,1153,110,1044,130
527: 415,748,416,882,241,1046
528: 997,1050,1048,1027,280,1012
529: 1050,263,799,997,262,281
530: 236,745,862,1059,1058,960
531: 346,1061,770,211,191,1127
532: 134,690,95,114,1062,889
533: 1283,1063,474,691
534: 408,1064,554,1066,692,1104
535: 1070,202,1110,752,1309,223,655
536: 1239,462,69,1237,620
537: 1204,1306,32,46,1011,521
538: 426,343,451,87,1075
539: 142,1092,1077,571,1141,838
540: 1078,516,437,1004,97,98
541: 387,775,404,836,1081,606
542: 626,1250,1082,874
543: 940,1084,1085,484,841
544: 1190,1269,1267,148,479,129
545: 1088,113,954,786,1089,1065
546: 912,230,1169,925
547: 1125,122,1076,1090,143,142
548: 444,956,1095,33,602,1307,654
549: 422,798,1097,4,350,775
550: 246,225,913,454,1099,813
551: 570,683,792,573,1101,1100
552: 1102,811,178,177,946,1135,566
553: 396,1103,236,519,1105,646,1058
554: 1066,534,258,381,1104,967
555: 1039,51,411,52,839
556: 689,944,971,182,183,1111
557: 306,1230,664,1115,473,1112
558: 605,682,918,370,1208,1113
559: 99,1118,118,119,827,1116
560: 38,1119,461,374,36,37
561: 1216,1120,104,1121,1180,409
562: 1217,1210,1122,816,1053,44
563: 1125,102,401,1168,121,122
564: 172,491,346,883,1127,891
565: 152,763,1129,491,770,346
566: 198,592,552,1182,178,1135,197
567: 400,1079,118,1130,1295,666
568: 838,845,164,1131,520,1033
569: 1137,71,1152,499,131,111
570: 551,1101,1100,95,1062,1139
571: 1225,1092,413,539,1141,615
572: 96,1143,1294,1142,702,659,137
573: 809,792,1145,551,1100,77
574: 351,773,844,16
575: 675,1042,1149,72,1303,777
576: 962,428,826,1148,159,1150
577: 670,90,1152,828,89,499
578: 1187,594,165,1155,166,357
579: 509,113,74,1157,800,1088
580: 1159,382,206,818,226,822
581: 804,1165,310,311
582: 88,1276,639,128,1162,1160
583: 174,194,173,898,1161,1163,905
584: 56,1255,1254,1156,94,1166
585: 1076,1170,681,103,988,858,123
586: 621,1016,190,386,229,1171
587: 908,904,1172,294,421
588: 418,223,202,1175,203,224
589: 671,1177,1176,175,195,1019
590: 409,694,1180,870,412,105
591: 213,212,1196,231,1181,339
592: 198,566,1182,179,794,1183
593: 1006,1017,519,235,1185,253
594: 1186,460,165,989,578,1187
595: 1244,190,149,170,1249,1245
596: 740,109,1267,544,1190,1191
597: 736,261,243,1192,278,1203
598: 1197,930
599: 505,1194,1196,210,510,231
600: 1030,1199,522,1184,271,1241
601: 258,637,1205,240,967,1202
602: 33,1200,548,1204,47,1307,654
603: 397,766,304,361,303,1207
604: 1203,1201,279,1319,1173,660,388
605: 558,265,677,682
606: 1123,836,541,387,1211,28
607: 192,1212,1126,1060,213,1179
608: 1217,431,61,848,79,712
609: 85,1216,84,725,1214,857
610: 271,287,1218,286,1219,1198
611: 628,983,37,362,995,881
612: 909,273,376,1222,927,772
613: 1129,150,1229,616,1061,770
614: 390,1226,643,1224
615: 1140,571,1225,1141,162,161
616: 625,150,613,1188,1061,1233
617: 399,943,452,292,1232,1230
618: 373,1235,890,923,31
619: 1238,994,964,476,719,1236
620: 670,1151,1071,536,1239
621: 586,1016,190,1245,171,730
622: 1240,124,439,164,1242,523
623: 1241,271,1243,429,1198,288
624: 1247,872,881,57,56,1254,1246
625: 616,1249,1188,1245,171,1233
626: 542,1251,1162,635,1250
627: 41,1252,39,998,363,1266
628: 611,995,881,1221,1255,56
629: 160,1228,1258,1301,159,180
630: 1259,348,2,1096
631: 1201,1261,277,1318,1319,293
632: 1262
633: 1064,1263,788,1265,239,1273
634: 58,363,1266,1268,885,1010
635: 1250,1162,1160,1269,148
636: 1271,433,239,1273,1270,220
637: 1270,220,1272,1066,258,601,240
638: 686,267,949,268,1275
639: 88,1277,1069,582,494
640: 229,824,1278,1279,230,1091
641: 1287,644,1281,147,1280,865
642: 107,958,511,1282,1283
643: 245,1226,1224,1285
644: 768,738,1286,126,641,1287,1281
645: 154,1288,153,1289,898,1161
646: 1105,553,1059,1058,1291,1290
647: 116,1294,1079,1295,659,1314,117
648: 163,1132,989,1292,1293,1154
649: 327,325,1297
650: 1299,1298,130,1231,150,1188
651: 762,54,1302,1149,1303
652: 1258,1300,489,483,743,732,1256
653: 1304,48
654: 1307,914,602,548,47,782
655: 242,1309,535,223,893,1308
656: 1311,310,776,1310
657: 907,512,157,1312,1107,1102
658: 763,345,112,133,1317,814
659: 1314,137,572,1294,647,702
660: 1173,604,1319,293,294,472
661: 1321,204,866,938,959,449
662: 896,500,135,696,1289,398,884
663: 914,66,1305,49,482,1032,67
664: 399,1230,305,557,473,1049
665: 87,68,729,1121,1074
666: 138,1295,567,400,117,367
667: 88
668: 1168,722,769,401,681,1170
669: 402,308,1115,475,755
670: 620,1151,1239,91,90,577,1152
671: 589,1176,155,1024,1019,503
672: 1032,1034,485,332,790
673: 859,1150,199,200,349,353,832,433
674: 27,1081,825,1253,404,41
675: 575,1303,93,777,902,73
676: 297,821
677: 682,717,724,266,265,605
678: 1136,92,111,1020,756,132,344
679: 904,1172,727,1318,308,405
680: 463,1155,334,865,166
681: 103,769,406,668,1168,585,1170
682: 677,918,605,558,370
683: 1166,75,792,424,1101,551
684: 789,1089,1065,134,133,360
685: 855,355,1148,180,200,832
686: 267,638,369,268,284,750
687: 820,400,1116,407,138,785
688: 848,875,79,437,1134,335
689: 556,453,944,201,901,1111
690: 134,532,114,889,360,876,364
691: 464
692: 257,963,408,534,1106,1104
693: 956,443,336,856
694: 590,409,498,886,1178,412
695: 951,952,269,921,372,754
696: 1289,876,364,135,1288,662
697: 495,835,78,1144,875,1078
698: 465,23,899,892,1007,39
699: 701,298,833,299,337,436
700: 938,979,204,185,203,1174
701: 699,284,750,829,298
702: 572,135,1142,659,137,896,136
703: 338,982,949,513,1275,251
704: 712,79,80,335,99,746
705: 874,1087,169,466,341
706: 1314,137,1316,136,907,1312,928
707: 1071,52,839,1042,72,1151
708: 849,339,1179,1041,233,393
709: 512,367,138,820,999,972
710: 
711: 522,272,1291,1290,376,1222
712: 704,608,61,456,79,80
713: 187,207
714: 1189,1244,1003,386,1000,1278
715: 1197,784,1,934
716: 257,932,779,275,274,452
717: 945,469,265
718: 779,275,381,967,383,973,291
719: 476,64,619,1236,82,850
720: 974,316,470,1029,492,1296
721: 726,977,228,985
722: 1056,480,82,769,83,401,668
723: 4,1096,5,15,798,1146
724: 266,368,912,717,677
725: 84,1036,1057,65,406,1214,609
726: 384,977,721
727: 1260,276,277,888,1318,405,679
728: 804,1173,388,1012,472,296,1164
729: 1121,1180,1074,870,86
730: 389,171,1248,621,1016,742,1194
731: 936,312,436,871,313
732: 140,158,820,120,785,483,652,1300,139
733: 473,1049,470,318,974,317
734: 806,351
735: 149,765,466,341,468,1189
736: 597,243,900,991,1203,279
737: 167,126,1282,1281,147
738: 768,644,1286,412,105,125,145
739: 894,755,475,1009,320,502
740: 596,109,108,828,89,1267
741: 853,1027,676,297,333
742: 212,1248,211,191,730,389,1060
743: 802,489,413,744,652,1256
744: 1092,413,802,1090,141,743
745: 236,530,217,950,778,862
746: 837,704,80,100,99,827
747: 62,63,1011,476,64,518
748: 222,796,752,527,415,416
749: 193,1212,795,215,1041,214
750: 686,268,284,410,701,299
751: 332,790,343,68,87,665
752: 1309,1070,748,222,535,416
753: 1274,269,410,754,340,285
754: 372,269,695,753,285,417
755: 894,739,669,477,475,321
756: 1136,92,678,786,1315,132,344
757: 988,123,886,144,439,124
758: 764,216,385,414,1047,396
759: 1308,418,242,808,243,900,903
760: 1218,372,270,300,417,287
761: 11,378,817,478
762: 651,1302,869,1220,1303,93,419
763: 658,345,152,1317,565,491,814
764: 195,215,487,216,385,758,414
765: 735,149,479,129,781,466
766: 289,772,873,304,361,603
767: 196,946,897,1133,950,778,420
768: 644,738,1286,105,1005,126
769: 480,65,722,406,668,681
770: 1061,613,1129,565,531,346
771: 321,1311,1264,322,1013
772: 612,909,927,873,290,289,766
773: 15,734,806,351,574
774: 840,347,302,314,315
775: 404,549,422,350,836,541
776: 656,1311,1310
777: 902,71,72,575,675,91
778: 767,950,420,745,862,783
779: 718,275,716,383,452,292,291
780: 1133,197,423,420,218,238
781: 1086,129,1299,149,765,170
782: 482,47,914,654,524,1057,1036
783: 394,778,420,218,862,237
784: 1197,348,715
785: 120,407,687,820,483,732,158
786: 1089,1315,92,1088,545,756
787: 323,965,906,301,314,1018
788: 1265,219,238,867,1263,633
789: 684,133,360,345,153,154
790: 332,751,672,1032,485,1120,68
791: 939,1022,324
792: 75,490,809,683,573,551
793: 501,847,7,17,438
794: 1182,179,962,592,199,349,1183
795: 215,487,1213,365,1014,193,749
796: 748,222,440,1068,221,415
797: 1025,961,326,1022,324
798: 1097,1096,3,723,4,549
799: 425,244,1099,263,1098,529,281
800: 1157,73,579,504,92,1088
801: 919,922,8
802: 926,978,141,489,743,744
803: 1176,176,884,506,155,156
804: 728,472,309,295,581
805: 10,377,992,924,461
806: 734,5,773,15
807: 426,1075,106,953
808: 418,224,446,759,244,263,903
809: 58,490,59,792,573,1145
810: 1195,10,24
811: 403,157,1313,156,552,1102,177
812: 847,574,844,352,16,17
813: 1099,246,550,1098,1226,245
814: 491,763,658,345,153,173,172
815: 1004,96,76,1139,115,1143
816: 427,29,1122,562,44,1015
817: 378,934,11,761,12
818: 206,1158,580,1320,226,864
819: 492,1296,325,327
820: 687,138,785,709,999,732,158
821: 1224,676,297
822: 207,227
823: 846,496,14,493,843
824: 1000,1278,228,640,247,1279
825: 831,25,1253,1252,41,674
826: 139,140,1301,576,428,159
827: 830,119,99,837,746,559
828: 89,90,1069,577,108
829: 298,370,284,1113
830: 119,827,837,375,342,975
831: 12,11,26,825,1253
832: 353,200,855,685,673,440
833: 299,340,699,936,436,731
834: 999,515,972,139,179,428
835: 1008,507,1052,495,78,697
836: 350,775,14,541,606,1211
837: 746,100,81,375,830,827
838: 568,539,845,1077,1141,520
839: 52,555,1109,1108,1042
840: 774,1219,429,1198,347,302
841: 484,286,1085,543,347
842: 982,849,233,517,513,252
843: 823,496,438,493,879,910
844: 351,574
845: 144,1077,439,568,838,164
846: 823,4,1146,430,350,14
847: 812,16,17,496,438,793
848: 875,688,431,78,608,79
849: 339,708,232,233,982,842
850: 82,719,1236,81,83,101
851: 1035,974,317,1296,327
852: 392,774,302,1037,315
853: 741,280,676,432,1164,333
854: 234,984,1047,1103,1017,519
855: 355,685,201,832,440,1068
856: 19,1234,443,693,956,1200,33
857: 1214,1216,609,103,104,858,498
858: 988,103,857,104,585,498
859: 673,199,349,219,1265,433,239
860: 20,8
861: 980,22,36,983,358,987
862: 778,530,745,783,960,237
863: 434,45,879,890,920,30
864: 226,959,1320,913,454,435
865: 334,641,147,1280,1155,680
866: 166,463,357,204,205,661,1321
867: 1043,218,238,788,394,1263
868: 303,1037,316,1207,455,1029
869: 987,995,1302,762,1220,1221
870: 729,1180,590,86,105,1005
871: 313
872: 362,359,40,881,624,1247
873: 290,909,772,937,766,304,877
874: 1087,542,1250,1082,169,705
875: 848,688,78,697,1078,437
876: 360,134,690,364,154,1288,696
877: 937,943,304,399,397,305
878: 1153,89,499,131,109,110
879: 843,920,910,30,863
880: 288,429,361,302,1037,303
881: 362,872,628,611,624,1247,56
882: 241,527,1205,261,1046,1193,260
883: 1163,564,172,174,891,1213,365
884: 662,500,398,506,176,803,156
885: 57,1051,363,634,58,490
886: 1178,988,498,694,757,124
887: 9,21
888: 383,276,291,727,307,405
889: 1062,115,532,690,366,364
890: 920,501,618,863,434,31
891: 564,883,1127,1126,1213,192
892: 359,1119,23,698,38,1007
893: 416,1309,242,655,1046,1192
894: 755,739,321,502,1264
895: 378,1195,0,930,24
896: 662,500,135,1142,702,136
897: 503,1024,1019,508,767,196,950
898: 153,154,645,173,1161,1163,583
899: 25,478,11,761,465,698,39
900: 242,759,243,903,736,991,262
901: 1068,201,689,1070,1111,222
902: 777,71,675,73,1137,504
903: 263,759,808,244,900,262
904: 1172,679,308,421,477,587
905: 1177,1161,398,194,583,176
906: 301,441,1018
907: 367,1316,706,512,1312,657,1107
908: 587,309,295,771,1311
909: 612,273,442,927,772,873,290
910: 29,493,843,879,43,30,427
911: 18,1235,922,801,373
912: 546,368,1093,724,266,471
913: 454,959,435,246,550,966
914: 1307,654,66,482,782,663
915: 471,266,249,947,682,918,369
916: 1165,311
917: 34,445,1095,653
918: 682,369,370
919: 922,801
920: 890,438,501,793,879,863
921: 1185,952,695,957,372,270
922: 919,801,373
923: 1235,618,19,1234,31,1072
924: 9,805,887
925: 1169,505,955,471
926: 802,342,121,1124,978,141
927: 376,612,909,1030,772,1243,289
928: 157,1313,1312,136,706,506,156
929: 24,377,992,478,23
930: 598,1197,1,895,378
931: 387,1080,28,42,1008,60
932: 448,1106,257,379,716,274
933: 446,1174,938,225,449,425
934: 1,715,380,817,13
935: 49,1304,48,1028,1305,447
936: 285,833,340,312,436,731
937: 943,274,448,873,290,304,877
938: 700,204,661,933,1174,449
939: 791,323,965,450,486
940: 543,871,313,441
941: 
942: 985,247,459
943: 937,274,452,877,399,617
944: 971,162,453,161,182,556,689
945: 942,368,248,717
946: 177,552,1024,1135,767,196,1133,197
947: 249,250,915,471,918,369,267
948: 958,511,86,106,1005
949: 391,338,703,267,638,1275
950: 217,508,897,767,414,778,745
951: 513,952,252,269,251,695
952: 252,951,1006,695,921,1185
953: 807,106
954: 113,1167,1138,545,114,1065
955: 505,510,925,391,249,250
956: 693,336,856,445,1095,33,548
957: 1199,253,921,1185,270,1184
958: 511,948,106,953,642,107
959: 1320,661,1321,449,913,454
960: 530,862,1059,525,237,255
961: 326,392,455,969,324,797
962: 576,428,179,794,1150,199
963: 1043,1040,408,256,1106,692
964: 994,456,619,80,100,1236
965: 323,787,314,315,450,939
966: 435,1284,457
967: 554,258,601,381,1202,718,973
968: 467,53,35,458,354
969: 315,852,392,450
970: 227,457
971: 944,162,520,161,1023,182,556
972: 1107,515,709,512,999,834
973: 383,381,967,1202,718,276,259
974: 720,470,733,317,1296,851
975: 407,830,119,342,978,120
976: 277,1193,260,1260,259,1261
977: 384,726,721
978: 342,975,926,802,120,489
979: 1154,1292,185,1175,203,700
980: 861,458,1117,22,354,358
981: 320,497,319
982: 842,232,849,338,703,513
983: 37,987,995,611
984: 234,854,214,385,393,1047
985: 721,228,247,459
986: 167,334,1067,186,1002
987: 869,995,861,983,358,1302
988: 858,585,498,123,757,886
989: 1132,594,460,648,163,1187,1154
990: 1067,464,187,1159
991: 900,736,997,262,1048,279
992: 377,929,1119,461,23
993: 188,189,168,384,726
994: 456,964,514,1215,1238,619
995: 987,869,983,628,611,1220,1221
996: 411,395
997: 262,991,1050,529,1048,528
998: 1252,39,1007,627,40,1051,363
999: 820,709,512,158,972,834,139
1000: 824,1278,209,1003,714,228
1001: 329,328
1002: 186,334,986,680,463,1158,206
1003: 209,468,1189,714
1004: 815,96,516,76,540,97
1005: 870,86,105,511,948,126
1006: 593,517,1017,952,252,1185
1007: 698,892,359,39,998,40
1008: 931,42,60,507,1052,835
1009: 475,318,1112,981,320
1010: 42,1268,634,58,1052,59
1011: 63,46,537,747,521,518
1012: 280,1048,528,388
1013: 322,771,1311,776
1014: 174,194,365,175,795,487
1015: 514,1215,427,816,1021,44
1016: 586,621,730,389,1171,1194
1017: 234,854,517,519,1006,593
1018: 906
1019: 216,508,671,589,195,503,897
1020: 131,111,678,110,1044,132
1021: 30,45,427,1054,514,1015
1022: 324,791,797,488
1023: 182,162,1131,520,1132,971,163
1024: 155,403,671,177,946,503,897,196
1025: 797,326,819,325,488
1026: 480,521,524,518,1056,1057,65
1027: 528,390,741,297
1028: 48,447
1029: 868,316,455,720,492
1030: 600,522,376,927,1241,1243
1031: 510,231,232,1181,391,338
1032: 672,663,67,485
1033: 1132,568,164,523,1131,460
1034: 447,50,941
1035: 851,497,319,327,1297,328
1036: 84,725,482,782,1057,67
1037: 302,880,868,303,852,392
1038: 502,632,1262
1039: 555,710,51,1109
1040: 525,237,394,1043,963,256
1041: 1212,749,1179,214,708,393
1042: 839,1149,72,575
1043: 867,394,1263,1040,963,408
1044: 110,1020,132,1128,526,1227,151
1045: 395,667,69,70
1046: 261,527,893,416,882,1192
1047: 1103,385,758,984,854,396
1048: 279,991,997,528,388,1012
1049: 733,473,305,664,1206,470
1050: 529,997,281,528,1027,390
1051: 363,998,40,1247,57,885
1052: 59,495,42,1010,1008,835
1053: 60,507,1210,562,1217,431
1054: 45,1021,1055,514,1238,62
1055: 63,434,45,1073,1054,62
1056: 518,64,1026,480,82,722
1057: 65,524,782,1026,1036,725
1058: 1059,553,236,530,1105,646
1059: 1058,530,646,960,1290,254,255
1060: 191,1126,212,742,607,213
1061: 770,613,616,531,1233,211
1062: 570,95,1139,115,532,889
1063: 474,691,1067,464
1064: 1263,633,1273,408,534,1066
1065: 545,954,114,1089,134,684
1066: 554,1064,1273,637,1270,534,258
1067: 1063,986,464,186,990
1068: 901,855,201,440,222,796
1069: 90,1277,639,108
1070: 1111,901,1110,222,752,535
1071: 707,52,462,536,620,1151
1072: 923,19,31,1073,32,46
1073: 31,434,1072,1055,63,46
1074: 665,426,729,807,86,106
1075: 426,538,807
1076: 585,1170,122,547,123,143
1077: 144,845,143,539,142,838
1078: 540,1144,697,875,516,437
1079: 98,1134,97,1130,116,647,1295,567
1080: 1268,27,1081,387,931,42
1081: 674,27,404,541,387,1080
1082: 1083,169
1083: 1082,169,168
1084: 936,300,312,731,1085,313,543
1085: 286,300,1218,1084,543,841
1086: 781,1190,1191,129,1299,1298
1087: 874,1250,148,479,705,466
1088: 545,800,579,113,92,786
1089: 786,1315,545,1065,112,133,684
1090: 141,1125,547,1092,744,142
1091: 230,640,229,1171,1169,210
1092: 413,744,1090,539,142,571
1093: 368,248,1279,230,912,546
1094: 860,20,336,34
1095: 445,653,548,444
1096: 630,1259,5,3,798,723
1097: 798,13,3,26,549,422
1098: 799,813,1226,281
1099: 225,425,550,799,1098,813
1100: 573,570,551,77,76,1139
1101: 424,1138,683,570,551,95
1102: 552,157,1312,657,1107,811,178
1103: 1047,854,553,396,519,1105
1104: 381,534,554,257,692,275
1105: 646,1103,553,519,1058,235,1291
1106: 963,256,257,692,379,932
1107: 515,972,907,512,657,1102,178
1108: 1109,356,1042,1149
1109: 1108,467,53,1039,555,839
1110: 202,183,1070,1111,184,535
1111: 1070,556,689,183,901,1110
1112: 318,557,1115,473,475,1009
1113: 558,370,1208,283
1114: 283,337
1115: 306,402,557,669,1112,475
1116: 118,559,119,400,407,687
1117: 22,21,887,458
1118: 118,1130,1134,335,99,559
1119: 461,23,560,38,892
1120: 485,85,1216,68,561,1121
1121: 729,1180,1120,68,561
1122: 1123,43,29,1210,816,562
1123: 606,43,1211,28,1210,1122
1124: 121,375,102,101,342,926
1125: 563,121,122,1090,141,547
1126: 191,1127,891,1060,607,192
1127: 191,1126,531,346,564,891
1128: 132,1044,344,151,152,1317
1129: 613,151,152,1229,565,770
1130: 1118,118,1134,1079,98,567
1131: 520,568,1132,1033,1023,163
1132: 1033,1131,460,1023,648,163,989
1133: 780,197,946,1135,767,196,420
1134: 437,688,335,1079,98,1118,1130
1135: 552,177,946,198,566,1133,197
1136: 504,1137,92,111,678,756
1137: 569,902,71,1136,504,111
1138: 424,1101,1167,954,95,114
1139: 115,570,1100,76,1062,815
1140: 615,1225,160,1228,162,161,181
1141: 539,571,838,615,162,520
1142: 135,366,1143,572,702,896
1143: 366,115,815,96,572,1142
1144: 1145,495,697,77,516,1078
1145: 1144,809,59,495,573,77
1146: 1147,430,15,723,4,846
1147: 1146,430,773,15,574,16
1148: 159,576,180,1150,200,685
1149: 1108,356,54,1042,651,575,1303
1150: 199,576,962,1148,200,673
1151: 620,670,1071,707,72,91
1152: 670,91,71,577,569,499
1153: 878,109,110,1191,130,526
1154: 979,648,989,1187,1292,185
1155: 1280,165,865,578,166,680
1156: 55,74,1255,584,94,509
1157: 800,93,419,74,73,579
1158: 205,463,1002,206,818,1320
1159: 382,580,186,990,206,713
1160: 1162,582,639,1269,494,635
1161: 398,645,1289,898,583,905
1162: 1160,582,128,1251,626,635
1163: 883,173,898,172,174,583
1164: 432,296,280,1012,853,728
1165: 432,296,311
1166: 683,584,1254,75,94,424
1167: 94,509,113,424,1138,954
1168: 668,401,681,563,122,1170
1169: 210,230,1091,505,546,925
1170: 585,1076,668,1168,681,103,122
1171: 586,1016,229,1194,1091,210
1172: 904,679,1318,293,294
1173: 660,604,388,472,728
1174: 933,446,203,938,700,224
1175: 184,1292,979,202,203,588
1176: 176,803,1177,155,671,589
1177: 905,194,1176,176,175,589
1178: 886,694,412,1240,124,125
1179: 607,1212,213,1041,339,708
1180: 729,1121,561,590,409,870
1181: 232,591,213,231,1031,339
1182: 178,515,179,198,592,566,794
1183: 349,219,198,592,794,423
1184: 957,1199,270,600,271,287
1185: 921,952,1006,593,957,253
1186: 594,460,1242,523,146,165
1187: 578,594,989,1154,357,185
1188: 1249,1299,650,150,625,616
1189: 735,149,468,1244,714
1190: 544,1267,596,1191,129,1086
1191: 596,109,1153,1190,130,1086,1298
1192: 243,893,242,261,1046,597
1193: 260,882,261,278,976,1261
1194: 1016,730,389,1171,1196,210,599
1195: 0,810,24,895
1196: 389,212,1194,591,599,231
1197: 598,784,930,1,715
1198: 429,610,271,1241,623,1219,840
1199: 957,253,522,272,1184,600
1200: 32,856,19,33,602,1204
1201: 631,1261,278,604,1203,1319
1202: 601,1205,967,260,973,259
1203: 604,278,597,736,1201,279
1204: 537,1306,1200,32,602,47
1205: 240,601,882,241,1202,260
1206: 470,397,305,316,1207,1049
1207: 316,603,397,868,303
1208: 605,558,1209,1113
1209: 605,1208
1210: 28,1123,1122,1053,60,562
1211: 43,836,14,493,606,1123
1212: 607,192,193,749,1179,1041
1213: 365,883,891,192,193,795
1214: 84,725,406,609,103,857
1215: 514,1015,44,61,994,456
1216: 85,609,1120,857,104,561
1217: 562,1053,44,431,608,61
1218: 760,300,610,287,286,1085
1219: 610,286,429,1198,347,840
1220: 869,995,762,1221,419,55
1221: 1255,869,995,628,1220,55
1222: 376,1290,254,711,612,273
1223: 256,525,255,273,442,379
1224: 643,1285,821
1225: 571,413,1256,160,1140,615
1226: 281,1098,813,643,245,390,614
1227: 526,1231,1044,151,1229
1228: 160,629,1140,159,180,181
1229: 150,1231,1227,151,613,1129
1230: 306,1232,399,617,664,557
1231: 526,1227,130,650,150,1229
1232: 306,1230,292,291,617,307
1233: 171,1248,625,616,1061,211
1234: 856,19,18,1235,443,923
1235: 911,18,373,618,923,1234
1236: 964,619,719,100,850,81
1237: 69,70,536,1239,1277,1069
1238: 1054,514,62,994,619,476
1239: 536,620,670,90,1069
1240: 124,622,1178,125,1242,145
1241: 623,600,1030,271,1243,1198
1242: 523,1240,622,145,146,1186
1243: 1030,927,1241,623,289,288
1244: 595,190,149,1189,714,386
1245: 1249,625,595,190,171,621
1246: 1254,75,624,1247,57,490
1247: 624,872,40,1051,881,57,1246
1248: 171,1233,211,730,389,742
1249: 1188,1299,170,625,595,1245
1250: 635,542,626,148,874,1087
1251: 128,542,626
1252: 39,998,25,825,41,627
1253: 831,26,825,404,674
1254: 1246,75,624,56,584,1166
1255: 1221,628,56,584,55,1156
1256: 743,413,1258,652,1225,160
1257: 2,380,784,348,715
1258: 652,1300,1256,1301,160,629
1259: 630,1096,5
1260: 276,259,277,976,727,1318
1261: 1201,631,1193,278,277,976
1262: 632,502,1264,1038
1263: 1064,633,788,1043,867,408
1264: 321,771,502,322
1265: 788,349,219,859,433,239,633
1266: 41,627,27,363,1268,634
1267: 1269,494,544,1190
1268: 1080,27,1266,634,42,1010
1269: 494,1160,1267,635,148,544
1270: 637,220,636,1273,1066,258
1271: 636,353,440,433,221,220
1272: 221,637,220,415,240,241
1273: 239,636,1064,633,1270,1066
1274: 268,1275,269,251,410,753
1275: 268,1274,949,703,638,251
1276: 88,582
1277: 70,1237,88,1069,639
1278: 824,1000,714,386,640,229
1279: 824,640,230,248,1093
1280: 1155,146,641,1287,165,865
1281: 147,768,644,126,641,737
1282: 511,642,1283,737,474
1283: 642,127,1282,533,474
1284: 966,813,457,245
1285: 643,245,264,1224
1286: 768,644,738,125,145,1287
1287: 641,644,1286,145,146,1280
1288: 154,645,360,876,696,1289
1289: 696,1288,645,662,1161,398
1290: 254,646,1059,1291,711,1222
1291: 1105,646,235,1290,272,711
1292: 1293,648,979,1154,1175,184
1293: 1292,182,648,163,183,184
1294: 116,647,96,97,572,659
1295: 1079,116,647,567,117,666
1296: 720,974,819,492,327
1297: 649,327,328
1298: 1299,650,1191,130,1086
1299: 1298,650,1086,781,170,1249,1188
1300: 1258,652,483,732,140,1301
1301: 140,1258,1300,826,629,159
1302: 358,54,987,869,651,762
1303: 93,1149,651,762,575,675
1304: 48,66,1305,935
1305: 66,1304,935,49
1306: 1204,537,47,521,524
1307: 914,654,602,548,444,66
1308: 759,418,223,242,655
1309: 752,535,893,416,655
1310: 656,310,311,776,481
1311: 656,908,309,771,1013,776
1312: 157,1313,928,706,907,657,1102
1313: 157,1312,928,506,156,811,403
1314: 659,137,647,117,1316,706
1315: 786,1089,756,344,112,133
1316: 117,367,1314,137,706,907
1317: 152,1128,344,112,763,658
1318: 1260,277,631,727,293,1172,679
1319: 293,1201,631,604,660,294
1320: 959,1158,205,818,1321,864
1321: 661,866,205,959,1320,449