0: 598,930,1195,895
1: 1197,715,378,934
2: 1257,1259,1096,380,3
3: 798,2,1096,380,13,1097
4: 798,723,1146,549,846
5: 1259,1096,723
6: 844
7: 793,371,17,922,373
8: 860,801,911,18,443
9: 10,924
10: 810,9,377,805
11: 817,761,12,899,25,831
12: 934,817,11,13,26,831
13: 26,934,380,3,12
14: 823,846,350,836,1211,43,493
15: 1147,1146,5,773,723
16: 1147,812,430,496,847
17: 371,352,812,847,7,793
18: 911,443,1234,1235
19: 1200,1234,923,856,1072,32
20: 336,860,8,1094,443
21: 887,458,1117
22: 374,1117,861,980,36
23: 929,992,465,698,892
24: 810,895,377,929,478
25: 899,831,1252,39,825
26: 13,12,831,1253,422
27: 1080,41,674,1081,1266,1268
28: 1123,1210,606,387,931,60
29: 427,816,43,910,493,1122
30: 910,863,427,1021,45
31: 618,923,434,1072,1073
32: 1204,537,1072,1200,19,46
33: 856,693,956,1200,548,602
34: 
35: 21,458
36: 22,560,37,987,983
37: 560,38,36,362,983,611
38: 892,560,1119,37,362,359
39: 1252,698,899,25,1007,998
40: 1007,359,998,872,1247,1051
41: 825,1252,674,627,1266,27
42: 1268,1010,1080,931,1008,1052
43: 14,1211,493,1123,1122,29
44: 1015,816,562,1217,61,1215
45: 1055,30,863,434,1021,1054
46: 1072,1073,32,537,63,1011
47: 602,654,1204,1306,782,524
48: 917,653,1304
49: 672,1032,1305,447,935,663
50: 1028
51: 1039,411
52: 555,411,462,1071,707
53: 1109,467,968,354,356
54: 1149,356,358,651,1302
55: 74,1156,1220,1221,1255,419
56: 1255,881,628,624,1254,584
57: 1051,885,1247,1246,490
58: 809,885,634,1010,490,59
59: 1052,1010,58,809,1145,495
60: 1053,28,1210,931,1008,507
61: 1215,456,44,1217,608,712
62: 63,747,1055,1054,1238,476
63: 747,62,1055,1073,46,1011
64: 476,747,1011,518,719,82,1056
65: 725,406,1026,1057,769,480
66: 1305,444,1304,1307,914,663
67: 482,663,1032,84,485,85
68: 1120,790,485,751,665,1121
69: 70,395,462,536
70: 69,1045,536,667,1277,1237
71: 569,91,777,902,1152,1137
72: 1042,575,1151,91,777
73: 675,902,93,1157,800,504
74: 55,1156,419,1157,579,509
75: 792,683,1246,1254,490,1166
76: 77,516,1100,1139,815,1004
77: 516,76,573,1145,1144,1100
78: 431,507,835,697,848,875
79: 608,848,712,688,335,704
80: 712,456,964,100,746,704
81: 100,1236,850,837,101,375
82: 850,476,64,719,1056,83
83: 102,101,82,850,1056,722,401
84: 1036,482,67,725,609,85
85: 1216,84,67,485,609,1120
86: 729,1074,870
87: 751,343,665,538,426
88: 667,1277,582,639
89: 828,577,499,740,109,878
90: 577,670,1239,1237,1069,828
91: 1151,72,777,670,1152,71
92: 800,504,1088,1136,756,786
93: 1303,651,762,419,675,73,1157
94: 584,1156,1166,509,1167,424
95: 1062,1101,570,1138,114,532
96: 1143,572,815,1004,97,1294
97: 540,1004,98,1079,96,116,1294
98: 1130,1079,540,437,1134,97
99: 746,704,335,1118,559,827
100: 964,80,1236,746,837,81
101: 83,102,850,81,375,1124
102: 83,101,850,401,121,1124,563
103: 681,406,1214,857,585,858
104: 1216,857,561,858,498,409
105: 590,870,412,768,738
106: 953,1074,807,86
107: 127,953,958,642
108: 494,1069,828,1267,596,740
109: 596,740,1153,878,1190,1191
110: 1020,131,1153,878,1044,526
111: 1136,678,569,1137,131,1020
112: 133,1089,1315,344,1317,658
113: 1088,545,579,509,1167,954
114: 1138,954,95,1065,134,532,690
115: 366,1062,1139,815,889,1143
116: 1294,97,1079,1295,659,647
117: 647,1295,1314,666,907,367,1316
118: 1118,1130,559,567,400,1116
119: 830,559,827,1116,975,407
120: 483,785,975,407,978,489
121: 1124,102,563,141,926,1125
122: 1170,1076,1168,563,1125,547
123: 1076,585,988,143,757,144
124: 1240,622,757,1178,886,439
125: 1286,1178,412,1240,145
126: 1005,511,1282,1281
127: 107,1283,533
128: 1251,1276,582,1162
129: 479,765,544,1190,1086,781
130: 1191,1153,526,1231,1298,650
131: 569,499,111,878,110,1020
132: 1044,678,1020,344,151,1128
133: 112,1089,1315,789,684,658,345
134: 532,690,114,1065,684,360,876
135: 366,364,1142,696,662,896
136: 896,500,702,137,706,928,506
137: 706,702,659,1314,136,1316,928
138: 666,400,687,820,367,709
139: 826,140,999,158,732,834,428
140: 826,139,732,1300,1301,159
141: 802,926,121,1090,1125,744
142: 1077,539,1090,143,547,1092
143: 547,1076,123,1077,142,144
144: 845,143,123,757,1077,439
145: 146,1287,1240,1286,125,1242
146: 145,1287,1242,1186,165,1280
147: 1281,641,167,737,865,334,986
148: 1269,1250,635,544,1087,479
149: 170,765,781,735,1189,595
150: 1231,650,613,1229,1188,616
151: 132,1044,1227,152,1128,1229,1129
152: 1128,1317,151,763,1129,565
153: 345,789,154,814,173,898
154: 1288,645,789,360,876,153,898
155: 156,1176,803,403,671,1024
156: 155,928,506,1313,803,811,403
157: 1313,1312,706,928,657,1102,811
158: 999,820,483,785,709,732,139
159: 1148,826,140,1301,629,576,180,1150
160: 1228,629,1258,1256,1225,1140
161: 453,181,1140,615,162,944,971
162: 520,1141,1140,615,161,944,971
163: 182,1023,1131,1132,648,1293
164: 845,439,622,568,523,1033
165: 146,1186,594,1155,1280,578
166: 680,1155,578,463,357,866
167: 474,737,147,1063,986,1067
168: 1083,169,993,188,384
169: 705,1082,874,1083,168,188
170: 149,781,1299,1249,595
171: 1233,625,1245,1248,621,730
172: 173,491,814,564,883,1163
173: 172,153,814,583,898,1163
174: 194,583,883,1163,365,1014
175: 194,1177,1014,589,487,195
176: 1176,803,398,884,1177,905
177: 811,403,552,1024,1135,946,196
178: 552,657,1102,1107,515,1182,1135,566
179: 515,834,1182,962,428,592,794
180: 1228,629,1148,159,181,685,355
181: 453,161,1228,1140,180,355
182: 163,1023,944,971,556,183,1293
183: 1293,182,556,1111,1110,184
184: 202,1110,183,1293,1292,1175
185: 1154,979,1187,357,204,700
186: 986,1067,1002,990,1158,206
187: 464,990,713
188: 993,169,705,341,189
189: 341,993,188,468,726,209,1003
190: 1245,1244,595,386,586,621
191: 1127,531,211,1126,742,1060
192: 607,1126,891,1213,193,1212
193: 1212,749,1213,365,192,795
194: 174,583,1177,905,1014,175
195: 764,487,175,589,216,1019
196: 767,1024,177,946,897,503,1133
197: 780,1133,1135,946,198,566,423
198: 592,566,1182,1135,1183,197,423
199: 1150,962,794,200,349,673,859
200: 685,1148,1150,199,673,353,832
201: 689,453,855,355,1068,901
202: 1110,184,1175,223,535,588
203: 700,979,1175,588,1174,224
204: 357,185,866,700,938,661
205: 1158,1320,463,866,1321
206: 818,186,990,1158,1159,580
207: 713,822
208: 459
209: 726,1003,721,228,1000
210: 505,599,1171,1194,1169,1091
211: 1248,1061,531,1233,191,742
212: 389,742,1060,1196,591,213
213: 591,212,1060,607,1179,1181,339
214: 749,215,1041,385,393,984
215: 795,749,764,487,214,385
216: 1019,764,195,508,758,414
217: 950,508,414,396,236,745
218: 420,780,238,394,783,867
219: 349,1183,423,859,238,1265,788
220: 637,1270,636,1271,221,1272
221: 796,440,1271,220,1272,415
222: 901,1068,1070,796,748,752
223: 535,202,588,418,1308,655
224: 446,1174,203,588,418,808
225: 454,449,933,425,1099,550
226: 818,864,822,435,227
227: 226,822,966,435,457,970
228: 721,824,1000,985,247
229: 640,1278,386,586,1171,1091
230: 640,1169,1091,1093,546
231: 510,1031,1196,591,599,1181
232: 1181,1031,849,339,338,982
233: 393,849,708,234,842,517
234: 984,233,393,854,517,1017
235: 253,593,519,1105,272,1291
236: 530,745,414,217,553,396,1058
237: 394,783,862,960,525,1040
238: 780,423,219,218,788,867
239: 636,433,859,633,1265,1273
240: 1205,637,241,1272,415,258,601
241: 1272,415,527,1205,240,882
242: 1308,655,893,759,1192,243,900
243: 893,242,759,1192,900,736,597
244: 808,446,425,263,903,799
245: 246,1098,813,1284,643
246: 457,245,1284
247: 985,228,824,1279,942,248
248: 368,247,1279,945,942
249: 947,925,955,915,471,250
250: 949,955,391,249,947,267
251: 513,1275,703,951,1274,269
252: 951,952,842,517,513,1006
253: 593,235,1185,272,957,1199
254: 273,255,1059,1222,1290
255: 273,254,1059,960,525,1223
256: 1223,379,525,1040,963,1106
257: 1104,692,1106,275,932,716
258: 601,1066,637,1270,554,240,967
259: 1202,260,973,976,1260,276
260: 259,1202,1205,882,976,1193
261: 1192,1046,882,1193,278,597
262: 263,903,900,991,997
263: 262,903,244,799,529
264: 1285,245,1284,643
265: 469,1209
266: 724,915,471,677,682
267: 686,947,250,949,369,638
268: 638,1274,686,750,410,753
269: 251,951,1274,695,753,754
270: 760,921,957,372,1184,287
271: 610,287,1184,1241,600,1198,623
272: 1291,253,235,1199,522,711
273: 255,254,1222,1223,612,909,442
274: 448,932,716,937,943,452
275: 381,257,1104,716,779,718
276: 1260,973,259,383,888,727
277: 1261,631,976,1260,727,293,1318
278: 261,1193,1203,597,1261,1201
279: 604,1203,736,991,1048,388
280: 853,1164,528,1027,1012,741
281: 390,529,1050,799,1098,1226
282: 1208,1113,283
283: 1113,829,1114
284: 370,369,686,750,829,701
285: 753,410,417,754,936,340,312
286: 1085,1218,610,1219,841,347
287: 610,271,760,270,1184,1218
288: 1243,623,361,289,429,880
289: 361,766,927,772,288,1243
290: 873,909,442,448,772,937
291: 292,779,718,383,888,1232,307
292: 291,779,452,617,1232
293: 1318,277,631,1319,1172,679,294
294: 587,293,1319,660,1172,472,295
295: 804,472,294,587,908,309
296: 728,1164,804,432,581,1165
297: 614,1027,741,676
298: 701,699,829,1114,337
299: 833,750,410,701,699
300: 312,417,760,1218,1084,1085
301: 484,841,347,906,314,787
302: 852,1037,840,429,880,774
303: 361,880,1207,603,1037,868
304: 766,877,397,603,305
305: 304,877,399,397,664,1049
306: 1232,1230,402,307,557,1115
307: 402,291,888,306,1232,405
308: 405,402,904,679,477,669
309: 804,295,908,581,310,1311,656
310: 311,581,309,656,1310
311: 581,310,916,1165,481,1310
312: 300,285,417,936,340,1084
313: 1084,731,871,940,543
314: 787,347,774,315
315: 774,852,314,969,450
316: 1207,397,868,1206,470,1029
317: 733,318,981,851,497
318: 1112,733,473,317,981
319: 497,981,320,329,328,1001
320: 739,1009,981,502,329
321: 477,421,894,755,771,1264
322: 1013,771,1262,1264,632
323: 965,1018,486
324: 450,791,1022
325: 819,488,649
326: 797,1025,961,455,492,1029,819
327: 649,1296,1035,851,1297
328: 1035,497,319,1297,1001
329: 320,502,1038,1001
332: 751,1034,941,343
333: 741
334: 147,865,986,680,1002
335: 79,688,1134,704,99,1118
336: 20,1094,34,693,956,445
337: 1114,436
338: 1031,232,391,982,949,703
339: 849,708,591,213,1179,232,1181
340: 936,410,285,753,833,299,312
341: 466,705,735,188,189,468
342: 375,830,1124,975,978,926
343: 941,332,751,451,87
344: 678,756,1315,132,112,1128,1317
345: 153,133,789,763,658,814
346: 531,565,770,491,564,1127
347: 286,1219,840,301,841,774
348: 784,1257
349: 219,794,1183,199,673,859
350: 836,549,4,846,775,14
351: 574,844
352: 371,17,844,6,812
353: 832,200,673,440,433,1271
354: 861,980,356,358
355: 855,1148,180,453,181,685,201
356: 354,53,358,1108,1149,54
357: 204,1187,578,166,185,866
358: 354,861,356,987,54,1302
359: 362,38,892,1007,40,872
360: 134,690,789,684,876,154,1288
361: 766,289,288,880,303,603
362: 359,38,37,983,611,881,872
363: 998,627,1266,1051,885,634
364: 876,690,889,366,135,696
365: 1213,883,1163,174,1014,193,795
366: 115,889,1143,364,135,1142
367: 907,1316,117,138,666,709,512
368: 248,912,1093,717,724
369: 918,686,267,370,284
370: 284,918,369,558,1113,829
371: 352,17,6,919,922
372: 417,754,695,921,760,270
373: 7,911,618,1235
374: 22,924,461,1117,560
375: 342,837,81,101,830,1124
376: 711,1222,522,612,1030,927
377: 805,810,24,929
378: 895,1,478,817,761
379: 1223,256,1106,442,448,932
380: 715,1257,2,934,3,13
381: 275,554,1104,973,967,718
382: 1159,580,713,822,207
383: 973,779,718,276,291,888
384: 168,993,977
385: 758,215,764,214,984,1047
386: 1244,190,714,586,1278,229
387: 1081,541,606,1080,28,931
388: 1048,604,279,1173,1012,728
389: 742,212,1248,730,1016,1194,1196
390: 281,529,1050,1226,1027,297,614
391: 510,1031,955,338,250,949
392: 969,852,1037,868,961,455
393: 233,1041,214,708,234,984
394: 237,783,218,1043,867,1040
395: 996,462
396: 553,758,414,217,1103,1047,236
397: 1207,603,304,877,305,316,1206
398: 1161,645,1289,662,884,905,176
399: 617,943,877,1230,305,664
400: 567,118,1116,138,666,687
401: 722,83,102,668,563,1168
402: 307,306,308,405,1115,669
403: 811,1313,155,156,1024,177
404: 775,422,1253,674,1081,541
405: 308,888,727,402,307,679
406: 725,65,769,1214,103,681
407: 975,119,1116,687,120,785
408: 692,534,1043,1064,1263,963
409: 590,104,1180,561,498,694
410: 268,750,285,753,299,340
411: 51,996,555,52,462
412: 590,694,1178,105,1286,125,738
413: 1092,744,743,1256,571,1225
414: 216,508,758,217,396,236
415: 241,1272,221,796,748,527,240
416: 893,748,752,1309,527,1046
417: 754,372,285,760,300,312
418: 588,223,224,1308,759,808
419: 762,1220,93,55,74,1157
420: 218,767,780,1133,778,783
421: 904,587,477,908,321,771
422: 775,404,26,549,1097,1253
423: 198,1183,780,197,219,238
424: 94,1166,683,1167,1101,1138
425: 446,933,225,244,1099,799
426: 1075,538,87,1074,807
427: 29,816,910,30,1021,1015
428: 576,962,834,826,139,179
429: 840,1198,623,288,880,302
430: 846,1147,1146,16,496,823
431: 507,78,1053,1217,608,848
432: 333,916,1165
433: 636,239,673,859,353,1271
434: 863,31,45,1055,1073
435: 966,864,959,226,913
436: 337,731
437: 688,1134,875,1078,540,98
438: 879,496,847,793,843,920
439: 757,144,845,124,622,164
440: 1068,855,353,832,1271,221,796
441: 940,906
442: 273,1223,379,612,909,448
443: 18,20,1234,856,693
444: 548,653,1304,1307,66
445: 1095,34,956,917
446: 1174,224,933,244,808,425
447: 935,50,672,49,1034
448: 274,932,379,442,290,937
449: 454,225,938,661,1321,959,933
450: 939,315,969,965,324
451: 941,343
452: 274,716,779,943,292,617
453: 161,181,944,355,689,201
454: 449,225,959,913,550
455: 961,868,492,1029
456: 61,1215,994,80,712,964
457: 970,1284
458: 35,1117,354,980
459: 
460: 1186,594,523,1132,1033,989
461: 992,924,374,560,1119
462: 996,411,395,536
463: 1002,680,166,866,1158,205
464: 1063,691,1067,990,187
465: 698,929,478,23,899
466: 341,1087,479,765,735
467: 968,710,1039,1109,53
468: 341,735,189,1189,1003,714
469: 717,265
470: 1206,1049,316,733,1029,720,974
471: 915,912,546,925,266,249
472: 804,295,1173,660,728,294
473: 733,664,1049,557,318,1112
474: 167,737,1282,1283,533,1063
475: 739,1009,1115,669,1112,755
476: 64,1238,747,62,619,719,82
477: 669,308,904,421,755,321
478: 24,895,378,929
479: 765,129,148,544,1087,466
480: 769,518,1026,1056,722,65
481: 1310
482: 914,782,663,84,1036,67
483: 120,785,489,158,732,652,1300
484: 301,841,940,543,441,906
485: 790,67,85,68,1120
486: 323
487: 764,195,1014,175,795,215
488: 1022,325
489: 978,802,120,483,743,652
490: 885,57,1246,58,809,792,75
491: 814,763,565,172,346,564
492: 1029,455,720,326,819,1296
493: 910,14,823,843,43,29
494: 108,1069,639,1160,1269,1267
495: 1145,1144,1052,59,835,697
496: 430,847,823,843,438
497: 319,317,981,1035,851
498: 104,988,858,409,694,886
499: 577,1152,569,89,131,878
500: 136,896,662,884,928,506
501: 920,890,7,793,373,618
502: 320,1262,329,1038
503: 508,897,671,1024,1019,196
504: 1137,902,73,800,92,1136
505: 210,599,1169,510,925,955
506: 928,136,500,884,1313,803,156
507: 431,78,1008,1053,60,835
508: 897,503,216,1019,414,217,950
509: 579,74,1156,94,1167,113
510: 231,1031,505,599,955,391
511: 958,642,948,1005,126,1282
512: 709,907,367,657,1107,972
513: 251,982,842,703,951,252
514: 1021,1015,1054,1238,1215,994
515: 1107,972,834,178,1182,179
516: 77,76,1144,1078,540,1004
517: 842,233,234,1017,252,1006
518: 747,1011,521,64,1026,1056,480
519: 854,1103,553,1017,1105,593,235
520: 162,1141,568,838,1131,971,1023
521: 1306,537,1011,524,518,1026
522: 272,1199,376,711,600,1030
523: 1242,622,164,1033,1186,460
524: 782,47,1306,521,1026,1057
525: 1040,237,960,255,1223,256
526: 1231,1227,1153,110,1044,130
527: 748,241,415,416,882,1046
528: 997,1050,1048,1027,1012,280
529: 390,281,1050,263,262,799,997
530: 236,745,862,1059,1058,960
531: 346,770,1061,211,191,1127
532: 134,690,114,95,1062,889
533: 1283,1063,691
534: 692,408,1064,1066,554,1104
535: 223,1070,202,1110,752,1309,655
536: 462,1071,69,70,1239,620,1237
537: 1204,32,46,1011,1306,521
538: 1075,426,343,451,87
539: 1077,142,1092,571,1141,838
540: 1078,516,437,1004,97,98
541: 775,404,836,1081,606,387
542: 1082,626,1250,874
543: 940,313,1084,1085,484,841
544: 1269,1267,148,1190,479,129
545: 1088,113,954,786,1089,1065
546: 925,230,1169,912,1093
547: 143,122,1076,1090,1125,142
548: 444,956,1095,33,602,1307
549: 1097,798,4,775,422,350
550: 1099,454,225,913,246
551: 1101,570,792,683,573,1100
552: 178,1102,811,177,1135,946,566
553: 396,1103,236,519,1105,1058,646
554: 1066,534,258,1104,381,967
555: 52,51,1039,411
556: 1111,944,971,182,689,183
557: 306,1230,664,1115,473,1112
558: 682,918,605,370,1208,1113
559: 827,99,1118,118,119,1116
560: 1119,374,22,38,36,37
561: 1121,1180,1216,1120,104,409
562: 1210,1122,816,1053,44,1217
563: 102,401,121,122,1168,1125
564: 491,172,346,883,1127,891
565: 770,152,763,1129,491,346
566: 198,592,552,178,1182,1135,197
567: 400,1130,1079,118,1295,666
568: 838,845,164,520,1131,1033
569: 71,1152,1137,499,131,111
570: 1101,551,1100,95,1062,1139
571: 1225,1092,413,539,1141,615
572: 96,1143,1294,1142,702,659
573: 809,792,1145,551,1100,77
574: 351,844,16,812
575: 1149,1042,72,1303,777,675
576: 962,428,826,1148,159,1150
577: 90,670,1152,828,89,499
578: 594,165,1155,1187,166,357
579: 509,74,1157,800,1088,113
580: 1159,382,206,818,226,822
581: 311,310,804,296,309,1165
582: 639,1162,1160
583: 898,173,1161,1163,174,194,905
584: 94,56,1255,1254,1156,1166
585: 103,681,1170,1076,988,858,123
586: 621,190,386,1016,229,1171
587: 294,904,1172,295,421,908
588: 418,202,1175,203,223,224
589: 671,1177,1176,175,195,1019
590: 409,1180,870,694,412,105
591: 213,212,1196,231,1181,339
592: 198,566,1182,179,794,1183
593: 253,235,1017,519,1185,1006
594: 1186,460,165,1187,989,578
595: 1189,1244,149,170,1249,1245,190
596: 740,109,1267,544,1190,1191
597: 1203,736,261,1192,243,278
598: 0,930,1197
599: 505,210,1194,1196,510,231
600: 1241,1199,522,1184,1030,271
601: 258,637,1205,240,967,1202
602: 47,654,1200,33,548,1204,1307
603: 1207,397,361,766,304,303
604: 279,1203,1201,388,1319,1173,660
605: 677,682,1209,558
606: 1211,541,387,28,1123
607: 192,1126,1060,1212,213,1179
608: 1217,431,61,848,79,712
609: 1214,84,725,85,1216,857
610: 271,287,1218,1198,286,1219
611: 983,995,37,362,881,628
612: 909,1222,273,376,442,927
613: 1229,1129,150,770,616,1061
614: 297,1226,643,1224
615: 1140,571,1225,1141,162,161
616: 625,1188,150,613,1061,1233
617: 399,943,452,292,1232,1230
618: 373,501,890,1235,923,31
619: 1238,994,476,964,1236,719
620: 1239,1071,707,536,1151,670
621: 586,1245,190,171,730,1016
622: 1240,124,439,164,1242,523
623: 1198,1241,271,288,1243,429
624: 1246,1254,881,872,1247,56
625: 1188,616,1249,1245,171,1233
626: 1250,635,1251,1162
627: 1266,1252,41,998,363
628: 1221,611,995,881,56,1255
629: 160,1228,1258,1301,159,180
630: 348,1257,2,1259
631: 277,1261,1201,293,1318,1319
632: 1262,322
633: 1265,788,239,1064,1263,1273
634: 363,1266,885,1268,1010,58
635: 626,1250,1162,1160,1269,148
636: 239,433,1271,1273,1270,220
637: 1270,220,1272,258,601,240
638: 268,1274,949,1275,686,267
639: 88,1277,1069,582,1160
640: 1278,229,824,1279,230,1091
641: 1287,1281,147,865,1280
642: 958,511,127,107,1282,1283
643: 245,1226
644: 768,738,1286,1287,641,1281
645: 154,1288,696,1289,898,1161,398
646: 1059,1058,553,1105,1291,1290
647: 117,116,1294,1295,659,1314,666
648: 1132,163,989,1293,1292,1154
649: 327,325,1297
650: 1299,1298,130,1231,150,1188
651: 1302,762,1149,54,1303,93
652: 1258,1300,483,489,743,1256
653: 1304,1095,917,444,48
654: 602,47,1307,782,914
655: 242,1308,1309,223,535,893
656: 309,1311,1310
657: 1102,907,512,157,1312,1107,178
658: 763,112,133,1317,345
659: 1314,572,116,1294,702,647,137
660: 1173,1201,604,1319,294,472
661: 1321,204,866,938,959,449
662: 135,696,1289,896,500,398,884
663: 66,1305,914,482,49,1032,67
664: 1049,399,1230,305,557,473
665: 68,87,1121,729,1074
666: 138,1295,567,400,647,117,367
667: 88,1045,70,1277
668: 722,769,401,681,1170,1168
669: 477,402,308,1115,475,755
670: 90,577,1239,620,1151,91,1152
671: 589,1176,155,1024,1019,503
672: 49,1032,447,1034,790,332
673: 859,1150,199,200,349,353,433
674: 1081,1253,404,825,41,27
675: 902,73,575,1303,93,777
676: 741,821,333
677: 717,724,266,265,682,605
678: 111,1136,756,1020,132,344
679: 904,1172,727,293,1318,308,405
680: 166,865,1155,334,1002,463
681: 103,769,406,668,1170,585
682: 918,266,915,677,605,558
683: 792,75,1166,424,1101,551
684: 789,1089,1065,134,133,360
685: 200,1148,180,1150,855,355,832
686: 267,369,268,638,284,750
687: 820,400,1116,407,138,785
688: 437,1134,848,875,79,335
689: 201,453,944,556,1111,901
690: 134,532,114,889,360,876,364
691: 1063,464
692: 534,408,963,1106,257,1104
693: 956,443,20,336,856
694: 1178,886,498,590,409,412
695: 951,952,269,921,754,372
696: 1289,876,364,135,1288,645,662
697: 835,78,495,1144,875,1078
698: 465,23,899,892,1007,39
699: 298,701,833,299,337,436
700: 203,185,979,204,938,1174
701: 298,699,284,750,829,299
702: 1142,572,659,1314,136,896,137
703: 1275,338,982,949,251,513
704: 746,99,79,80,712,335
705: 169,874,1087,466,341
706: 137,1314,136,907,1316,928,157,1312
707: 1071,52,839,1042,72,620,1151
708: 849,339,1179,1041,233,393
709: 512,138,820,367,999,158,972
710: 
711: 376,272,1291,1222,1290,522
712: 80,608,61,456,79,704
713: 187
714: 1003,468,1189,1244,386,1000,1278
715: 1197,1257,1,934,380
716: 257,275,274,932,779,452
717: 469,265
718: 779,275,381,973,967,383,291
719: 1236,619,476,64,82,850
720: 974,492,1029,819,1296
721: 228,977,726,209,208
722: 1056,769,480,83,401,668
723: 5,798,15,1146,4
724: 266,717,677
725: 406,65,1057,84,1036,609,1214
726: 209,993,188,189,977,1003,721
727: 1260,276,277,888,1318,405,679
728: 1012,388,1173,804,472,296
729: 1121,1180,1074,870,86
730: 1016,171,1248,621,389,742
731: 436,871
732: 483,785,999,158,1300,826,139,140
733: 473,1049,470,318,974,317
734: 806,773,351
735: 765,466,341,149,468,1189
736: 1203,597,243,900,991,279
737: 167,474,126,1282,1281,147
738: 768,644,412,105,1286,125
739: 1009,475,894,755,320,502
740: 596,109,108,828,89,1267
741: 1027,280,853,676,333
742: 389,212,1248,211,191,730,1060
743: 744,802,489,413,652,1256
744: 743,141,802,1090,1092,413
745: 236,530,217,950,778,862
746: 704,99,80,100,837,827
747: 63,62,1011,476,64,518
748: 222,796,752,415,527,416
749: 193,1212,795,215,1041,214
750: 686,268,284,410,701,299
751: 332,343,68,665,87
752: 1309,222,1070,748,535,416
753: 285,268,1274,269,410,754
754: 417,372,269,695,285,753
755: 894,477,669,739,475,321
756: 92,1136,678,786,1315,344
757: 988,123,886,144,439,124
758: 385,764,216,414,1047,396
759: 418,242,1308,808,243,900,903
760: 270,417,372,300,1218,287
761: 817,11,378,478,465,899
762: 651,1302,869,1220,1303,93,419
763: 658,152,1317,345,565,491,814
764: 487,195,215,216,385,758
765: 479,129,781,466,735,149
766: 361,289,772,873,304,603
767: 196,946,897,1133,950,778,420
768: 644,738,105,1005,126
769: 480,722,406,65,668,681
770: 565,613,1129,1061,531,346
771: 1311,421,908,321,1264,322,1013
772: 909,927,873,290,766,289
773: 734,806,351,574,15,1147
774: 840,347,852,302,314,315
775: 422,404,549,350,836,541
776: 656,1310
777: 72,575,91,675,902,71
778: 767,950,420,745,862,783
779: 718,275,716,383,452,292,291
780: 1133,197,423,420,218,238
781: 1086,765,129,1299,1298,149,170
782: 524,47,654,914,482,1057,1036
783: 237,394,778,420,218,862
784: 348,1197,715,1257
785: 120,483,407,687,820,158,732
786: 1089,1315,92,1088,545,756
787: 314,906,1018,323,965
788: 633,1265,219,238,867,1263
789: 684,133,360,153,345,154
790: 485,672,1032,332,751,68
791: 939,450,324,1022
792: 75,683,490,809,573,551
793: 7,847,438,501,920
794: 1183,1182,179,962,592,199,349
795: 215,1213,365,1014,193,749,487
796: 221,1068,440,222,748,415
797: 1025,326,324,1022,488
798: 3,723,549,1097,4
799: 244,425,1099,263,1098
800: 1157,73,579,504,92,1088
801: 919,922,8
802: 141,926,978,489,744,743
803: 1176,176,884,506,155,156
804: 472,295,728,296,309,581
805: 377,9,924,992,461
806: 734,5,773
807: 1075,426,953,106
808: 244,418,446,224,759,903
809: 58,490,59,792,573,1145
810: 1195,24,377
811: 403,157,1313,1102,156,552,177
812: 574,844,16,847
813: 1098,1099,550,246,245
814: 491,763,153,345,173,172
815: 1004,76,1139,115,96,1143
816: 427,29,1122,562,1015,44
817: 761,11,378,1,934,12
818: 206,1158,1320,864,226
819: 1296,325
820: 687,138,785,709,999,158
821: 297,614,1224,676
822: 382,580,207,227
823: 14,846,430,496,843,493
824: 1000,228,640,1278,247,1279
825: 41,25,831,1253,1252,674
826: 139,140,732,1301,576,962,428,159
827: 559,746,99,837,830,119
828: 89,1069,90,577,108
829: 370,284,1113,298,701
830: 119,837,827,375,342,975
831: 12,26,25,1253,825
832: 353,685,200,855,1068,440
833: 299,936,340,436,731
834: 999,515,972,139,179,428
835: 1008,1052,507,78,495,697
836: 350,775,14,541,606,1211
837: 100,746,81,827,830,375
838: 568,1077,539,845,1141,520
839: 1108,1109,555,52,707,1042
840: 429,1198,1219,347,774,302
841: 484,301,286,1085,543,347
842: 517,849,233,982,513,252
843: 496,823,438,879,910,493
844: 351,574,6,812
845: 144,1077,439,568,838,164
846: 430,4,350,14,823
847: 16,812,496,793
848: 875,431,78,608,79,688
849: 339,708,232,233,982,842
850: 82,1236,719,81,83,102,101
851: 1035,720,974,317,1296,327
852: 1037,302,774,315,969,392
853: 280,1164,741,432,333
854: 1103,1047,234,984,1017,519
855: 355,685,201,832,1068,440
856: 1234,693,956,1200,19,33
857: 609,1214,1216,103,104,858
858: 988,103,857,104,585,498
859: 673,199,349,219,1265,239,433
860: 8,1094
861: 980,36,358,987
862: 778,530,745,237,783,960
863: 434,879,920,890,30,45
864: 959,1320,818,226,435
865: 1155,1280,641,147,334,680
866: 166,463,357,204,205,661,1321
867: 1043,218,238,788,394,1263
868: 303,1207,1037,316,455,1029
869: 1220,987,1302,762,1221
870: 1180,729,590,86,105
871: 731,940
872: 1247,362,359,40,881,1051,624
873: 290,772,937,766,304,877
874: 1250,1082,542,1087,169,705
875: 848,78,697,1078,437,688
876: 364,134,690,889,360,154,1288,696
877: 873,937,943,304,399,397,305
878: 1153,89,499,131,109,110
879: 438,843,920,910,30,863
880: 288,361,429,303,1037,302
881: 362,611,872,1247,628,56,624
882: 241,527,1205,261,1046,260,1193
883: 1163,172,564,174,891,1213,365
884: 662,500,398,506,176,803
885: 1051,57,363,634,490,58
886: 694,1178,988,498,757,124
887: 21,924,1117
888: 383,276,291,727,307,405
889: 1062,532,690,115,366,876,364
890: 501,920,618,863,434,31
891: 1126,564,883,1127,1213,192
892: 38,23,698,1007,359
893: 416,1309,242,655,1192,1046,243
894: 755,321,502,1262,1264
895: 378,1195,0,930,24,478
896: 136,500,135,1142,702,662
897: 508,503,1024,767,196,950
898: 583,153,154,1288,645,173,1161,1163
899: 25,761,11,465,698,39
900: 242,759,243,262,903,736,991
901: 222,689,201,1111,1068,1070
902: 675,73,777,71,1137,504
903: 263,262,759,244,808,900
904: 1172,679,308,587,477,421
905: 1177,583,1161,398,194,176
906: 441,1018
907: 367,1316,117,706,512,1312,657
908: 587,295,421,309,1311,771
909: 612,273,442,927,772,290
910: 493,843,879,30,427,29
911: 18,922,801,373,1235
912: 1093,368,546,724,266,471
913: 959,454,966,435,246
914: 482,654,1307,66,782,663
915: 471,266,249,947,682,918
916: 1165
917: 445,1095,653
918: 682,369,558,370
919: 922,801
920: 501,890,793,438,879,863
921: 952,1185,695,957,372,270
922: 371,801,373,911
923: 1234,1235,618,31,1072,19
924: 9,887,374
925: 546,1169,505,955,471,249
926: 141,802,342,121,1124,978
927: 1030,376,612,909,772,1243,289
928: 506,136,500,137,706,157,1313,1312,156
929: 24,377,478,992,23,465
930: 598,0,1197,895,378,1
931: 1008,1080,387,28,42,60
932: 448,274,379,1106,257,716
933: 938,446,1174,449,225,425
934: 715,1,380,12,13
935: 447,1304,48,1305
936: 340,285,833,312,731,313,1084
937: 943,448,274,873,290,877
938: 204,700,661,1174,933,449
939: 450,323,965,486,791
940: 543,871,441
941: 1034,343
942: 945,459,985,247
943: 937,274,452,877,399,617
944: 971,162,453,161,182,689,556
945: 942,368,248,717
946: 1135,552,177,767,196,1133,197
947: 249,915,250,918,369,267
948: 1005,86,106,958,511
949: 250,391,338,1275,703,267,638
950: 217,508,897,767,778,745
951: 252,952,251,513,269,695
952: 951,252,1185,1006,695,921
953: 106,807
954: 1167,545,113,1138,114,1065
955: 505,510,925,391,249,250
956: 693,856,445,1095,33,548
957: 1199,1185,253,921,270,1184
958: 642,511,953,106,948,107
959: 864,1320,661,1321,454,449,913
960: 530,862,237,1059,525,255
961: 455,969,392,324,797,326
962: 576,428,826,179,794,1150,199
963: 1043,1040,692,408,256,1106
964: 100,456,994,619,80,1236
965: 323,314,787,315,939,450
966: 435,913,227,246,457
967: 973,554,258,601,381,1202,718
968: 467,35,458,354
969: 392,852,315,450,324
970: 227
971: 944,520,162,161,182,1023,556
972: 1107,515,709,512,999,834
973: 967,381,259,1202,718,383,276
974: 720,470,733,317
975: 407,830,119,342,978,120
976: 1193,259,260,1260,277,1261
977: 384,208
978: 342,975,802,926,120,489
979: 185,1154,1292,1175,700,203
980: 861,458,1117,354
981: 318,320,497,319
982: 232,849,338,842,703,513
983: 611,995,36,37,362,987,869
984: 234,214,385,393,854,1047
985: 247,208,721,228,459
986: 167,334,1002,186
987: 861,36,358,1302,869
988: 858,585,498,123,757,886
989: 1187,1132,594,460,648,1154
990: 1067,464,186,187
991: 900,262,736,997,279,1048
992: 461,377,805,929,23
993: 188,168,384,977
994: 514,1238,1215,456,619,964
995: 983,611,987,869,1220,1221,628
996: 411,395
997: 262,991,529,1050,1048,528
998: 363,1007,1252,39,40,627,1051
999: 158,820,709,732,972,834,139
1000: 824,209,1003,714,228,1278
1001: 319,329,328
1002: 463,334,986,680,186,1158
1003: 714,189,468,726,209
1004: 815,516,76,540,97,96
1005: 948,870,86,105,768,738,126
1006: 1185,517,1017,252,952,593
1007: 892,39,359,40,998
1008: 931,42,60,1052,835,507
1009: 739,475,318,1112,981,320
1010: 42,1268,634,58,1052,59
1011: 46,537,63,747,521,64,518
1012: 728,1048,388,528,280,1164
1013: 322,1311,771,656,776
1014: 174,194,365,175,795,487
1015: 44,427,816,1021,514,1215
1016: 730,586,621,389,1171,1194
1017: 234,854,517,519,1006,593
1018: 906
1019: 216,671,589,195,508,503
1020: 110,131,111,678,132,1044
1021: 30,427,45,1015,514,1054
1022: 324,488
1023: 163,182,520,1131,1132,971
1024: 155,403,671,177,897,503,196
1025: 797,326,819,488,325
1026: 521,524,518,1057,480,65
1027: 528,297,280,741
1028: 48,447,935,50
1029: 492,868,316,470,455,720
1030: 927,522,376,1241,600,1243
1031: 510,231,232,1181,391,338
1032: 672,49,663,67,790,485
1033: 1132,568,164,523,1131,460
1034: 50,941
1035: 851,497,327,1297,328
1036: 84,782,482,1057,725
1037: 852,302,880,303,868
1038: 502,1262,632
1039: 710,51,1109
1040: 525,237,394,1043,963,256
1041: 1212,749,1179,214,708,393
1042: 72,839,1108,1149,575
1043: 867,394,1263,1040,963,408
1044: 132,110,1020,526,1227,151,1128
1045: 395,69,70
1046: 261,1192,527,893,416,882
1047: 854,1103,385,758,984,396
1048: 388,991,997,279,528,1012
1049: 664,305,1206,470,733,473
1050: 390,281,529,997,528,1027
1051: 885,57,40,998,363,872,1247
1052: 59,42,1010,1008,835,495
1053: 60,1210,562,431,507,1217
1054: 1238,1021,45,1055,514,62
1055: 45,434,1073,1054,63,62
1056: 722,64,518,82,480,83
1057: 782,524,1026,1036,725,65
1058: 1059,646,553,236,530,1105
1059: 1058,646,530,960,1290,255,254
1060: 191,1126,742,212,607,213
1061: 613,770,616,531,1233,211
1062: 95,570,1139,532,889,115
1063: 167,474,691,1067,464
1064: 1263,633,1066,1273,534,408
1065: 545,954,114,1089,134,684
1066: 1273,1064,1270,534,554,258
1067: 167,1063,986,186,990
1068: 440,855,201,832,222,901,796
1069: 1237,1277,90,639,494,108,828
1070: 1111,222,901,1110,752,535
1071: 707,411,52,462,536,620,1151
1072: 923,31,19,1073,46,32
1073: 434,31,1072,1055,46,63
1074: 87,729,807,86
1075: 538,426,807
1076: 1170,122,585,143,547,123
1077: 142,539,143,144,845,838
1078: 540,1144,697,875,516,437
1079: 1130,98,97,116,1295,567
1080: 27,1081,387,42,1268,931
1081: 674,404,541,27,1080,387
1082: 542,874,1083,169
1083: 1082,168
1084: 313,936,300,312,731,1085
1085: 286,300,1218,1084,543,841
1086: 781,1190,1191,129,1299,1298
1087: 1250,148,874,479,705,466
1088: 545,113,800,579,92,786
1089: 786,1315,545,1065,112,133,684
1090: 1125,141,547,744,1092,142
1091: 1169,640,229,1171,230,210
1092: 413,1090,744,142,539,571
1093: 912,1279,230,368,248,546
1094: 20,336,34
1095: 445,917,548,444,653
1096: 1259,5,798,3,723
1097: 549,798,3,13,26,422
1098: 813,1099,799,245,1226
1099: 550,225,425,799,1098,813
1100: 573,551,570,77,76,1139
1101: 551,570,683,424,1138,95
1102: 657,157,1312,1107,811,552,178
1103: 854,1047,553,396,519,1105
1104: 257,692,534,554,275,381
1105: 1103,553,519,1058,646,235,1291
1106: 963,692,379,256,257,932
1107: 515,972,512,657,1102,178,1182
1108: 839,1109,53,356,1149,54,1042
1109: 53,467,1039,555,839,1108
1110: 202,184,1111,183,1070,535
1111: 556,689,183,901,1070,1110
1112: 318,557,1115,473,1009,475
1113: 558,370,282,1208,829
1114: 337
1115: 306,402,557,669,1112,475
1116: 118,559,119,400,407,687
1117: 21,887,458,374,22
1118: 118,1134,335,99,1130,559
1119: 560,992,461,23,38,892
1120: 68,85,1216,1121,561
1121: 1180,561,68,1120,665,729
1122: 43,1123,1210,29,816,562
1123: 28,1210,606,1211,43,1122
1124: 121,102,101,375,342,926
1125: 1090,121,563,122,1168,141,547
1126: 891,191,1127,1060,607,192
1127: 191,531,346,564,1126,891
1128: 152,1317,132,1044,344,151
1129: 613,1229,1227,151,152,565,770
1130: 98,1079,1134,1118,118,567
1131: 568,520,1132,1033,163,1023
1132: 1033,1131,460,163,1023,648,989
1133: 780,197,946,767,196,420
1134: 437,688,335,1130,98,1118
1135: 946,552,178,177,198,566,197
1136: 111,678,1137,504,92,756
1137: 504,902,71,569,111,1136
1138: 114,1167,424,1101,954,95
1139: 570,1100,76,1062,815,115
1140: 615,1225,160,1228,162,161,181
1141: 539,571,838,615,520,162
1142: 702,366,1143,572,135,896
1143: 96,572,815,115,366,1142
1144: 1145,495,697,77,516,1078
1145: 495,1144,809,59,573,77
1146: 15,1147,723,4,846,430
1147: 15,1146,773,574,16,430
1148: 159,576,180,1150,685,200,355
1149: 54,356,1108,651,1042,575,1303
1150: 199,576,962,1148,159,685,200,673
1151: 91,1071,707,72,1239,620,670
1152: 91,577,670,71,569,499
1153: 878,109,110,1191,130,526
1154: 185,979,648,1187,989,1292
1155: 865,1280,165,578,680,166
1156: 55,74,1255,94,584,509
1157: 800,93,419,74,73,579
1158: 205,1320,1002,463,186,206,818
1159: 382,580,990,187,206,713
1160: 1269,582,639,1162,1267,635
1161: 398,645,1289,583,898,905
1162: 582,128,1251,1160,626,635
1163: 883,173,172,583,898,174,365
1164: 280,853,1012,728,296,432
1165: 916,296,432,311,581
1166: 1254,94,584,75,683,424
1167: 94,509,424,113,954,1138
1168: 1170,122,401,668,563,1125
1169: 1091,230,505,210,546,925
1170: 122,1076,1168,668,681,585
1171: 586,1016,229,1194,1091,210
1172: 904,679,293,1318,294,587
1173: 660,604,388,728,472
1174: 446,224,700,203,938,933
1175: 1292,979,202,184,203,588
1176: 176,803,1177,155,671,589
1177: 905,194,1176,176,175,589
1178: 694,886,412,1240,124,125
1179: 607,1212,213,1041,339,708
1180: 1121,561,729,590,409,870
1181: 232,591,213,231,1031,339
1182: 1107,515,178,179,198,592,566,794
1183: 794,198,592,423,349,219
1184: 957,1199,270,600,271,287
1185: 1006,952,253,593,921,957
1186: 594,460,1242,523,146,165
1187: 989,594,578,185,1154,357
1188: 625,616,1299,650,150,1249
1189: 1244,595,735,149,468,714
1190: 596,109,544,1191,129,1086
1191: 130,596,109,1153,1190,1086,1298
1192: 261,1046,893,242,243,597
1193: 976,882,261,260,278,1261
1194: 1016,389,1171,1196,210,599
1195: 0,810,24,895
1196: 389,212,1194,591,599,231
1197: 715,1
1198: 623,1241,610,271,1219,840,429
1199: 957,253,272,522,1184,600
1200: 19,856,33,1204,32,602
1201: 278,1203,1261,631,604,1319,660
1202: 259,260,601,1205,973,967
1203: 736,597,278,1201,604,279
1204: 32,537,1200,602,47,1306
1205: 240,241,601,882,1202,260
1206: 470,1207,397,305,1049,316
1207: 397,603,303,868,316
1208: 282,605,558,1113
1209: 605,1208
1210: 28,1123,1122,1053,60,562
1211: 606,836,14,43,1123
1212: 193,749,607,192,1179,1041
1213: 365,883,891,192,193,795
1214: 609,725,406,103,857
1215: 61,456,1015,44,514,994
1216: 85,609,1120,857,104,561
1217: 608,1053,562,44,431,61
1218: 760,300,610,287,286,1085
1219: 610,1198,286,840,347
1220: 869,762,1221,419,55
1221: 628,995,869,1220,1255,55
1222: 1290,273,254,376,711,612
1223: 379,256,525,273,255,442
1224: 643,1285,614
1225: 571,413,1256,160,1140,615
1226: 1098,390,281,643,614
1227: 526,1231,1044,151,1229,1129
1228: 160,629,1140,180,181
1229: 613,1129,1231,1227,151,150
1230: 306,1232,399,617,664,557
1231: 526,1227,130,650,150,1229
1232: 306,1230,292,291,617,307
1233: 171,625,616,1061,1248,211
1234: 1235,923,18,443,856,19
1235: 1234,923,373,911,18,618
1236: 719,619,964,100,850,81
1237: 1069,70,536,1239,1277,90
1238: 1054,514,62,994,619,476
1239: 620,536,1151,1237,90,670
1240: 124,622,1178,125,1242,145
1241: 600,1030,271,1198,623,1243
1242: 523,1240,622,145,146,1186
1243: 288,1241,1030,927,623,289
1244: 1189,595,190,714,386
1245: 190,1249,625,595,171,621
1246: 624,1254,1247,57,490,75
1247: 872,40,881,1051,57,624,1246
1248: 211,171,1233,730,389,742
1249: 1299,170,625,1188,595,1245
1250: 626,635,148,874,1087
1251: 128,1162,626
1252: 39,25,825,41,998,627
1253: 26,831,422,404,825,674
1254: 624,1246,56,584,1166,75
1255: 56,1221,628,55,1156,584
1256: 743,413,1258,652,1225,160
1257: 2,784,348,715,380
1258: 652,1300,1256,1301,160,629
1259: 1096,630,5
1260: 276,259,976,277,727,1318
1261: 277,631,976,1193,278,1201
1262: 1264,502,1038,632
1263: 1064,633,788,1043,867,408
1264: 1262,321,771,322
1265: 633,788,219,859,239
1266: 627,41,363,27,634,1268
1267: 1160,1269,544
1268: 42,1010,1266,27,1080,634
1269: 1160,1267,635,148,544
1270: 637,220,636,1066,1273,258
1271: 353,440,636,433,221,220
1272: 241,415,221,637,220,240
1273: 1066,633,636,239,1064,1270
1274: 268,638,1275,251,269,753
1275: 703,949,251,638,1274
1276: 88,582
1277: 1237,1069,639
1278: 640,229,714,386,824,1000
1279: 824,640,230,248,1093
1280: 865,1155,146,1287,641,165
1281: 147,768,644,126,641
1282: 642,511,126,1283,474,737
1283: 533,127,1282
1284: 246,457,245
1285: 264,643,1224
1286: 125,412,644,738,145,1287
1287: 145,146,1286,644,641,1280
1288: 154,645,360,876,696,1289,898
1289: 696,1288,645,662,1161,398
1290: 1222,1059,646,1291,254,711
1291: 272,1105,646,235,1290,711
1292: 648,1293,1154,979,184,1175
1293: 183,163,182,648,1292,184
1294: 116,97,96,572,659,647
1295: 1079,116,567,647,117,666
1296: 720,819,327
1297: 649,327
1298: 1299,650,1191,130,1086,781
1299: 1298,650,1086,781,170,1249,1188
1300: 1258,652,483,732,140,1301
1301: 1258,1300,826,140,629,159
1302: 651,762,358,987,54,869
1303: 93,1149,651,762,575,675
1304: 653,48,66,1305,935
1305: 66,1304,935,663,49
1306: 521,1204,537,47,524
1307: 548,444,602,654,66,914
1308: 242,655,223,418,759
1309: 752,535,893,416,655
1310: 481,656,776
1311: 771,908,309,656
1312: 157,1313,706,907,928,657,1102
1313: 157,1312,928,506,156,811,403
1314: 659,702,647,117,137,706,1316
1315: 786,1089,756,344,112,133
1316: 907,367,1314,117,137,706
1317: 152,1128,344,112,763,658
1318: 293,1260,277,631,727,1172,679
1319: 631,1201,604,293,660,294
1320: 1158,205,818,1321,864,959
1321: 661,866,205,1320,959,449