0: 2388,1359,1195,2047
1: 817,895,930,1197,1349,1981,1513
2: 348,630,2193,2191,3
3: 1096,2,2193,2191,1337,380,798
4: 1146,798,2192,549,1364
5: 2287,2288,1934,723,1635,2286
6: 1372,1864,352,1487,371
7: 2114,1957,1375,1964,373
8: 20,1633,801,1768,911
9: 1390,2011,10,805,887,1407
10: 805,1466,1390,9
11: 1569,25,761,1401,12,2059,1451
12: 1401,1405,761,26,11,1451
13: 1385,934,1405,380,1408,26
14: 1860,1642,1410,1539,1588,1989
15: 2286,2288,1146,430,2012,846
16: 574,812,1417,17,847,1647
17: 847,793,812,352,16,1419
18: 1386,2093,373,443,1235,1427,1234
19: 1427,923,2408,32,1072,2142,2403
20: 8,1633,1768,860,1430,1490
21: 2245,1433,35
22: 887,1117,924,1967,1629,2239
23: 2234,1675,929,478,1119,465
24: 1355,810,1195,1977
25: 11,1569,2059,899,1537,1552
26: 13,1408,12,1097,1451,831
27: 41,1266,2157,1080,634,1268
28: 1661,2415,2417,2420,2238,1122,1210,2237,2054
29: 1518,1511,910,2240,1123,1122,1462
30: 879,1948,910,863,2091,1462,1465,1583
31: 923,2115,1469,1544,1072,1073
32: 1200,2408,19,2142,1204,2403,537
33: 1474,856,1727,1200,1204,2186,2400
34: 1094,2179,2182
35: 21,1433,1705
36: 37,861,560,1525,38,983,1520
37: 36,1525,983,362,1923,1520,1912
38: 892,359,2242,2036,560,1525,36
39: 899,1537,1504,698,1689,1007
40: 1888,1548,1729,1007,998,2046,1247
41: 1266,27,1552,674,1378,1081,1252,2157
42: 1052,2050,1568,1268,931,1743,1010,1739
43: 1989,1588,1211,493,2240,2238,1123,2416
44: 816,2244,2437,2427,1577,1217,2431,61,1215
45: 1465,1583,434,2062,1843,1055
46: 2145,1745,2143,2142,63,2144,1706,1800
47: 2406,602,1306,654,782,524,2102
48: 2105,1644,1891,1595
49: 1389,1603,447,1034,1935
50: 1664
51: 1572,1625,2216,555
52: 462,2134,411,1636,1563,1071
53: 1039,1973,2215,2216,2214,1109
54: 356,1108,2217,1302,1149,651
55: 2313,74,1220,1221,419,2330,2311
56: 584,2330,628,611,1255,1254,1978,2313,2326,1166
57: 1051,1247,624,885,1970,1246,490,1776,1454
58: 885,1970,2007,1743,1010,1454,809,1653
59: 1653,1657,1010,1052,2050,809,2006,495
60: 507,1661,2415,1210,1008,1370,2054,2427,1053,431
61: 2431,456,2427,44,2437,1217,1215,712
62: 476,1238,1055,1054,1681,63,2075,1800,747,1905
63: 2143,2066,1681,46,62,1706,1800
64: 1713,2069,476,747,1905,518,1612
65: 2077,1057,1724,725,769,406,1380
66: 914,444,1307,1305,2099,1327
67: 482,1953,1903,663,84,1828,1742
68: 1818,790,87,2236,1334,665
69: 1809,2018,1341,2140,1750,2137
70: 2137,1750,1239,88,1277,1237
71: 902,1137,1759,91,2271,2270
72: 575,2297,2294,777,1151,1835,1965
73: 1765,2072,1857,1157,1345,800
74: 2313,55,1220,419,1157,2311,2310,1156
75: 683,1493,1254,1246,1776,2326,1166
76: 815,2208,1100,77,516,2275,1139,2206,1506,2274
77: 1100,2290,2293,2289,2208,2161,516,76,815,2206,1004
78: 1585,2044,1008,835,1649,697,1502,1937
79: 712,1591,456,848,1453,1793,1772,704,1901,746
80: 964,1804,456,1696,1215,1591,1907,746
81: 100,1804,1236,1907,1658,1817,101,1925,1972,1796,837
82: 1630,2069,1056,1612,83,850,722
83: 1823,850,1612,82,1630,101,401,722
84: 1828,1953,482,67,1036,1742,1667
85: 2241,1120,2426,1828,485,1742,2434,1216
86: 1699,729,1886,1721,1831
87: 751,343,1818,68,2149,426,665
88: 639,667,2140,1750,70,582
89: 1559,1766,1834,499,1945,878
90: 828,1239,577,1069,1237,2305,670,1559
91: 2271,1835,1965,1759,2302,1152,71
92: 756,504,1853,1088,2273,2014,2189,786
93: 1857,1464,1303,1877,675,1765
94: 424,2328,584,2326,1166,1493,2051,1167
95: 532,2127,2209,2276,570,2122,114,1062,2029,889
96: 1143,2281,815,1004,1506,1719,115,2279,1880,572,116
97: 540,2158,1590,1004,1719,2262,1880,2160,1079,98
98: 1079,2154,2158,97,2262,1130,2160
99: 2227,559,704,1550,1901,1118,827,1558,2233
100: 81,1804,1907,746,1593,1972,827,1796,837
101: 1925,1972,1817,81,83,1823,850,2248,1943,102
102: 1943,121,101,1972,1823,2248,375,1124,2246,1335
103: 1421,406,1380,1214,857,2436,1950
104: 1216,1732,2426,561,498,858,2432,409
105: 590,1886,412,1831,1955,768
106: 2147,1074,1422,1486,1460,1959
107: 642,1509,1961,127
108: 2132,494,1069,828,740,1993,596
109: 2375,878,1766,2378,1153,2374,2373,2303,2106
110: 2304,1153,1945,131,2017,878,526
111: 2272,2270,1137,2273,1136,678,1841
112: 658,133,1829,786,1315,1089,1317,344,1128
113: 954,579,509,2051,1167,424,2187,2327,2183
114: 2129,1489,2327,1138,2277,2276,570,1065,95,532,2127,134
115: 2274,2279,2122,815,2282,96,1143,889,366,2278,1374,572
116: 647,1295,96,2281,1880,2160,1079,1294,659
117: 666,2264,647,1295,567,1314,1933,1316
118: 2232,1361,1130,2260,2268,2154,2264,567,400
119: 1116,2233,2227,559,1558,1974,1592,2226,1388,407
120: 1984,1592,978,1614,1354,785,483,1922,1968,489
121: 1943,102,2248,1124,1363,2246,1814,2247,1335
122: 547,2185,2337,2335,2153,1076,2188
123: 1411,143,1995,2153,757,1866,144
124: 1178,2364,694,886,2361,1240
125: 1286,1287,2364,738,1738,145,1240,146
126: 737,1737,1904,2065,2004,644
127: 2135
128: 2323,1276
129: 1896,1915,2172,1086,781,765,1438
130: 1299,650,2374,2303,2106,1231,1298
131: 499,1945,569,2272,1020,2017,1841,110
132: 2257,2013,1336,1406,1044,1317,344,1128,2256
133: 112,658,1315,2174,1089,1317,1432,1340,345
134: 690,1909,2129,114,532,2127,684,1360,2029,360,1917
135: 2053,896,1921,2278,1374,1142,696,1500,662,1541,2026,500
136: 1379,928,500,896,702,1999,1560,884,2035,506,156
137: 659,1314,647,702,1541,1316,1379,928,500,1560,1384,706
138: 1529,400,2226,1446,687,1339,1387,367,2005,1570
139: 158,1473,820,1301,140,834,999,1392,826,1519
140: 1300,1301,732,1717,1922,158,139,1473,1258,1392,826
141: 1780,1402,2247,1335,2249,802,1125,2175
142: 2188,2185,2153,1090,1411,143,2150,1077,2152
143: 123,1411,2185,2153,142,2188,1077,2152
144: 1866,757,123,1411,439,1615
145: 1240,2364,622,1286,125,1287,146,1242
146: 1186,1242,145,1240,125,1287,523,2379,1280,165
147: 737,1281,1770,167,1420,1799
148: 2170,1250,635,2171,874,1087,479
149: 1986,1438,2377,2372,190,1244,1189
150: 1229,1231,650,613,2371,1188,616,2121,770
151: 2256,1044,2257,1128,1227,1231,1229,613,1129,2254
152: 2255,1317,1128,658,2256,763,2254,565
153: 360,1941,789,2041,1836,1457,1578,645,154
154: 645,1288,153,360,1941,1917,876,1500,1836,1457,1289,898
155: 1362,1176,2350,2346,803,1461,403,1024,503,671
156: 506,136,884,1463,2035,1313,1357,803,1461,1367
157: 657,1102,1560,1312,907,2198,1313,1352,2201,811,2204
158: 139,1473,2005,732,820,1717,1570,1300,140,999,826
159: 160,629,1301,1554,1228,576,180,2301,1496
160: 159,629,1301,1256,1258,1225,1140,181,1228
161: 944,181,162,615,2280,2283,355,1565
162: 615,2280,181,1523,944,161,971,1023,1565
163: 648,1132,1131,2269,460,2258,1846,2266,1659,1293
164: 1551,1634,622,2265,2100,1930,1033
165: 2381,594,146,1186,2379,1280,1155,2306
166: 578,357,1816,1556,866,1815
167: 2141,737,474,147,1420,986
168: 2169,1083,2163,1662,169,993
169: 1662,2162,874,2163
170: 595,1249,2173,1298,1299,2380
171: 625,1245,1233,1248,621,1806,2339,730,1710
172: 491,814,1887,565,1571,346,1971,564,1996
173: 1163,1571,1887,1499,1836,1578,814,2333,1996
174: 1919,2331,2058,1996,583,2329,1014,1789,194
175: 1674,1789,194,2349,1177,1954,1587,1326,195
176: 2350,2347,905,398,2080,1463,2329,1357,1177
177: 1135,566,811,1471,2204,552,2207,1848,1594,2263,1452
178: 1182,2207,1107,657,1102,2081,2201,552,566
179: 1580,2358,515,1182,428,1608,794,1324,1183,2362,1521,962
180: 2301,2300,1496,159,629,181,1228,1148,355
181: 1140,1228,1225,160,162,615,2280,2284,180,2283,355,944,161
182: 1293,1617,971,1023,1846,2266,1445,556,1111
183: 2219,556,1293,1617,184,1110,2220,1111,1631,2133,2221
184: 1292,648,1293,1617,183,2353,1619,1631
185: 2370,2309,357,1154,1815,1715,700,204
186: 986,1646,1067,2130,1002,1637
187: 990,1656,1597,713
188: 341,1662,993,1676,1668
189: 1003,1833,1668,726,209,1736
190: 1245,2377,595,1249,149,1244,2010,621
191: 1127,2253,531,211,1740,742,2119,1060
192: 2424,2252,2253,1126,891,2034,1060,1805,193,607
193: 1805,795,2425,1126,2034,2423,2424,192,2252
194: 1674,175,1789,174,583,2329,2347,1014,2349
195: 1694,1019,175,2349,589,1177,1954,1587,1893
196: 1698,946,1452,503,1848,1594,1135,897,2030,2259
197: 1491,198,2363,2267,2259,2261,423,1982,1812,780
198: 1491,197,1135,2363,592,2263,2267,2259,2261,1812
199: 1521,962,1608,1150,794,1324,2295,673,1855,1703,200
200: 1573,1371,199,2295,1434,685,1704,673,1703,832
201: 2139,855,1711,1707,1467,453,901,2131,440,222
202: 2133,2219,2136,2221,1175,2348,535,223
203: 2352,224,588,2353,2351,700,1175
204: 1321,1404,185,866,1815,1508,1715,661
205: 959,661,866,463,2324,1321,1515
206: 1002,1712,2325,1158,1159,580
207: 227,1720,1536
208: 459
209: 1736,189,1623,726,228,1000
210: 1016,1171,1194,2392,2340,2390,2334
211: 1740,2121,2118,531,1233,1248,1061,191,2020,742
212: 1744,1774,2357,2120,213,2356,2386,591
213: 2357,2120,212,1179,607,2356,1792,591,2355,2354
214: 984,1643,1041,1749,708,393,1987,1047,233,2064
215: 365,1805,795,487,1587,1326,1749,1752,749,2008
216: 1838,2048,1694,1019,2030,1753,1893,414,508,1475
217: 396,2078,1781,1868,1753,414,508,1475,1439,1755
218: 394,1478,420,1982,238,1812,780,1758,2022
219: 1763,1491,423,238,1812,780,1265,2022,788
220: 221,1272,433,1621,1271,636,1270,258,637,2126
221: 220,1272,1621,1271,1068,1769,1328,2126
222: 752,1802,2139,201,2063,2131,796,1068
223: 535,655,202,2133,2221,2348,1309,418,1308,242
224: 2352,203,588,1175,1174,1778,1459,1660
225: 1779,454,1671,449,1497,1381
226: 2320,818,1320,1791,1782
227: 207,1536,1546,1784,970
228: 721,1623,209,1786,1000
229: 1278,1601,386,2010,2336,586,640,2176,1091
230: 2181,2178,1279,2184,546,1093
231: 2356,2386,1181,2391,510,1031,391
232: 1181,2355,1031,849,1794,1900,1640
233: 1797,708,393,214,234,2064,517,1810,2088
234: 2064,393,984,233,1798,854,252,1810,2088,1017
235: 1351,519,2092,1105,2202,1291
236: 1329,745,396,2078,1755,778,1803,1058,1512,530
237: 1512,862,1994,783,745,2068,1040,1788,2104,1808
238: 1812,780,1982,219,218,1758,2022,788
239: 1273,633,1757,1265,1540,433,1871,636
240: 1443,1272,1328,637,527,2401,1205,241,882
241: 1819,1205,1202,637,240,1443,527,2401,1985,882
242: 1822,893,655,223,1308,2038,759,1826
243: 1192,1822,900,1826,2385,2399,736
244: 1447,446,933,1852,425,1947,1342
245: 264,1284,813,643,2195
246: 813,550,2196,913,1494
247: 1865,1938,1861,1547,2178,248
248: 1861,1437,1865,247,945
249: 955,2052,1492,505,925,1867
250: 947,1867,2052,1470,1338,267
251: 1343,269,1883,1479,1274,1275
252: 1810,1006,2088,234,517,2073,1890,1726,952
253: 1507,1185,2367,593,2202,1351,1898,272
254: 1059,1323,711,1290,273,255,1976,1222,1581
255: 273,1906,1323,960,1788,254,1059
256: 525,1808,1040,2104,2213,1983,1223,1929
257: 2210,932,1369,2212,716,1377,275
258: 1270,1066,220,1272,2125,637,2126,2211,601,2401,2405
259: 260,1202,2402,1545,973,1260,1382,1936,976
260: 259,1819,1202,1985,2402,1598,1936,976
261: 2382,2037,1192,2383,597,2384,2385
262: 1942,2060,991,2112,1670,997
263: 1947,1342,1942,799,529,2112,2197
264: 245,1284,457,2195
265: 1330,677,2231,2419,1209
266: 1655,605,1333,918,915,682
267: 1442,638,250,949,1470,1338
268: 686,1442,638,1274,410,1811
269: 1343,251,1479,695,951,1830,754
270: 2366,2394,957,1507,372,760,1184,287,1872
271: 600,2368,1184,287,1241,610,2395
272: 522,1898,1351,711,1290,1291,253,2098
273: 1906,255,960,254,442,1223,1222,909,1450
274: 1358,1666,448,1377,937,1679,1441,452
275: 779,1605,257,1369,1997,716,718,381
276: 888,2025,383,1260,1382,1610,727
277: 976,1261,1193,1260,1936,727,1318,1695,631
278: 1201,1203,597,2384,2399,2409,2404,631
279: 1393,1733,1201,1203,1748,604,2407,2019
280: 528,741,1027,2317,1012,1398
281: 1226,1494,1098,1050,2197,390,2049
282: 1113,2418
283: 1114,1480,1113,2223,2228,282
284: 1456,370,1939,686,1412,750
285: 1418,1830,753,340,1455,1842
286: 1618,1218,2435,841,2430,2429,1839,1616
287: 1184,1872,270,2368,1424,271,1218,2428,610,2435,2395
288: 1243,1444,429,623,1911,289,361,1528
289: 603,1911,1899,1444,1932,766,288
290: 873,937,1450,1626,448,2089,1666
291: 1458,1979,1610,292,888,2025,1232,1584,307
292: 779,1605,718,1679,452,291,1458,1979,1232,617
293: 631,1318,1172,1319,2344,660
294: 2344,660,472,587,2342,295
295: 1882,294,472,587,2342,2087,908
296: 2319,1164,2321,1538,2318
297: 390,2049,614,1476,1531
298: 1114,1480,2224
299: 1801,1501,1534,701,699,833
300: 2165,1960,1424,760,417,2166
301: 347,1839,841,484,2082,1639
302: 429,1219,880,1528,1975,840
303: 603,1911,361,1956,1207,2410,1542
304: 1555,766,1399,1899,2083,2412,877
305: 1206,1049,2413,397,664,1574,2043
306: 2229,1232,1584,307,2230,1350,1365
307: 1376,291,888,2025,1584,405,306,1365
308: 904,1589,1376,405,679,402
309: 908,1311,2087,1468,1596,310,656
310: 656,309,1596,481,1602,1310
311: 1165,481,1602,2103
312: 417,2166,936,1622,1714,1084,2164
313: 1627,436,1426,871,1889
314: 774,347,1952,2021,1639,1654
315: 450,969,774,852,1673,1654
316: 1207,2410,1206,2413,2411,470
317: 318,733,1680,1688,1663,2015
318: 317,733,473,2222,1009,1688,2015
319: 329,1691,1760,328,1001
320: 1638,1688,1009,1741,1894,1700
321: 421,771,894,755,1013,1931,1264
322: 1761,632,1963
323: 1723,1813,787,965,1946
324: 961,1553,1730,1844,1022
325: 1734
326: 1746,455,492,797,1849,1025
327: 1296,851,497,649,1526,1035,1297
328: 1949,319,1754
329: 1691,981,1638,2028,319,1760
332: 2057,1431,1366,1825,1940,751
333: 1538,853,1767,432,916
334: 1420,1799,1416,1646,680,1712
335: 1793,1772,1453,688,1134,1901,2262,2260,1118,2268,2227
336: 2179,1773,1503,956
337: 2224
338: 1869,1900,1640,1787,949,1470,703
339: 2354,1179,1792,2355,708,1567,849,1652,1794,1797
340: 1415,410,753,1418,285,1394
341: 188,1557,466,1807,1668,1833
342: 975,978,830,1566,375,1124,1592,1814,1614,926
343: 751,2146,451,87,2149
344: 1317,1128,1406,1829,1315,132,2013,112,658
345: 763,1887,658,133,1340,789,2041,1499,814
346: 1971,172,1571,1837,2250,564,883,2251,1126,891
347: 301,1839,1952,1616,1639,314
348: 2002,1840,1257,2
349: 423,2359,794,1491,673,859,1855,1763
350: 1364,1860,549,1488,1958,1410
351: 773,1862,1725,844,2291
352: 1487,6,371,17,1419
353: 1621,1271,440,1573,1371,832,855,433,1871,1068
354: 968,467,458,1629,1884,1875
355: 2283,1140,181,1228,180,2301,2300,161,1876,1683
356: 1878,1884,1875,1108,54,1302
357: 166,578,1881,185,2370,866,1815
358: 980,1785,1878,1648,1302,987
359: 38,892,1525,1729,362,1888
360: 153,1941,690,134,1909,1432,789,1917,1836,154
361: 880,1956,1528,288,603,1911,303
362: 1923,1525,359,37,1888,1912
363: 627,1266,1914,634,885,2007
364: 696,1500,662,2029,1472,1921,889,1917,876,1288
365: 215,2423,1014,1213,1789,795,2425,487,1326
366: 1921,889,1062,2282,2274,115,1472,2278,1374,1142,696
367: 1339,1387,1933,1316,138,907,2085,709,512,1575,1570
368: 717,1865,1938,724,1606
369: 918,915,947,1338,1939,1456
370: 2107,1939,284,1951,1564,1412
371: 6,922,1419
372: 921,957,1498,270,2366,760,1872
373: 1964,2093,18,618,1235
374: 2116,1967,2242,1484,861,560
375: 2248,1124,1972,837,1566,102,342,975,1814
376: 927,772,1976,1222,1346,1926,612
377: 1397,992,1977,24,1355,1675,929
378: 478,1913,1355,1440,1981,929
379: 448,1929,1106,932,1626,1988,1377
380: 1337,1408,1385,2191,3,13
381: 718,2001,1369,1997,1579,967,779,275
382: 1665,2314,1597,1998,822,1720
383: 973,718,2001,1260,1382,1610,2025,276
384: 1676,2169,993,2003,1690
385: 2008,764,487,1954,1868,1753,1893,1643,1692,1047,758,1439
386: 1244,1601,1189,2010,1278,229,586
387: 2157,1080,1081,404,2156,541,2155,1568,2016
388: 2019,1748,2407,2042,728,2343,1697
389: 1194,1196,1710,2020,1774,1744
390: 297,2049,281,1226,643,614
391: 1031,231,510,955,2052,1869,1900
392: 2056,1669,1037,868,1687,1895
393: 708,1987,1567,214,1652,1797,233,234,2064
394: 783,1478,218,1994,1758,2068,1845,867
395: 2070,1045,2018,69,1809
396: 2078,217,1781,414,1439,553,2200,2040,1803,236
397: 1944,877,2083,1574,305,2413
398: 2080,1289,1325,2026,905,884,1463,2035,176,2350,1357,803
399: 1353,943,1230,1944,664,1574,557
400: 567,118,1361,1116,666,2264,1446,1933,1339,138
401: 722,668,83,1823,1916,1943,1363,2341
402: 1350,1365,1376,1589,308,669
403: 1461,1367,1313,811,1471,155,1024,503,1848,1594
404: 1081,1253,775,1378,1373,2156,387
405: 679,888,727,307,1376,1409,308
406: 769,1380,65,725,1667,1214,103,2436
407: 1388,119,1592,2226,687,1984,1529,785,2005,732,483
408: 963,692,1524,2000,1395,2123,1064,1483,2128,534
409: 1180,104,561,2365,498,2432,1495
410: 1274,268,753,1811,340,1415
411: 1423,1684,1636,2070,462,52
412: 1403,590,1428,105,738,1955,1738
413: 744,743,1777,1092,1435,1256,1225,571
414: 1868,1753,1893,216,508,758,1439,396,217,1781
415: 1769,1328,796,1068,1802,748,1443
416: 1309,1821,1802,2136,748,2108,1449,1046,893
417: 312,2166,1960,1455,1622,300
418: 808,1308,1175,2348,588,223,1447,1459
419: 1220,1857,1464,55,74,1157
420: 1969,1902,767,1982,1133,1994,778,783,1478,218
421: 1485,477,771,755,321,1931
422: 1253,1097,2190,1488,831,775
423: 349,2359,1491,197,859,1812,1763,219,1265
424: 94,2328,1166,2051,1167,1101,113,2327,1138,2277,2276
425: 1497,933,244,1099,1342,2194
426: 729,665,87,2149,1514,1074
427: 1015,1795,1518,2091,1021,2062,1843
428: 2299,1608,834,999,1392,826,1519,179,1580,576,962
429: 623,1198,2397,288,1219,302,1528
430: 1417,2288,1147,15,2012,1533
431: 1649,507,60,1053,2044,608,2433,1535
432: 333,1538,1165,2318,2103
433: 1540,1871,1371,1757,353,1271,1273,239,636,220
434: 1544,1583,45,1073,2066,1055
435: 1532,2097,1791,1782,1546,864
436: 1775,1582,731,313,1627
437: 688,1134,875,1078,1590,1772,540,2158,2262,2260
438: 843,496,1600,1628,2111,879
439: 1551,1615,1866,144,2361,622
440: 1621,353,1573,832,2139,201,855,796,1068
441: 940,1889,1018
442: 1223,273,1906,1929,909,1450,1626,1988
443: 1386,18,1490,693,1234
444: 1307,2180,1644,1305,1304,66
445: 1095,1503,956,1474,2180,1650
446: 1660,1447,1778,1459,933,1852,244
447: 1034,1389,1607,49
448: 379,932,1626,1988,1377,290,1358,1666,274,452
449: 959,661,1671,1510,454,225
450: 969,315,1673,1553,1413,1730
451: 2146,1825,1677,343
452: 1679,1441,448,716,1377,1605,274,292
453: 689,1467,2283,944,1707,1876,1683,1445,201
454: 1779,225,449,1510,864,1685
455: 1687,1895,1029,326,1746,492
456: 2431,61,2437,1696,1215,79,712,1591,80
457: 966,1562
458: 1117,1705,968,354,1629
459: 208,985,942,1437
460: 1033,2258,1930,1735,1132,163,989
461: 1119,805,992,1407,2116,1762
462: 2134,52,411,395,2070,1809
463: 1816,866,2324,1158,1321,205,1515
464: 1820,1063,1067,187,990,1656
465: 1824,478,23,2234,1436,698
466: 1728,1827,1557,705,341,1807,735
467: 968,354,1832,1973,2215,1875
468: 2372,735,1807,1003,1833,714,1189
469: 1400,1847,1330,677
470: 316,1206,1049,2411,1613,1874,974
471: 912,1879,2184,2117,1492,925
472: 1173,294,660,804,1882,295
473: 2222,1331,1885,733,1722,318
474: 1282,737,1737,1283,2141,167
475: 669,1350,2225,1112,1894,1756
476: 62,1238,1800,747,619,1905,1713,64
477: 1910,904,1589,421,1485,755
478: 378,1913,929,1873,23,1824,465
479: 1827,148,2171,1087,1896,1915
480: 1724,1026,1851,1056,1630,1347
481: 1602,1596,311,1918
482: 67,914,1920,1990,1953,663,84
483: 1717,1922,407,120,1984,1354,785,732,489,652,1300
484: 543,841,1924,2168,301,1624,2082
485: 1742,1903,672,1940,2235,2241,85
486: 939
487: 1954,1587,1326,215,365,1752,2008,385,764
488: 1332,1022,1966
489: 1968,652,120,802,1354,1717,483,1922
490: 1246,1776,624,57,1970,1454,2074,809
491: 172,814,2255,763,1887,565,1571,1971
492: 455,1029,720,326,1980
493: 910,2240,1628,1539,843,1989,43,1948
494: 2132,108,2315,1160,1269,1993
495: 2006,835,59,1657,1585,2292,1145,1144,697
496: 1647,1600,1533,823,1628,438
497: 2015,851,1691,981,327,1035,1949
498: 858,2023,2432,104,1180,409,2009,1651,1495,694
499: 1945,131,1834,2024,569,2272,89,2017
500: 136,1379,928,135,2053,896,702,1541,137,1999,2026,2035
501: 890,2027,1964,920,618,1469
502: 1262,1038,1700,2039,739,2028
503: 1024,671,403,155,1848,1594,1838,2055,897,2030,196
504: 2032,800,1137,1853,2273,1136,92
505: 2061,510,2391,2033,1492,955,249
506: 156,136,1379,928,1463,2035,1313,1352,1367
507: 60,1008,1370,1053,2044,431,1649,608
508: 216,2048,2055,1753,414,1475,217,1781
509: 1156,2051,1167,2311,2310,579,2187,113
510: 505,2061,2391,231,1031,391,955
511: 958,948,2065,642,1282
512: 709,1575,1387,367,907,2085,706,657,2081,2071
513: 1883,1479,1543,982,1620,2073,1890,951
514: 1577,1795,1021,2075,994,1678,1527
515: 834,999,972,1575,2081,1182,1107,179,1580,2358
516: 2161,2293,2289,77,1078,2086,76,2206,1004,1506,540
517: 2073,1652,842,1797,233,1620,252,2088
518: 1851,1056,747,1011,64,2069
519: 1017,2199,854,2092,593,2202,235,1351
520: 1523,838,539,1141,1599,568,615,1131,2094,1023
521: 2096,1745,2144,1306,2090,1011,2102,1026
522: 1898,272,711,1507,2098,1199,2396,1897
523: 2100,1930,146,1186,1242,1735,2381
524: 782,2102,47,2096,1990,2077,1057
525: 256,1808,1040,960,2104,1906,1223
526: 1044,1020,2017,2304,110,1153,2013,1227
527: 2108,1328,748,240,1443,1046,241,882
528: 280,1048,2110,2042,1012
529: 1686,2112,263,799,1050,2197
530: 1323,1058,1329,236,646,1322,1788,1290,1059
531: 1837,2250,2118,770,211,1740,1127,191,891
532: 95,2127,570,114,1062,134,2029,1472,1921,889
533: 2138,1283,107,642,127,1282,2135
534: 2128,1104,2123,963,692,408,554,2212
535: 655,223,2136,202,2133,1309,1821
536: 1809,620,2137,1239
537: 1204,2403,32,2400,2145,2144,1306,2406
538: 2148,2146,2149,1514,1075
539: 838,1141,2177,1435,2150,1077,2151,1599,520
540: 2158,97,516,1590,2086,437,1004,1506,1719
541: 2155,2159,2156,387,606,2420,2016
542: 2167,1251,626,1928
543: 841,1085,2166,2164,1618,2168,484
544: 2172,1269,1993,1267,2171,1915
545: 2014,2189,2183,2124,786,1315,2174
546: 2184,2117,2181,1091,1169,230
547: 122,2185,563,2337,2249,1125,2188
548: 1095,2186,602,1307,2099,654
549: 2190,1488,2192,4,1364,350
550: 2196,1099,2194,1494,1098,246
551: 2203,2208,1429,1101,1100,2277,2209,570,2275
552: 2198,1102,2201,1471,2204,1182,2207,178,566,177
553: 2205,2200,2040,1439,396,2078,1103,1803,2092,1322
554: 2211,1066,2128,1104,534,601,1369,1997,967
555: 2216,1625,1423,1636,839
556: 1445,2218,971,689,182,1617,1111,183
557: 2230,399,1230,664,2229,2043,1331,1885,1115
558: 682,2231,2419,1208,1951
559: 99,2227,827,830,1558,2232,1116,119,2233,1974
560: 1525,374,2242,1484,861,38,36
561: 2365,1120,2426,1216,104,2243,2432,409
562: 1122,1518,1511,2237,1015,1795,816,2244
563: 1363,2341,2246,1943,2337,1168,2247,2249,547
564: 883,1996,172,814,1571,346,1971,2251
565: 2254,152,2255,1927,172,491,1837,1971
566: 1135,177,2204,552,2207,178,1594,592,2263,2261
567: 400,1079,2154,2232,118,1361,117,666,2264,1446
568: 1599,2265,838,520,1523,1131,2269,2094,1033
569: 2024,2271,1834,2272,2270,499,131
570: 2277,2209,2276,551,2275,2122,114,95,532,1062
571: 2285,2151,413,1435,1225,1140,615,2284
572: 1294,115,96,1143,2281,2278,1374,1142,2053,1541,659
573: 2290,792,1776,1454,2074,809,1657,1145,2293,2203
574: 1632,812,2291,1147,1417,16
575: 72,2298,1991,2297,2294,777
576: 1148,1150,1554,1519,159,2299,428,2301,1496,962
577: 1239,1356,2302,90,2305,670
578: 166,357,594,2308,2306,1881,1556
579: 2311,2310,1345,509,2312,2187,1088,113
580: 1159,206,2325,2314,818,2320
581: 1165,2318,2321,1468,1596,1602
582: 88,639,2322
583: 2329,2058,905,2332,174,2331,1014,1674,194
584: 2330,56,2326,1166,1156,2051,1167,94
585: 1950,2338,1751,1995,1076,988
586: 2336,1171,386,2010,621,2339,229
587: 2342,294,2079,295,1485,2087,771
588: 224,203,2221,1175,2348,418,1778,1459
589: 2349,1177,2350,1674,1362,1176,1694,195,1019,1838
590: 2360,870,1886,412,1403,105
591: 1792,2355,212,213,1179,2356,1181
592: 2363,2263,1182,2207,566,1324,1183,2362,198
593: 2367,2202,1810,1006,1017,519,1726,253
594: 165,2381,2376,1155,2306,1187,1881,578
595: 170,1249,2380,1438,2377,190,1245
596: 2378,108,740,1766,1993,1267,2375
597: 2384,261,1192,2383,2385,2399,2404,278
598: 2389,784,2387
599: 2391,1194,1196,2392,2390,2386,2061
600: 271,2368,2396,1897,1241,1243,1030,2395
601: 2398,2401,2405,258,2211,554,967,2402,1545
602: 2186,2400,548,2406,47,654
603: 1911,1899,289,2083,2412,361,303,1207,2410
604: 2407,1319,2409,1201,279,631,2019,1173
605: 1655,266,1425,2231,2419,558,682
606: 2420,2238,2159,836,1211,541,2416
607: 1179,2422,1060,2424,192,2252,2357,213,1212,2354
608: 2433,1217,507,2427,1053,431,2431,1535,848
609: 2434,1828,1667,1214,2436,1216,1732
610: 1218,2428,287,271,2435,2395,2430
611: 628,1255,1520,995,1912,881,1221,1978,55,56
612: 1926,2089,1976,1222,909,1450,772,376,873
613: 1129,1927,151,150,1229,2254,616,2121,2118,770,1837
614: 643,297,390,1285,1531,1224
615: 162,2280,2284,2285,2151,571,1141,181,520,1523,161,1023
616: 650,150,613,2371,1188,2121,2118,625,1233,1061
617: 1230,1232,1679,1441,292,1458,1353
618: 2115,1964,373,501,890,1235,1469
619: 1527,2075,994,476,1238,1905,1236,719,1658
620: 1356,2134,1071,707,536,2296,1239
621: 2010,190,1245,625,171,1244,1806,2339,586
622: 2361,439,1551,1615,145,1240,164,2100,1242
623: 429,1198,1241,1243,1444,2397,288,1528
624: 872,881,1247,57,1254,1978,1246,490
625: 171,1249,2371,1188,616,1245,1233,621,730
626: 128,2323,1251,1250,2316,1928
627: 1252,1689,998,1266,1914,363
628: 611,1255,881,872,624,1221,1254,1978,2330,56
629: 159,160,1300,1301,1256,1258,1554,826,1228,180,1496
630: 2193,348,1840,1259,2,1368
631: 293,277,1261,2409,2404,278,1318,604,1319
632: 322,1962
633: 1273,239,1757,1265,1263,788,636,1395,2125,1064
634: 1266,27,1080,363,1268,885,2007,1743,1010
635: 1160,1250,2316,1162,1269,148,2171
636: 1540,433,1271,1273,633,239,220,2125,1270,2126
637: 2126,220,1272,1328,258,240,2401,2405,1205,241
638: 1442,267,949,1274,1275,268
639: 88,582,2322,2315,2132
640: 824,1702,1278,229,2176,2181,1279
641: 1281,1770,1286,1287,644,1280
642: 107,958,1509,511,1282,533,1283
643: 813,2195,614,1285
644: 738,1904,2004,1286,737,126
645: 1288,154,153,876,1457,1289,1344,2333,898,1161,2332,2080
646: 1105,1322,2200,1058,1323,530,711,1290,1291,1059
647: 116,1295,1079,1294,117,2264,1541,659,1314,137,1316
648: 1132,163,2266,989,1659,1293,1292,184,2307
649: 1526,327,325,1297
650: 130,1299,2106,1231,150,1229,2371,1188,616
651: 1149,1303,54,1302,869,1877
652: 1968,489,1717,483,1922,743,1777,1300,1256,1258
653: 917,1503,2105,1644,1650,48
654: 2099,602,548,1307,2406,47,782,1920
655: 535,223,1309,1308,1449,242,893
656: 310,1311,309,1013,1931,776,1310
657: 1102,157,1312,907,706,512,2198,1352,2081,2071,2201,178
658: 112,133,1315,1089,1317,344,1340,152,763,1887,345,2041
659: 1314,137,572,1294,116,647,702,1541,1379,1384
660: 294,2344,293,1319,1173,472,2342
661: 205,959,1321,204,1404,1671,449
662: 364,696,1500,1374,135,2053,896,1288,1344,1325,1999,2026
663: 1032,1903,914,1327,482,67
664: 1574,399,1230,557,305,2043,1331
665: 426,729,1818,68,87,1334,1699
666: 117,2264,1361,1295,567,400,1933,1316,1339
667: 2140,1276,582
668: 401,722,681,1916,1363,2341,1168
669: 475,402,1350,1589,1910,1756
670: 1834,2305,577,2302,1152,90,2024
671: 1024,503,1461,1362,155,1176,1848,1838,897,2030
672: 1935,1764,1032,1903,485,1940
673: 859,1855,1703,199,349,1371,200,1757,1540,1871
674: 1378,1569,825,1253,1552,1252,41
675: 2294,777,1303,93,1383,1765
676: 1391,1767
677: 1330,265,469,1400,1425,2231,2419
678: 2273,1136,2272,111,1841,1336,1863,1406
679: 405,2345,1409,904,308,2079
680: 1816,1556,1416,334,1712,1158
681: 1908,1916,1380,668,1421,2341,1168,1170
682: 558,1655,266,605,918,2107
683: 75,1493,1246,1776,2074,1166,792,1429,1101
684: 1089,1360,2124,1065,1315,2174,134,1909,1432
685: 1711,1704,1148,2301,2300,1434,1876,200
686: 268,1442,284,1456,750,1811
687: 2226,1446,1116,1388,407,1387,1529,138,2005,820
688: 437,1134,1502,1783,1937,1453,875,1590,1772,335
689: 1467,453,944,1565,1445,556,2218,901
690: 134,1909,2127,1360,2029,1472,360,1941,1917,876
691: 2135,1477
692: 963,408,1483,1104,534,1106,2210,2212
693: 856,1234,443,1490,1773,1727
694: 1428,1495,498,2009,1651,886,1178,124
695: 951,1479,1482,269,957,2113,1830,1498,754,921
696: 364,1500,662,1472,1921,366,1374,135,896,1344
697: 1502,495,835,1585,78,1144,2289,2161,875,1078
698: 1504,1824,465,1436,899,39
699: 1505,833,1534,299,298
700: 1508,1715,979,185,2309,2351,2352,203
701: 829,1534,1412,750,1501,299
702: 1541,1142,1294,2053,896,659,1314,137,136,1379,500
703: 338,1787,1543,949,1883,1275
704: 1550,1901,1453,79,712,1591,1793,746,1593,99
705: 1557,1561,874,1087,1827,466
706: 907,2085,1314,137,1933,1316,1560,1312,1384,512,657
707: 2297,1563,1042,1071,620,2296,1151
708: 393,1987,1567,2354,339,214,1652,1794,1797,233
709: 512,1575,1339,1387,367,1529,2085,1693,1570,2071,972
710: 1832,1572,1039,1973
711: 1290,1291,646,1351,254,522,272,2098,1976,1581
712: 79,1591,2433,2431,61,456,848,1453,704
713: 1597,1720
714: 468,2372,1003,1601,1189,1716
715: 1349,2387,1604,1992,1385
716: 1377,932,257,1369,779,1605,275,452
717: 368,1865,945,1847,469,1400
718: 2001,381,1579,779,275,383,292,1979,1610
719: 1658,1817,619,1905,1713,1236
720: 1586,974,1613,1029,492,1980
721: 228,1623,1731,1609,985,1645
722: 401,668,82,1630,83,1823,1916
723: 1635,2193,1368,806,1934,1096,5,2286
724: 1093,1938,912,368,1606,2095
725: 1036,2077,65,769,406,1667,1214
726: 1623,1676,1668,189,1690,209
727: 1260,277,888,2025,276,1695,405,1409
728: 2343,804,388,1697,1396,2319
729: 426,665,1699,1074,86,2147
730: 1710,2020,625,171,1233,1248,1806
731: 1582,1576,1714,436,1627
732: 785,2005,820,407,1529,1717,483,1922,158,1473,140
733: 1874,1722,473,2222,1680,317,318
734: 1414,1862,1934,773
735: 468,2372,466,1728,765,1986,1807
736: 1733,991,243,900,2385,2399,1203
737: 1737,126,644,474,147,167
738: 1955,1738,412,2364,1904,1286,125,644
739: 2039,1741,1858,894,1700
740: 108,1559,1766,1993,596,2375
741: 1027,1854,280,1476,1771,1398
742: 1774,2119,1248,211,1740,191,2020,1060
743: 744,413,1777,802,1354,1780,1402,2175,1968,652,1256
744: 743,413,1777,802,1780,2175,2177,1092,1435
745: 1329,236,2078,1755,950,778,1058,1512,237,862,1788
746: 1593,79,1591,80,1804,704,1550,100,827
747: 1706,1800,62,476,1011,64,518
748: 796,1802,415,1328,416,1821,1443,527,2108
749: 1749,1752,1805,795,215,1041,1212
750: 1412,284,686,1501,1811
751: 343,1825,332,2057,1818,87
752: 222,1802,2063,2131,2220,796,1070,2136,1821
753: 1830,1274,1343,410,340,285
754: 1498,269,695,2113,1830,921,1842
755: 1858,894,477,1910,421,321
756: 92,2273,2014,1863,1406,1829,786,1315
757: 988,1995,2153,1651,123,1866,144,886
758: 1439,385,1868,1893,414,1692,1047,1103,2040
759: 808,1308,242,2076,1870,1826
760: 1424,1498,372,921,270,1960,1872,300
761: 1873,817,1913,1401,12,2059,11
762: 1220,869,1682,1856,1877,1464
763: 1887,345,1317,1128,658,152,2255,2254,491
764: 2008,385,487,1954,1587,1326,1694,1752,1868,1893,1047
765: 1986,1896,129,781,1728,1438,735
766: 1932,1926,873,937,304,1555,1899,289
767: 1475,2048,2055,897,1698,946,420,1969,1902,1781,950,778
768: 1904,105,1005,1831,1955,2004
769: 406,1380,1724,65,725,1347,1908
770: 2121,2118,150,613,1927,1837,531,2250
771: 1311,2087,587,421,1485,321,1931
772: 927,376,1346,1926,612,1444,1932
773: 351,734,1862,1934,2287,2291
774: 314,1952,1522,852,1654,315
775: 1958,422,1253,404,1373
776: 1761,1013,656,1310
777: 2294,675,72,575,1965,1383,1759
778: 1994,767,420,1969,1755,950,783,745,236,1512,862
779: 1605,275,716,718,381,292,1979,1610
780: 238,1812,2267,1491,197,1982,1133,219,1478,218,1758
781: 1086,1191,129,2173,765,2380,1438
782: 524,2102,47,654,1920,1990,1953,2077
783: 394,1478,420,1994,778,1512,237,862,2068,1845
784: 2002,598,2387,1604
785: 2005,732,820,1388,407,120,1984,1717,483,1922
786: 1315,2174,92,756,2014,2189,545,1829,112
787: 965,1517,2021,1813,906
788: 1263,1043,238,1763,219,1265,2022,633
789: 1432,1340,1909,153,360,1941,345,2041,1836
790: 1747,1940,2235,2057,1818,68,2236
791: 2067,1844
792: 2290,573,1776,2074,809,683,1493,1145,1429,2203
793: 17,847,1375,1419,2084,2027
794: 1324,1183,179,199,1521,349,2359,859,1855,1703
795: 1805,193,2425,1213,215,365,1752,749
796: 1068,2139,2131,1621,440,752,222,1802,415,1769,748
797: 326,1746,324,961,1849,1332
798: 2192,3,1096,1635,1337,4
799: 2194,263,1342,1098,529,2197
800: 2032,504,2072,73,1345,902,2312,1853
801: 2109,1768,911,8
802: 1354,1614,926,1335,1780,141,1402,1968,489,744,743,1777
803: 2346,1357,398,1463,2035,156,2350,1461,1367,155
804: 728,2343,1173,472,1882,1396
805: 10,1397,992,1407,461
806: 1368,1259,1414,734,1934
807: 1075,1422,1486
808: 418,1308,1447,1459,759,1852,2076
809: 1454,2074,58,490,1653,59,1657,2290,792,573,1145
810: 2393,1466,1977
811: 1471,2204,2198,1313,1352,157,1461,1367,403,1848,177
812: 1632,574,352,1487,16,17
813: 246,1494,245,1284,1226,643
814: 172,491,1887,345,1499,173,1571,564
815: 76,2208,77,2122,1139,2206,1004,1506,2274,115,2279,96
816: 2244,44,2437,2237,562,1015,1795,1577
817: 1,1981,1513,1913,761,1401
818: 1515,1320,2325,2324,580,226,2320
819: 1849,1025,649,1526,1734,325
820: 785,2005,732,687,1529,1717,1693,1570,158,139,1473
821: 1531,1224,1391
822: 1998,226,2320,1782,1536
823: 1533,2012,1642,496,1628,1539
824: 640,1702,1786,1000,1547,1279
825: 1451,831,1569,1253,674,1378
826: 1554,1519,158,139,1300,1301,140,1392,629,428
827: 1796,830,1558,1550,1901,746,1593,100,99,559
828: 90,1069,1237,2305,108,740,1559
829: 1534,701,1564,1412,2228
830: 827,1796,1558,559,837,1566,1974,1592,342,975
831: 1451,825,26,1097,422,1253
832: 1711,1704,1573,200,855,1871,353,440
833: 1505,699,299,1801,1576,1582,731
834: 999,972,515,1693,139,1392,1580,2358,428,1608
835: 2006,495,2050,1585,78,2292,1144,697,1502
836: 1588,1211,1958,1410,1373,2159,606
837: 1566,100,81,1972,1796,830,2248,375
838: 539,1141,2150,845,2151,1599,568,2265,520
839: 1636,1563,2216,555,2214,1611,1042
840: 1522,1975,2429,1219,302,1952,1616
841: 543,1085,286,1618,484,301,1839
842: 849,1652,1794,1797,982,1620,517,2073
843: 438,1628,493,910,879,1948
844: 1725,1864
845: 2152,1411,2150,1615,1634,838,1599
846: 2012,1642,1146,15,1364,1860
847: 17,793,16,1647,1600,2084
848: 1453,608,2433,2431,1535,1783,79,712,1793,1772
849: 1652,842,1794,2355,339,232,1640,982
850: 83,1823,1817,1612,82,101,1925
851: 1663,497,2015,327,1035
852: 1522,1669,774,2056,969,315
853: 333,1538,1164,2317,1672,1398,1767
854: 1798,1103,1692,234,2205,1810,1017,2199,519
855: 2139,201,1711,1704,1707,1876,1467,832,2131,353,440,1068
856: 693,1234,1727,1200,2408,33
857: 2436,103,1732,1950,1751,858
858: 498,2023,2432,857,2436,104,1732,1751,988
859: 673,1855,794,349,423,1763,1757,1265,1540
860: 1430,1094
861: 1484,374,1785,560,1648,983,36
862: 1512,237,1994,778,783,1478,745,2068
863: 1790,879,1948,30,2031,1465,1583
864: 1685,1510,1791,454,2097,435
865: 1416,1280,1770,1155,2308,1799,1556
866: 1815,166,357,1816,1556,463,1321,204,205
867: 1524,1845,394,1758,2022,1263,1043,1040,2000,1395
868: 1542,1956,1037,1850,392,1895
869: 1302,987,1682,651,1877,762
870: 1886,1121,1334,1699,590,2360
871: 436,1775,313,1889
872: 624,1923,1548,881,1247,1978
873: 937,290,1926,2089,612,1666,1932,766,1555
874: 1087,2170,148,2162,169,705,1561
875: 1078,1590,2086,697,1502,1783,1937,688,437,1134
876: 1917,690,1472,1941,364,1500,645,1288,154,1344
877: 397,1944,304,1555,1399,2083,2412
878: 2375,109,89,1766,1945,110,1153
879: 1948,30,438,843,2111,1790,863
880: 361,1956,1528,302,1975,1037
881: 1912,1923,872,624,628,611,1978
882: 1985,2037,240,527,2108,1046,1819,241,2382
883: 564,1996,1571,346,1919,2331,2251,2034,2423,1213
884: 1463,2035,1344,1325,1999,2026,136,398,2080,156,1357
885: 58,1970,1914,363,634,1051,57,2007
886: 2361,757,2009,1651,694,1866,1178,124,1240
887: 2245,1407,22,924
888: 2025,276,291,727,307,1376,405
889: 1921,366,95,532,1062,2282,115,2029,1472,1374,364
890: 501,920,2111,1790,618,1469,2031
891: 2251,1126,531,2250,346,1127,2253,2034,192
892: 38,359,2036,1436,1504,1729
893: 242,1822,1309,416,655,1308,1449,2038
894: 1858,755,321,2039,739,1264
895: 2047,1359,930,1440,1981,1
896: 135,2053,1142,696,662,702,1344,1999,2026,136,500
897: 2055,2030,503,671,1848,2048,1698,946,196,1452,767,1902
898: 2333,2058,1457,1578,645,154,1161,2332
899: 39,1537,1824,2059,25,698
900: 1870,1826,243,2060,991,736
901: 2063,2131,689,1467,1445,2218,201,2220,1111
902: 71,1137,1383,1759,2072,2032,800
903: 1942,2060,1852,2076,1870,1947
904: 1589,308,679,2079,477,1485
905: 1161,2332,1289,398,2080,583,2329,176,2347
906: 1813,441,1517,1624,1018
907: 2085,706,1316,367,1312,512,1575,657,157,2071,2201
908: 309,1882,295,1311,2087,1468,1596
909: 273,442,1222,1450,2089,612
910: 493,2240,843,1948,30,29,1462
911: 801,2109,2114,8
912: 1879,471,2184,724,1093,2095
913: 1685,2097,2196,1859,246
914: 66,2099,1327,1920,482,663
915: 918,369,1333,2101,947,266
916: 432,2103
917: 653,2182,1503,2105
918: 915,369,266,682,2107,1939
919: 1348,1372,6,371,922
920: 2111,1790,1600,2084,2027,501,890
921: 372,695,957,2113,1498,754,760
922: 1348,919,371,2109,2114,1957
923: 31,2115,1235,1427,19,1072
924: 2116,1967,887,1407,22
925: 1492,1879,471,249,2101,1867
926: 1814,1614,1124,342,2247,1335,802,1354,1402
927: 772,376,1346,1897,1243,1030,1444,1932
928: 136,1379,500,137,1560,1312,2035,506,1313,1352
929: 1675,1355,378,478,23
930: 1197,1359,598,2389,895,1349,1
931: 2016,2155,1568,1661,2417,42,1739,1370
932: 2210,257,1483,1929,1106,448,379,716,1377
933: 1497,1381,1660,446,244,425
934: 1513,1405,1349,715,1385,13
935: 1305,1304,1595,1028,1389,1603
936: 1622,1418,1576,1394,312,731,1714
937: 873,290,1358,1666,274,766,1555,1399
938: 1174,1508,1404,1671,1660,1381
939: 1723,1530,1413,486
940: 441,313,1426,1924,1889
941: 1825,1034,50,1431,1677
942: 985,1645,1861,1437,248
943: 399,1353,1358,1441,1399,1944
944: 161,181,162,2283,1565,1683,689,1467,453,1445
945: 1437,248,1865,1448
946: 1698,196,1452,1594,897,2267,2259,2261,767,1902,1133
947: 250,1867,2101,915,369,1338
948: 958,1460,1005,1721,2065,511
949: 1470,338,703,638,267,1275
950: 1755,767,1475,1969,1902,2078,1781,778,745
951: 695,1479,513,1890,1482,952,269,2113
952: 1726,1482,2073,252,1810,1006,1890,951
953: 1961,1486,1509,1959
954: 113,1167,2187,2327,2189,2183,2124,1065,1489
955: 249,2052,505,510,391,1869
956: 1503,336,1773,1727,1474,445
957: 2113,2369,695,1507,1185,372,921,270,2366
958: 1460,948,1509,1959,511,642
959: 205,661,1515,1320,449,1510
960: 1788,2104,1323,525,1808,1059,273,1906,255,1223
961: 324,1553,1516,326,1746,797
962: 199,1521,179,2299,428,1608,1150,576,2295,1434,1703
963: 692,408,1524,2000,1395,2213,1483,1983,534
964: 80,1804,1696,1527,1236,1907
965: 787,1673,1654,323,1530
966: 1532,1784,1701,1859
967: 1997,1579,1104,2211,554,601,2398,1545,381
968: 467,354,1481,1705,1832
969: 450,315,852,2056,1553,1516
970: 1562
971: 1023,1565,162,1846,2266,1445,556,2218,182,1617
972: 834,999,515,709,1575,1693,1473,2081,2071,1107,1580
973: 383,1579,2402,1545,259,2001,1382
974: 1586,720,1613,470,1874,1680
975: 342,978,830,1558,1566,375,1974,1592,1614,1388
976: 277,1261,260,259,1598,1193,1260,1936
977: 1731,1609
978: 342,975,1974,1592,1814,1614,1388,120,1984,1354
979: 2307,1154,1292,2309,2353,1619,2351,700
980: 2239,1785,1629,1884,1878,358
981: 329,1691,1638,1688,497,2015
982: 1543,1620,849,842,1640,1787,513
983: 1648,861,36,37,1641,1520
984: 214,1643,1749,2008,1692,1047,234,2064,1798
985: 942,1645,1731,721,208
986: 186,1646,2141,167,1420,2130
987: 1302,869,1878,358,1648,1641,1682
988: 757,585,1751,858,2023,1995,2009,1651
989: 1187,1659,460,1735,2381,2376,648,1132
990: 187,1067,464,1637,1665
991: 1733,736,900,2060,262,1393,1670
992: 377,1397,805,1675,461,1119
993: 1662,2169,168,188,384,1676
994: 2075,1577,514,1238,1678,1527,619
995: 1520,1641,1856,1912,1221,611
996: 1684,1045,2070
997: 2110,262,1686,2112,1048,1670
998: 1689,1007,627,40,2046,1914
999: 834,972,515,1693,1570,158,139,1473,1392,428
1000: 1786,209,1736,1702,228,824
1001: 319,1760,1709,328
1002: 206,186,1646,1712,1637,1159
1003: 189,1833,468,714,1736,1716
1004: 2206,1506,1719,77,516,1590,2086,815,540,97,96
1005: 1721,1831,948,768,2065,2004
1006: 252,1810,2088,1017,1726,1482,952,2367,593
1007: 1689,998,1504,39,1729,40
1008: 1739,1370,2050,507,60,2006,1585,2044,78
1009: 1112,2222,1894,318,1688,320
1010: 2007,1743,634,58,42,1052,1454,1653,59
1011: 2090,1745,1706,1800,747,521,1851,518
1012: 2317,2042,280,528,1164,1697
1013: 1931,1311,321,1264,1761,776
1014: 1213,174,1919,2331,583,2423,1789,194,365,1326
1015: 427,1795,1518,1511,2091,562,1021,816,2244,1577
1016: 210,1806,2339,1710,1171,1194,2392
1017: 2199,519,234,854,1810,1006,1726,593,2202
1018: 1813,906
1019: 1694,195,2349,589,1362,1176,1954,216,1838,2048,1753
1020: 2017,1841,131,1336,526,1044,2013
1021: 2062,1843,427,1015,1795,1054,1577,514,2075
1022: 1844,324,961,797,488,1332
1023: 971,1565,162,615,520,1523,2094,1846,1445,182
1024: 503,671,1461,1367,403,1471,1362,155,1848,2030
1025: 1849,819,326,492,1980,1526
1026: 1724,480,2090,2096,521,1851,1057
1027: 741,1854,2110,2045,280,528
1028: 1891,1595,1389,1607
1029: 1613,1850,455,1895,720,492
1030: 1241,1243,2396,1346,1897,927,600
1031: 391,231,1181,2355,510,232,1900,1640
1032: 1903,663,1327,1603,1935,672
1033: 460,2258,568,2265,164,1930,1131
1034: 447,49,50,1431,1366,941
1035: 1949,497,327,1297,1754
1036: 725,1990,1953,2077,84,1828,1667
1037: 1669,880,1956,1975,868,392
1038: 1262,502,2028,1760,1709
1039: 1973,53,710,1832,1572,2216,2214
1040: 2068,237,1524,1845,867,525,256,1808,2213,1983
1041: 1212,1805,2422,1749,1752,749,1987,1567,214
1042: 1611,839,1563,1991,707,2297
1043: 1263,788,1758,2022,1524,867,2000,1395,1064
1044: 526,1020,2304,2257,132,2013,1227,151
1045: 996,395,2070
1046: 1449,2038,416,527,2108,1985,882,2037,2382
1047: 1692,2008,385,764,1868,214,984,1643,758,1798
1048: 1670,1748,2110,997,2042,528
1049: 1206,305,2043,470,1874,1722
1050: 2197,1686,529,281,2045,2049
1051: 1247,57,2046,1914,885,1970
1052: 42,2050,1268,1743,1010,1739,1653,59,2006
1053: 2054,2427,507,60,431,608,2433,1217
1054: 1055,1681,1021,2062,2075,62,1238
1055: 1054,1681,45,434,2066,2062,62
1056: 1851,518,2069,480,1612,82,1630
1057: 2077,65,2096,524,2102,1724,1026
1058: 1803,2078,2200,1329,745,236,646,1322,530
1059: 254,646,1323,530,960,1788,1290,255,1581
1060: 191,2253,742,2119,2424,192,2357,2120,607
1061: 1233,1248,616,2121,2118,211,1740
1062: 2282,2276,570,2275,2122,95,532,2127,2274,1472,889,366
1063: 1820,464,1892,1477,1067,2130
1064: 2125,2123,1263,1043,1273,633,1395,1270,408
1065: 2183,2124,954,2327,2129,114,1489,684,1360
1066: 1270,258,1273,2125,2123,2128,2211,554,2405
1067: 2130,186,464,1063,1637,990
1068: 796,2139,855,1621,353,440,222,221,415,1769
1069: 1277,1237,90,828,2132,108
1070: 2136,2063,1110,2220,2219,752,2133,1821
1071: 1563,2134,52,707,620,2296
1072: 1073,2143,31,923,19,2142
1073: 1072,2143,2066,1544,31,434
1074: 1514,426,729,106,2147
1075: 1422,2148,538,1514,807
1076: 1995,2153,2337,2335,2338,585,1170,122,2185
1077: 2150,1090,142,2188,143,2177,1092,2152,539
1078: 875,1590,2086,1144,697,1502,1937,2161,516,437
1079: 98,2154,97,1130,1880,2160,116,647,1295,2264,567
1080: 387,2157,1081,27,2155,634,1568,1268
1081: 404,1253,1378,2156,41,387,2157,1080
1082: 2167,2162,2163
1083: 2163,2169,168
1084: 2164,312,1714,1627,1426,2168
1085: 543,841,2166,2165,2164,1618
1086: 781,2172,1190,1191,129,2173
1087: 874,2170,148,1827,479
1088: 2187,579,2312,1853,92,2014,2189
1089: 684,2124,1315,2174,1909,112,658,133,1432,1340
1090: 1125,2175,2185,142,2188,2177,1092,1077
1091: 1169,2340,229,2336,2176,2181,2334,546
1092: 2177,1435,1780,1125,1090,2175,744,413,1077,2151
1093: 724,2178,230,2184,1938,912
1094: 860,1430,34
1095: 445,1474,2180,2186,548,1307
1096: 3,2193,1368,723,1635,798
1097: 1408,2192,26,831,422
1098: 1494,550,799,2194,2197,281,1226
1099: 550,2196,1497,1779,425,2194
1100: 77,2290,1145,2293,2289,2203,551,2208,1139,76,2206
1101: 1429,683,1493,424,2328,2203,551,2277,2209,2276
1102: 657,157,2198,2201,2204,552,178
1103: 1798,854,1692,758,2205,553,2040,2199
1104: 2128,534,692,554,1369,2212,1997,967
1105: 646,1322,2200,2092,235,1290,1291
1106: 1929,2213,1483,1983,692,2210,932,379
1107: 1182,2207,178,2081,2071,2201,972,515,2358,2362
1108: 1109,2217,2215,1875,356,54
1109: 1108,2217,53,2215,2214,1611
1110: 2220,1111,2063,183,2219,1070,2133
1111: 1110,2220,556,2218,182,1617,901,183
1112: 1009,1885,2225,475,2222,1894
1113: 2223,2421,2418,282
1114: 283,1480,298
1115: 1331,1885,2230,557,2229,2225
1116: 119,2233,559,2232,1361,400,2226,1446,687,1388
1117: 458,2245,1433,22,1629
1118: 2260,2268,1134,1793,335,1901,99,2227,2232
1119: 461,992,1675,23,2234,1762
1120: 2241,2426,85,2235,1747,561,2243
1121: 2236,2243,2365,1334,2360,870
1122: 1123,2416,2238,29,1511,28,1210,2237,562
1123: 2416,1122,43,2240,2238,29,1511
1124: 2248,375,102,121,342,1814,926,1335
1125: 1090,2175,2247,2249,547,2185,1780,141,2188,1092
1126: 2251,891,346,1127,2253,2034,2424,192,193
1127: 191,2253,531,2250,1740,1126,891
1128: 1317,344,2257,132,2013,112,151,2256,152,763
1129: 613,1927,151,2256,1229,2254
1130: 2262,1134,2158,2260,2268,1079,98,2154,2232,118
1131: 2269,2094,568,2265,520,1033,2258,163
1132: 648,163,460,2258,1735,989,1659
1133: 1982,1698,946,1452,2267,2259,2261,420,1969,1902,780
1134: 688,437,875,1772,335,2158,2262,1130,2260,1118
1135: 566,177,2207,1594,2263,196,1452,2259,2261,198
1136: 2273,678,1137,2032,504,111
1137: 71,902,2032,504,2272,2270,111,1136
1138: 2327,1167,424,2277,2209,2276,2129,114,1489
1139: 2275,2122,2208,1100,76,815,2282,2274,2279
1140: 181,1228,1256,1225,571,160,2280,2284,355
1141: 838,539,2177,2285,2151,615,520,1523
1142: 2278,1374,1143,366,572,1294,135,2053,896,702,1541
1143: 96,2281,1506,2274,115,2279,1880,2278,1142,572,1294
1144: 2289,1657,495,835,2292,697,2161,1078
1145: 2292,2293,809,1657,495,2290,792,573,2289,1100
1146: 4,2286,15,1364,846
1147: 2291,2287,2288,574,1417,430
1148: 1150,576,2299,180,2301,1496,2295,1434,685
1149: 1303,651,2217,54,2298,2294
1150: 1148,576,2299,1608,2301,1496,199,962,2295,1434
1151: 2296,1835,707,2297,72,1965
1152: 2302,1835,91,2271,670,2024
1153: 2304,110,1945,109,878,526,2303,2106
1154: 2307,979,1187,1659,185,2370,2309
1155: 2308,2306,2379,1280,165,594,865
1156: 509,2051,2313,74,584,2330,2311
1157: 1345,1857,419,74,73,2310
1158: 2325,2324,680,1816,1712,206,463
1159: 580,1002,206,1637,1665,2314
1160: 635,2315,494,1162,1269
1161: 905,2332,645,1288,1289,898,2058,2080
1162: 1250,2316,2322,2315,1160,635
1163: 173,1571,1578,2333,2058,1996,2331
1164: 1697,2317,1012,296,2319,1538,853
1165: 2318,581,432,1602,311,2103
1166: 2326,1254,584,56,75,683,1493,94,424,2328
1167: 509,2051,584,94,424,2328,113,954,2327,1138
1168: 2337,2335,668,681,1421,1363,2341,563,2338,1170
1169: 1091,2340,2334,546,2117,2033
1170: 1950,2338,1908,681,1421,1168,2335,1076
1171: 2336,586,2339,1016,210,2340
1172: 1318,1695,293,2345,1409,2344
1173: 472,604,2407,1319,660,2343,804
1174: 938,1508,2352,224,1778,1660
1175: 2221,2348,2353,1631,2351,202,224,203,588,418
1176: 1362,155,2350,2346,1357,2349,589,1177,671,1019
1177: 2349,589,2329,176,2350,2347,2346,1674,175,1362,1176,195
1178: 2364,124,1428,694,886,1738,1240
1179: 2422,607,2424,2357,2120,213,1792,591,2354,339,1567
1180: 409,2365,498,2360,1428,1495,1403
1181: 231,2356,2386,591,2355,1031,232
1182: 2207,1107,178,2201,515,552,179,2358,592,2362
1183: 794,1324,2362,179,2363,592,2263,1521,1491,2359
1184: 287,1872,270,2394,2368,271
1185: 1507,253,1726,2367,957,2369,1898,2366
1186: 146,1242,523,2379,1735,165,2381
1187: 989,1659,594,2376,1881,1154,2370
1188: 2371,1299,650,150,1249,616,1245,625,1233
1189: 1244,1601,386,468,2372,149,714
1190: 1191,1267,2378,2172,2373,1086
1191: 1190,2374,2373,1086,781,2173,1298
1192: 243,2038,1822,261,2382,597,2385
1193: 1598,2383,1985,2384,277,976,1261,2404
1194: 389,1196,2392,1806,1710,2020,1016,210,599
1195: 0
1196: 1194,389,2392,1744,599,2391,2386
1197: 930,598,2389,2387,1349,715,1
1198: 429,623,1241,1243,2397,2435,2395
1199: 2368,2396,1507,522,1898,2394,1897
1200: 2408,32,856,33,1204,2400
1201: 278,1203,2399,2409,2404,279,604,2407,1319
1202: 1819,1205,241,2398,2401,2402,260,259,1598
1203: 278,1201,2399,1733,736,1393,279
1204: 2403,537,1200,32,33,2400,2406
1205: 1819,241,1202,637,240,2398,2401
1206: 1049,305,2413,316,2411,470
1207: 2410,316,603,2083,2412,303,2413
1208: 2421,1951,2231,558,1209
1209: 2231,2421,1208
1210: 2237,2238,1122,28,2415,2417,60,2054,2427,2244
1211: 1588,836,1410,2159,43,606,2238,2416
1212: 1041,2252,1805,2422,607,749,2354,1987,1567
1213: 1014,883,1919,2034,2423,1789,795,2425,365
1214: 1667,725,406,1380,609,103,2436
1215: 1678,1696,44,2437,1577,61,456,80
1216: 104,1732,609,2434,2426,85,2436,561
1217: 608,2433,2054,2427,1053,2244,44,2431,61
1218: 2428,610,287,2165,2435,286,1618,2430
1219: 2430,2429,2397,429,302,1616,840
1220: 762,1682,1856,1221,1857,1464,419,55,74
1221: 1856,995,1220,628,611,1255,2313,55
1222: 1976,1581,254,273,909,1346,376,612
1223: 442,960,525,256,1808,2213,273,1906,1929,1988
1224: 614,1285,1531,821
1225: 413,1777,1435,1256,1258,2285,571,160,1140,181,1228,2284
1226: 281,1494,1098,813,643,390
1227: 1231,2304,526,1044,2257,2106,151,1229
1228: 1140,181,1225,159,160,629,180,2300,1496,355
1229: 150,1227,1231,151,2256,650,613,1129
1230: 1232,617,399,1353,664,2230,557
1231: 1227,2304,2106,151,130,650,150,1229
1232: 1230,617,292,291,1458,1584,2230,2229,306
1233: 1248,1061,1188,616,625,171,211,730
1234: 693,856,18,443,1235,1427,2408
1235: 1427,373,18,618,2115,1234,923
1236: 1907,1696,1527,619,1905,964,1804,719,1658,1817,81
1237: 1277,1069,70,1239,577,90,828
1238: 62,476,1054,2075,994,619,1905
1239: 577,536,620,1356,70,2137,90
1240: 145,886,2361,1178,2364,124,622,125,146,1242
1241: 1243,1030,2396,271,600,2395,623,1198
1242: 146,1186,622,145,1240,2100,523,1930
1243: 1241,1030,1346,927,600,1444,623,1198,288
1244: 1601,386,1189,2372,149,190,2010,621
1245: 190,595,1249,1188,625,171,2010,621
1246: 490,1776,624,57,1254,1978,2074,2326,75,683
1247: 1051,57,40,1548,2046,1914,872,624,1978
1248: 1233,1061,2118,171,211,1740,730,1710,2020,742
1249: 595,170,1298,1299,2380,2371,1188,190,1245,625
1250: 2316,1162,626,635,1928,2170,148
1251: 128,626
1252: 627,1537,1552,674,1689,41,1266
1253: 422,831,825,775,674,1378,1081,404
1254: 1978,624,628,1246,56,2326,1166,75
1255: 628,611,1221,2313,55,2330,56
1256: 1258,1968,652,743,413,1777,1300,1225,160,629,1140
1257: 1604,2002,348,2,2191
1258: 1256,1922,652,1777,1300,1301,140,1225,160,629
1259: 1840,630,1368,806
1260: 1382,1936,259,383,277,976,276,727,1318,1695
1261: 277,976,1598,1193,2384,2409,2404,1318,631
1262: 1038,502,2039,1718,632,1962
1263: 1043,788,1265,2022,1273,633,867,2000,1395,2123,1064
1264: 1718,321,1013,2039,1761
1265: 1757,423,859,1763,219,1540,1263,788,1273,633,239
1266: 41,27,1252,627,2157,363,634
1267: 1269,1993,2378,596,544,2172,1190
1268: 1568,27,1080,2155,634,2007,1743,42,1052
1269: 1993,1267,494,1160,635,2171,544
1270: 1066,258,1273,636,220,2125,1064,2126
1271: 1621,353,1540,433,1871,636,220,221,1769
1272: 220,221,1769,1328,258,637,2126,240,1443
1273: 633,239,1265,433,1263,636,2125,2123,1064,1270,1066
1274: 1275,638,1343,251,268,410,753
1275: 1274,949,703,1883,638,1343,251
1276: 582,128,2323
1277: 1069,1237,1750,70,88,639,2132
1278: 229,1601,386,1702,1716,640,2176
1279: 1547,2178,824,640,2181,230
1280: 2379,1286,1287,146,1281,1770,641,165,1155,2308,865
1281: 1770,641,1286,644,737,126,1280,147
1282: 474,2065,511,642,533,1283
1283: 2138,533,474,1282,2141,1892
1284: 264,245,913,1701,1859,813,246
1285: 643,2195,614,1224
1286: 125,1287,738,1904,145,644,1280,1281,641
1287: 1286,125,145,146,2379,1280,641
1288: 645,154,1941,876,364,1500,662,1457,1289,1344,1325,1161
1289: 1344,1325,1500,645,1288,154,2026,905,1161,398,2080
1290: 711,1291,1105,646,530,254,1059,272,2098,1581
1291: 711,1290,2092,1105,646,235,1351,272
1292: 184,648,1659,1293,1617,2307,979,1619,1631
1293: 182,1617,1846,2266,648,163,1292,184,183
1294: 572,1143,2281,1880,1142,116,647,1295,702,1541,659,1314
1295: 116,647,2160,1079,2154,1294,117,666,2264,1314
1296: 1980,1586,851,1663,1526,327
1297: 327,1035,1754
1298: 2173,1191,2374,2303,130,1299,2380,170,1249
1299: 130,650,1298,170,1249,2371,1188
1300: 1301,140,1717,483,1922,652,158,1256,1258,826,629
1301: 1300,140,139,1258,1554,826,1519,159,160,629
1302: 987,869,356,1878,358,54,651
1303: 1149,651,2298,1877,2294,675,93
1304: 935,1305,1644,48,1595,444
1305: 935,1304,444,66,1327,1603
1306: 2144,537,2406,47,2096,521,2102
1307: 444,1095,2180,548,2099,654,66
1308: 808,418,2348,655,223,242,893,759
1309: 416,1821,2136,535,655,223,1449,893
1310: 310,656,481,1918
1311: 2087,771,309,908,1013,1931,656
1312: 1560,1384,928,907,2085,706,2198,1352,657,157
1313: 2198,1352,928,506,156,157,1367,403,811,2204
1314: 659,137,1294,647,1295,117,702,1933,1316,1384,706
1315: 786,2174,756,545,1829,1089,684,344,112,658,133
1316: 1933,647,117,666,1314,137,367,1384,907,2085,706
1317: 344,1128,132,112,658,133,2256,152,2255,763
1318: 1172,1695,1260,277,1261,631,293,1409
1319: 604,2407,2409,1201,631,293,660,1173
1320: 818,1515,959,226,1510,1791
1321: 204,1404,866,1815,463,205,661
1322: 1105,646,553,2200,1803,1058,1329,2092,530
1323: 530,1329,646,960,1788,2104,254,1059,1906,255
1324: 794,1183,2362,179,2358,1608,2363,592,199,1521,2359
1325: 1289,1344,662,1288,1999,2026,398,2080,884,1463
1326: 487,1954,1587,1014,175,1789,215,365,764
1327: 1603,1305,66,914,1032,663
1328: 415,1769,221,1272,748,637,240,1443,527
1329: 745,236,1058,1512,1322,1323,530,1788,2104
1330: 265,677,469
1331: 1885,1115,664,557,2043,1722,473
1332: 488,797,1849,1734
1333: 2095,1879,2101,1655,266,915
1334: 1699,68,2236,1121,665,870
1335: 2247,1124,102,121,2246,1814,1614,926,802,141,1402
1336: 1863,1406,678,1020,1841,132,2013
1337: 380,1408,2191,3,798,2192
1338: 947,250,369,1442,267,1456
1339: 1387,367,666,400,1446,1933,1529,138,2085,709
1340: 1432,789,1089,658,133,345,2041
1341: 2018,69,667,2140
1342: 263,1947,1852,244,425,799,2194
1343: 251,269,1479,1274,1275,1830,753
1344: 1289,1325,876,696,1500,662,896,645,1288,2026,2080,884
1345: 1157,2072,73,2310,579,800,2312,1853
1346: 1897,2098,1976,1222,2396,927,772,376,1243,1030
1347: 1724,480,1630,769,1908,1916
1348: 919,922,801,2109
1349: 715,930,1197,1,1513,934
1350: 402,1365,2229,306,2225,669,475
1351: 235,519,2202,711,1291,253,1898,272
1352: 2198,1313,1379,928,1560,1312,506,657,157,811
1353: 399,943,1679,1441,1230,617
1354: 802,978,1614,926,120,1402,483,1968,489,743
1355: 24,1977,1440,377,1675,929,378
1356: 620,2296,1835,1239,577,2302
1357: 2346,803,398,2080,884,1463,156,176,2350,2347,1176
1358: 1666,274,448,937,1441,1555,1399,943
1359: 2388,0,2389,2047,895,930
1360: 684,2124,1065,2129,1489,690,134,1909,1432
1361: 2232,118,2268,2154,1116,2233,666,567,400,1446
1362: 155,1176,2346,589,1177,1024,671,1019,1838,2030
1363: 2341,2246,563,1823,401,668,1943,121,2337,1168
1364: 1860,350,4,1146,549,846
1365: 402,1350,1584,307,1376,2229,306
1366: 1431,49,447,1034,1935,1764,332
1367: 1461,403,506,156,2198,1313,803,811,1471,1024
1368: 806,1259,630,2193,1096
1369: 2212,1104,554,257,1997,716,275,381
1370: 1739,1008,931,1661,2415,2050,507,60,2044
1371: 1573,200,1704,673,1855,1703,1757,1540,433,1871,353
1372: 6,1864,919
1373: 2159,2156,775,1958,404,836
1374: 2278,1142,115,1921,889,366,572,696,662,135,2053
1375: 1419,793,1957,7,2027,1964
1376: 307,888,405,402,1365,308
1377: 716,932,257,448,379,1605,1666,274,452
1378: 674,825,1253,1081,404,41,2157
1379: 136,928,500,2053,702,659,137,1999,1560,1384,506,1352
1380: 769,406,65,1214,1908,681,103,1421
1381: 1497,933,938,1671,1660,225
1382: 1260,1936,2402,259,383,973,276
1383: 1759,675,777,1765,2072,902
1384: 1560,1312,659,1314,137,1316,1379,2085,706
1385: 1992,715,2191,934,13,380
1386: 2093,18,911,8,1633,443
1387: 1339,367,687,1933,1529,138,709,512,1693,1570
1388: 407,1116,119,1974,1592,975,978,2226,687,1984,785
1389: 1607,1603,49,447
1390: 2011,9,10
1391: 1476,1531,821
1392: 139,1473,140,834,999,826,1519,1580,2299,428
1393: 279,1733,991,1203,1670,1748,2019
1394: 1576,1501,340,1415,1418,1801,936
1395: 2000,1263,1043,633,867,2125,2123,1064,963,408
1396: 2321,728,804,1882,2319,1468
1397: 377,992,1466,1977,10,805
1398: 1672,1771,280,741,2317,1767
1399: 937,1358,304,1555,943,1944,877
1400: 469,717,368,1606,1425
1401: 12,817,1513,1405,761,11
1402: 1780,141,926,2247,1335,802,1354,2175,743
1403: 412,1180,590,2360,1428,1495
1404: 1321,204,1508,1715,661,938,1671
1405: 1513,934,13,1401,12,26
1406: 1336,1863,678,756,1829,132,2013,344
1407: 805,887,461,924,2116
1408: 1337,380,13,2192,26,1097
1409: 2345,727,1318,1172,1695,405,679
1410: 1860,350,1958,14,1588,836,1211
1411: 123,143,142,144,2150,845,2152,1615
1412: 750,370,284,1564,829,701
1413: 1530,1673,450,1730,939,2067
1414: 734,1259
1415: 340,410,1501,1811,1801,1394
1416: 865,2308,334,1799,680,1816,1556
1417: 430,1147,574,16,1533,1647
1418: 285,340,1455,1394,936,1622
1419: 1375,352,371,17,793
1420: 334,1799,147,167,986,1646
1421: 103,1380,1908,681,1168,1950,2338,1170
1422: 1075,1514,1074,106,1486
1423: 411,1625,555,1684,1636
1424: 760,1960,287,1872,2165,300,2428
1425: 1606,1400,2419
1426: 1924,2168,1084,313,1627,940
1427: 1235,2115,1234,923,19,2408
1428: 1495,694,1180,412,1403,1178,1738
1429: 1101,683,1493,2290,792,2328,2203,551,2209
1430: 860,1094,1490,2179
1431: 1366,1034,1825,941,332
1432: 1340,789,1089,684,1360,1909,133,360,2041
1433: 21,2245,35,1705,458,1117
1434: 2295,1148,1150,2301,962,685,1704,1703,200
1435: 2177,1092,744,413,1225,2285,2151,571,539
1436: 2036,2234,465,1504,698,892
1437: 248,1448,1708,945
1438: 2380,2377,129,781,2173,765,1986,595,149
1439: 758,385,1868,414,1692,396,2078,217,553,2040
1440: 1981,1195,2047,895,24,1355,378
1441: 1679,452,1358,274,1353,943,617
1442: 638,267,1338,1456,686,268
1443: 240,1272,415,1769,1328,748,527,2108,241
1444: 927,772,1243,1932,623,288,289
1445: 556,2218,944,971,1023,1565,689,453,182,901
1446: 2226,687,1361,1116,2233,567,400,1339,1529,138
1447: 1778,1459,808,418,446,1852,2076,244
1448: 1708,945,1847
1449: 2038,1046,1309,416,655,2108,893,2382
1450: 1626,1988,273,442,909,2089,612,290
1451: 831,825,12,26,11,1569
1452: 946,196,1848,1594,1135,177,897,2267,2259,2261,1133
1453: 848,1535,1783,79,712,688,1793,1772,335,704
1454: 2074,809,57,58,1970,1010,490,1776,1653,573
1455: 1960,1842,1418,285,1622,417
1456: 284,369,1338,1442,1939,686
1457: 1836,1578,153,645,1288,154,2333,898
1458: 291,1979,292,1232,617,1584
1459: 1447,1778,224,588,808,418,446
1460: 958,948,106,2147,1721,1959
1461: 1367,403,156,2346,803,811,155,1024,671,1848
1462: 2091,910,1948,30,29,1518,1511
1463: 884,2035,1325,1999,398,506,156,176,2346,1357,803
1464: 93,1857,1877,762,1220,419
1465: 1583,45,30,863,2091,1843
1466: 810,1977
1467: 689,453,944,1707,1683,2218,201,855,901,2131
1468: 1596,1882,1396,2321,309,908,581
1469: 2031,1544,501,890,618,2115,31
1470: 949,2052,1869,338,250,267
1471: 811,2204,2198,1367,403,552,1024,1848,1594,177
1472: 2029,532,2127,1062,690,1921,889,366,1917,876,364,696
1473: 158,139,1529,732,820,1693,1570,140,999,972,1392
1474: 33,1727,956,445,1095,2186
1475: 767,216,2048,2055,1698,508,217,1781,1755,950
1476: 741,1854,1391
1477: 2135,1892,691
1478: 783,394,218,420,1969,1982,780,1994,1758,862
1479: 1883,513,1890,1343,251,269,695,951
1480: 1114,283,2228,829,1534,298
1481: 1549,1705
1482: 1726,952,1006,1890,695,951,2113,2369
1483: 2213,1983,1524,963,692,408,1929,1106,2210,932
1484: 861,1967,374,2239,1785,560
1485: 421,904,2079,587,2342,477,771
1486: 1422,807,1959
1487: 352,844,1864,1632,812
1488: 2190,549,1097,350,422,775,1958
1489: 2129,114,954,2327,1138,2183,1065,2127,1360
1490: 20,1633,1430,443,693,1773
1491: 197,198,2363,1183,349,423,2359,1812,780,219
1492: 2033,2117,505,2061,471,925,249
1493: 75,683,1776,2326,1166,792,94,2328,1429,1101
1494: 1098,550,813,246,281,1226
1495: 1428,694,498,1180,409,2009,1403
1496: 180,2301,2300,1554,1519,159,629,1228,1148,1150,576
1497: 1381,933,1779,225,425,1099
1498: 754,695,372,921,1960,1842,760
1499: 2041,1887,345,1836,1578,814,173,1571
1500: 364,696,662,1921,1917,876,135,1288,154,1289,1344,2026
1501: 1811,750,1415,701,299,1801,1394
1502: 697,835,78,1649,1937,2161,875,1078,688
1503: 956,336,2182,917,653,445
1504: 698,1436,39,892,1729,1007
1505: 699,833,298,1582,2224,337
1506: 2206,1004,1719,516,76,815,540,2279,96,1143,1880
1507: 1185,253,957,522,1898,270,2366,2394,1199
1508: 1715,700,204,1404,2352,1174,938
1509: 1959,958,1961,953,107,642
1510: 959,1515,1320,449,454,864
1511: 29,1518,1123,1122,1462,2237,562,1015
1512: 237,862,778,783,1329,745,236,1788,2104
1513: 934,1405,1349,1,817,1401
1514: 1074,2149,538,426,1075,1422
1515: 818,1320,463,2324,205,959,1510
1516: 1553,2056,1687,969,1746
1517: 1624,2082,2021,1639,906,787
1518: 29,1511,2091,1462,562,427,1015
1519: 1554,826,139,1301,1392,2299,428,1608,576,1496
1520: 995,983,36,37,1641,1856,1912
1521: 199,962,179,1580,2299,1608,794,1324,1183,2362,2295,1855
1522: 1975,840,1952,1669,774,852
1523: 520,1141,568,162,615,2094,1023,1565,1846
1524: 1845,867,1043,2068,1040,2000,1483,1983,963,408
1525: 560,38,359,36,37,362
1526: 649,1980,1296,819,1025,327
1527: 619,514,994,1678,1696,964,1236
1528: 880,361,429,623,288,1911,302
1529: 138,1446,687,407,1339,1387,2005,732,820,709,1570,1473
1530: 1413,965,1673,1723,323
1531: 297,614,1476,821
1532: 2097,435,1784,1859,966
1533: 823,1417,430,2012,1647,496
1534: 829,701,299,298,699
1535: 1783,1937,2044,431,1649,608,2433,848,1453
1536: 1546,1998,822,207,227
1537: 899,39,25,1552,1689,1252
1538: 333,853,1164,2317,296,2318,432
1539: 1628,1642,823,14,1989,493
1540: 433,1871,673,859,1703,1573,1371,1757,1265,1271,239,636
1541: 702,2278,1142,572,1294,647,135,2053,659,137,500
1542: 868,1956,303,2410,2411,1850
1543: 982,1620,1787,703,1883,513
1544: 1469,2031,31,1583,434,1073
1545: 2402,601,2398,1997,1579,967,259,2001,973
1546: 1536,1782,1532,435,1784
1547: 2178,1279,1786,824,1861,247
1548: 40,1888,1923,2046,872,1247
1549: 1481,710,1832
1550: 704,1901,1793,746,1593,99,827,1558
1551: 439,1615,1634,622,164,2100
1552: 1569,25,1537,674,1252,41
1553: 1516,450,969,1730,324,961
1554: 826,1519,1301,159,629,576,1496
1555: 304,873,937,1358,766,1399,877
1556: 680,1816,2308,2306,1416,865,166,578,866
1557: 705,1561,1662,466,188,341
1558: 827,1796,830,1550,99,2227,559,119,2233,1974,975
1559: 89,1766,90,828,1834,2305,740
1560: 1312,1384,137,136,1379,928,706,1352,157
1561: 1557,705,2162,874,1087,1662,169
1562: 1784,970,966,457
1563: 1636,839,1042,1071,707
1564: 1951,1412,2228
1565: 971,1023,162,1523,944,161,689,1445
1566: 837,1972,1796,830,2248,375,342,975,1814
1567: 708,393,1987,1179,2422,1041,1212,1749,2354,339
1568: 1268,387,1080,2155,931,2016,1743,42,1739
1569: 11,25,1451,825,1552,674
1570: 1693,1387,367,1529,138,2005,820,709,1575,158,1473,999
1571: 173,1163,1499,172,491,814,346,564,883,1996,2331
1572: 710,51
1573: 1371,200,1711,1704,1703,832,1540,1871,353,440
1574: 664,399,397,1944,305,2043
1575: 709,512,367,907,1693,1570,2081,2071,2201,972,515
1576: 1394,1801,936,833,1582,731,1714
1577: 514,1015,1795,1021,816,44,2437,994,1678,1215
1578: 1836,1457,153,2041,1499,173,1163,2333,898,2058
1579: 1997,967,1545,718,2001,381,973
1580: 179,2358,834,972,515,1392,2299,428,1608,2362,1521
1581: 1976,1222,711,1290,254,1059,2098
1582: 731,1576,1505,833,337,436,1775
1583: 1465,45,30,863,2031,1544,434
1584: 291,1458,1232,307,306,1365
1585: 2044,78,2050,1739,1008,2006,495,835,697
1586: 720,974,1680,1980,1296,1663
1587: 487,1954,1326,175,1789,2349,215,1694,195,764
1588: 836,1211,1410,14,1989,43,2416
1589: 904,308,402,669,477,1910
1590: 875,1078,2086,2161,688,437,1004,540,2158,97,2262
1591: 79,712,456,1696,80,1804,704,746
1592: 1974,830,119,342,975,978,1388,407,120,1984
1593: 746,1804,1907,704,1550,100,827,1796
1594: 1848,403,1471,2204,503,1135,566,177,946,196,1452
1595: 1891,1028,48,935,1304,1389
1596: 1468,309,908,581,310,481,1602
1597: 187,382,1665,713,1720
1598: 1193,2383,1819,1202,1985,2037,260,1936,976,1261
1599: 568,2265,2150,845,1634,838,539,520
1600: 1647,496,847,2084,438,920,2111
1601: 1244,386,1189,714,1716,1278,229
1602: 481,1596,1165,581,311
1603: 1327,935,1305,1389,49,1032
1604: 1257,784,2002,2387,715
1605: 779,275,716,1377,1679,452,292,1979
1606: 724,368,2095,1400,1425
1607: 1389,1664
1608: 2299,428,834,1519,179,1580,1150,1324,199,1521,962
1609: 1731,977,1690,1623,721
1610: 291,1979,779,718,2001,383,2025,276
1611: 1042,2214,1109,2217,839,1991
1612: 1713,64,2069,1056,1817,82,83,850
1613: 2411,1850,470,1029,720,974
1614: 1814,926,342,975,978,1335,120,802,1354
1615: 439,1551,1634,1411,144,845,622
1616: 1952,286,2430,2429,1219,347,1839,840
1617: 182,1293,971,2266,556,1292,184,1111,183
1618: 286,2165,1218,2428,543,841,1085,2430,1839
1619: 2353,1631,1292,184,2307,979,2351
1620: 1543,982,842,517,2073,513,1890
1621: 353,1271,440,1871,796,1068,220,221,1769
1622: 936,1418,1455,312,417,1714
1623: 726,1690,209,1609,721,228
1624: 1517,2082,1924,484,441,940,906
1625: 51
1626: 1450,1988,442,1929,448,379,2089,290,1666
1627: 313,731,1714,1084,436,1426
1628: 1539,823,496,438,843,493
1629: 1884,458,1117,22,2239,980
1630: 82,1056,480,1347,83,722,1916
1631: 2353,1619,1292,184,183,2219,2221,1175
1632: 574,812,351,844,2291,1487
1633: 8,20,443,1490
1634: 1551,1615,845,1599,2265,164
1635: 723,1096,5,798,4,1146,2286
1636: 839,1563,555,411,1423,52
1637: 186,1067,1002,1159,1665
1638: 1688,320,1700,329,981,2028
1639: 2021,301,347,1517,2082,314
1640: 1787,1031,232,849,1794,338,1900,982
1641: 1682,1856,1648,983,987,1520,995
1642: 2012,846,1860,823,14,1539
1643: 214,984,1749,1752,2008,385,1987,1047,2064
1644: 2180,1650,653,48,444,1304
1645: 985,942,721,228,1786,1861
1646: 186,986,1420,334,1712,1002
1647: 496,1600,1417,16,847,1533
1648: 983,1785,861,358,987,1641,1682
1649: 431,507,2044,78,1502,1535,1783,1937
1650: 2180,1644,1503,917,653,445
1651: 2009,498,2023,757,988,694,1866,886
1652: 849,842,1794,339,708,393,1797,517
1653: 59,1657,58,1010,1052,1454,809
1654: 1673,2021,314,774,965,315
1655: 266,605,1606,1333,2095,1425,682
1656: 1820,464,187
1657: 1653,59,809,2006,495,573,2292,1145,1144
1658: 719,1817,619,1236,1907,81,1925
1659: 989,1187,2376,648,1132,163,1292,2307,1154
1660: 446,224,1174,938,1778,1381,933
1661: 28,2415,2417,2420,931,2016,1739,1370,60
1662: 169,1557,1561,993,188
1663: 851,1586,1680,317,1296,2015
1664: 1607,447,1034,50
1665: 382,2314,1637,187,990,1159,1597
1666: 1358,274,1626,448,1377,873,937,290
1667: 1214,1036,725,84,1828,406,609,2434
1668: 188,341,189,1833
1669: 1037,1522,1975,852,2056,392
1670: 1048,1748,1733,991,262,1393,997
1671: 1404,661,938,449,1381,225
1672: 1771,1398,1391,1767,676
1673: 1654,965,450,315,1530,1413
1674: 175,1789,194,583,2329,2350,2347,2349,589,1177
1675: 929,377,992,1119,23
1676: 384,993,188,1668
1677: 50,1825,941
1678: 1696,1215,2437,1577,514,994,1527
1679: 1441,452,1605,274,292,1353,617
1680: 733,1874,1586,974,317
1681: 1055,1054,2066,2062,63,62,1800
1682: 1641,1856,1648,987,869,762,1220
1683: 1707,1876,2300,2283,355,944,1711,1467,453
1684: 1625,411,1423
1685: 864,1779,454,2097,2196,913
1686: 529,2112,1050,2110,997,2045
1687: 455,1895,2056,392,1516,1746
1688: 1638,320,1009,317,318,2015,981
1689: 1007,998,39,1537,1252,627
1690: 384,1676,1623,726
1691: 329,981,497,2015,1949,319
1692: 1047,385,984,758,1439,1798,854,1103,2040
1693: 1570,1387,820,709,1575,1473,2081,834,999,972
1694: 195,1019,589,1954,1587,216,1838,764,1753,1893
1695: 1318,1172,1260,277,727,1409
1696: 1678,1215,2437,456,1527,1591,80,964,1804,1236
1697: 1164,388,2042,728,1012,2319
1698: 946,196,2055,897,2030,767,1475,1969,1902,1133
1699: 1334,729,665,870,1886,86
1700: 1741,1638,320,739,2028,502
1701: 1859,966,264,1284,457
1702: 1716,1736,1278,1000,824,640
1703: 673,1855,794,199,962,2295,1434,1573,1371,200,1540
1704: 1711,685,1434,1876,1573,1371,200,832,855
1705: 35,1481,458
1706: 1800,747,63,46,1745,1011
1707: 1876,1683,2300,1711,1467,453,201,855
1708: 1448,459,1437
1709: 1760,1001
1710: 730,2020,171,1248,1806,1016,1194,389
1711: 685,1704,1707,1876,1683,1573,832,201,855
1712: 334,1646,680,1002,206,2325,1158
1713: 64,2069,476,1905,719,1817,1612
1714: 1576,936,1622,312,731,1084
1715: 1508,700,185,2309,1815,204,1404,2352
1716: 1702,1003,714,1601,1736,1278
1717: 483,1922,785,732,820,489,652,158,1300,140
1718: 1264,2039,1761,1262,632
1719: 2206,1004,1506,540,2158,97,96,1880,2160
1720: 1597,713
1721: 1005,1831,86,2147,1460,948
1722: 733,1874,1049,2043,1331,473
1723: 323,1946,486
1724: 1026,480,2096,65,1057,1347,769
1725: 1862,351,844
1726: 1482,952,252,1006,1017,2367,593,2113,2369,1185
1727: 1773,693,856,956,33,1474
1728: 466,1827,1896,765,1807,735
1729: 1504,892,359,1007,40,1888
1730: 450,1553,1413,324,2067
1731: 1609,208
1732: 1216,104,609,2434,857,2436,858,2432
1733: 991,736,2399,1203,1393,279,1670
1734: 1849,819,1332,325
1735: 523,1930,1186,460,2381,2376,1132,989
1736: 209,189,1003,1702,1716,1000
1737: 737,126,2065,2004,511,474,1282
1738: 738,1955,1428,412,1178,2364,125
1739: 1008,1370,1568,931,1661,42,1052,2050,1585
1740: 211,2118,531,2250,1248,1061,1127,191,2253,742,2119
1741: 1894,1756,1858,320,1700,739
1742: 485,67,1903,84,1828,2241,85
1743: 2007,1010,634,1568,1268,58,42,1052
1744: 212,1774,389,1196,2120,2356,2386
1745: 2145,46,2144,1706,2090,1011,521
1746: 326,1687,455,1516,961,797
1747: 790,2235,2241,1120,2236,2243
1748: 1048,1670,1393,279,388,2019,2042
1749: 1752,749,215,1041,2008,1987,1567,214,984,1643
1750: 69,70,2137,88
1751: 857,1950,2338,585,858,2023,1995,988
1752: 1749,749,795,215,487,1041,2008,764,1643
1753: 1868,1893,414,1954,1694,1019,216,2048,385,508,217
1754: 1035,1949,1297,328
1755: 950,1475,1969,2078,217,1781,778,745,236
1756: 1741,1894,669,475,1910,1858
1757: 1265,673,859,1855,1371,1763,1540,433,633,239
1758: 2022,238,780,394,1478,218,1043,1845,867
1759: 1383,777,1965,91,71,902
1760: 329,2028,1038,319,1709
1761: 776,1718,1264,632,322
1762: 2242,461,1119,2234,2116,2036
1763: 219,349,423,859,1812,1757,1265,788
1764: 1935,672,1431,1366,1940,332,2057
1765: 2072,73,675,93,1857,1383
1766: 1559,89,740,2378,596,2375,109,878
1767: 676
1768: 8,20
1769: 415,1328,1621,1271,796,1068,221,1272,1443
1770: 1281,641,1280,147,865,1799
1771: 1672,1398,741,1476,1391
1772: 1793,335,1783,1937,848,1453,79,688,437,1134,2260
1773: 1727,1490,336,693,956
1774: 742,2119,2020,389,1744,212,2120
1775: 436,337,871
1776: 1246,490,57,1454,2074,75,683,1493,792,573
1777: 744,743,413,802,1968,652,1256,1258,1225
1778: 1447,1459,224,588,1174,1660,446
1779: 454,225,1497,1685,2196,1099
1780: 141,1402,802,1125,2175,1968,744,743,1092
1781: 396,2078,217,414,508,767,1475,1755,950
1782: 1791,226,822,1536,1546,435
1783: 1535,1937,1649,2433,848,1453,875,688,1772
1784: 1532,970,966,1562
1785: 2239,980,1484,861,1878,358,1648
1786: 1000,228,824,1645,1861,1547
1787: 1640,338,1900,1543,982,703
1788: 960,2104,1329,745,1512,237,1323,530,1059,255
1789: 1674,175,194,174,1014,1213,365,1587,1326
1790: 920,2111,890,879,863,2031
1791: 1782,1320,226,1510,864,435
1792: 591,2355,213,1179,2422,2354,339,1794
1793: 1772,335,848,1453,79,704,1550,1901,1118
1794: 849,1652,842,1792,2355,2354,339,708,232,1640
1795: 427,1015,562,1021,816,2437,1577,514
1796: 827,830,1558,1593,100,81,837,1566
1797: 233,339,708,393,1652,842,517,2088
1798: 854,1103,984,1692,1047,234,2064,1810,2199
1799: 1420,334,1770,147,1416,865
1800: 1706,747,1681,63,46,62,476,1011
1801: 299,1501,1415,1576,1394
1802: 752,222,796,2136,415,748,416,1821
1803: 1058,396,2078,553,2200,236,1322
1804: 80,964,1696,1591,1236,1907,746,1593,100,81
1805: 795,193,2425,192,2252,215,2422,1041,1212,749
1806: 2339,171,621,730,1710,1016,1194
1807: 466,1728,341,468,735,1833
1808: 525,256,237,2068,1040,1845,960,2104,1983,1223
1809: 69,395,462,2134,536,2137
1810: 252,1006,2088,233,234,1798,854,1017,952,593
1811: 1501,686,268,410,750,1415
1812: 238,780,2267,1491,197,198,423,1763,219,218
1813: 906,1018,1946
1814: 1614,926,1566,2248,375,1124,121,342,978,1335
1815: 866,166,357,185,1715,1321,204
1816: 680,1556,1416,166,866,463,1158
1817: 719,1658,1713,1236,1612,81,101,1925,850
1818: 68,2057,751,790,87,665
1819: 1205,241,1202,2398,1985,882,260,1598
1820: 464,1063,1477,691
1821: 1309,416,752,1802,1070,2136,748,535,2108
1822: 242,893,2038,2382,243,1192,1826
1823: 83,850,101,401,722,1943,102,1363
1824: 465,478,1873,2059,698,899
1825: 941,1431,1677,332,751,343,451
1826: 1870,900,242,1822,759,243
1827: 479,1087,1896,705,466,1728
1828: 84,67,1036,1742,1667,609,2434,85
1829: 756,1863,1406,786,1315,344,112
1830: 753,1343,269,695,754,285,1842
1831: 1005,1721,1886,86,105,768
1832: 1481,710,968,467
1833: 189,1003,341,1807,468,1668
1834: 2305,670,2024,569,1559,89,499
1835: 2296,1151,72,1356,1965,2302,1152,91
1836: 1457,1578,789,153,360,2041,1499,154,173,2333
1837: 531,2250,613,1927,2254,565,2118,770,346,1971
1838: 216,2048,589,1362,503,671,1694,1019,2055,2030
1839: 301,347,841,286,1618,2430,2429,1616
1840: 348
1841: 1020,2017,2272,111,678,131,1336,2013
1842: 1960,1455,1830,1498,754,285
1843: 1021,2062,2091,1465,45,427
1844: 1022,1730,324,2067
1845: 1524,867,783,394,1758,2068,1040,2000,1808,1983
1846: 2266,1523,2269,2094,971,1023,163,182,1293
1847: 1448,945,469
1848: 1594,1461,403,811,1471,1024,503,671,177,897,196,1452
1849: 819,1025,326,797,1332,1734
1850: 2411,1613,2410,868,1542,1895,1029
1851: 1056,518,2090,1011,1026,480
1852: 2076,808,1447,446,244,903,1947,1342
1853: 2312,1345,2032,504,800,1088,92,2014
1854: 741,1027,2045,297,2049,1476
1855: 673,859,1703,794,199,1521,349,2359,1371,1757
1856: 1641,1682,1520,995,762,1220,1221
1857: 93,1464,1220,419,1765,73,1157
1858: 894,755,1910,1741,1756,739
1859: 1701,1532,2097,913,966
1860: 1364,350,846,1642,1410,14
1861: 1786,942,1645,1547,248,247
1862: 734,1725,773,351
1863: 1336,1406,2273,678,756,1829
1864: 1372,6
1865: 1938,247,248,945,717,368
1866: 144,757,1651,123,886,2361,439
1867: 947,250,925,249,2052,2101
1868: 1753,1893,414,385,764,1047,758,1439,217
1869: 338,1900,391,955,2052,1470
1870: 900,1826,759,2076,903,2060
1871: 1540,433,673,1573,1371,832,1621,353,1271,239
1872: 1184,287,372,270,1424,760,2428
1873: 761,478,1913,1824,2059
1874: 733,1722,1049,470,974,1680
1875: 2215,467,354,1884,356,1878,1108
1876: 1707,1683,2301,2300,355,1711,685,1704,453,855
1877: 869,1303,651,762,93,1464
1878: 356,1884,980,1785,358,1302,987
1879: 912,471,925,1333,2095,2101
1880: 2160,1506,1719,97,96,1143,2281,1079,1294,116
1881: 594,2376,2306,1187,578,357,2370
1882: 295,472,804,1396,908,1468
1883: 1479,513,1543,703,1275,251
1884: 1629,354,980,1875,356,1878
1885: 1331,1115,557,2225,473,2222,1112
1886: 870,1699,590,86,105,1831
1887: 763,345,658,2255,2041,1499,172,491,814,173
1888: 40,1548,359,1729,362,1923
1889: 871
1890: 1620,2073,252,1479,513,1482,952,951
1891: 1595,1028
1892: 2138,1283,2141,1477,2130
1893: 1868,1753,414,1954,1694,195,216,2008,385,764,758
1894: 1741,1756,475,1009,1112,320
1895: 1687,455,868,1850,392,1029
1896: 1915,129,1827,479,1728,765
1897: 1346,522,2098,1976,1199,2396,927,600,1030
1898: 522,272,2202,1351,1507,1185,253,1199
1899: 603,1911,289,1932,766,304,2412
1900: 1869,338,1031,391,232,1640,1787
1901: 704,1550,79,1793,335,1118,99,2227,827
1902: 420,1969,2055,897,1698,946,2259,767,1982,1133,950,1994
1903: 1032,663,67,672,485,1742
1904: 768,738,1955,2004,1286,644
1905: 62,476,1238,619,1713,64,1236,719
1906: 273,255,1323,960,525,442,1223,1988
1907: 1236,80,964,1804,1658,1593,100,81
1908: 681,1916,1347,769,1380,1421,1170
1909: 690,134,2129,1089,684,1360,1432,789,360,1941
1910: 477,1589,669,1756,1858,755
1911: 603,1899,289,288,2412,361,1528,303
1912: 881,37,362,1923,1520,995
1913: 378,478,1981,817,761,1873
1914: 2046,998,627,363,1051,1247,885
1915: 1896,129,2171,544,2172,479
1916: 1908,681,1630,1347,401,722,668
1917: 876,690,134,2029,1472,360,1941,364,1500,154
1918: 481,1310
1919: 174,2331,883,1996,2423,1014,1213
1920: 1990,1953,2099,654,914,782,482
1921: 889,366,532,2282,1472,1374,364,696,1500,135
1922: 1717,483,120,785,732,1968,489,652,1300,140,1258
1923: 362,37,1888,1548,1912,881,872
1924: 1426,2168,484,441,940,1624,2082
1925: 101,1972,1658,1817,81,850,2248
1926: 2089,612,772,376,873,1932,766
1927: 613,1129,2256,2255,2254,565,770,1837
1928: 626,1250,542,2167,2170
1929: 1106,256,2213,1483,442,1223,932,1626,1988,379
1930: 2100,523,164,1242,460,1033,1735
1931: 1013,421,1311,771,321
1932: 766,927,772,1926,873,1444,1899,289
1933: 1316,117,666,400,1314,1339,1387,367,2085,706
1934: 806,773,5,2287
1935: 1764,672,1603,49,1032,1366
1936: 1260,1382,260,259,1598,277,976
1937: 1535,1783,78,1649,1502,875,1078,688,1772
1938: 1865,247,2178,724,1093,368
1939: 370,2107,918,369,284,1456
1940: 2235,1764,672,485,332,2057,790
1941: 153,360,690,1909,2029,789,1917,876,1288,154
1942: 903,2060,263,1947,262,2112
1943: 102,121,101,1823,401,1363,2246,563
1944: 397,877,1399,399,943,1574
1945: 499,131,89,2017,878,110,1153
1946: 1723,323
1947: 263,1342,1852,244,1942,903
1948: 879,30,843,493,910,863,2091,1462
1949: 1035,497,319,1754,328
1950: 2338,585,1170,103,1421,857,2436,1751
1951: 2421,1208,558,370,2107,1564
1952: 1616,347,1522,840,314,774
1953: 1920,1990,782,482,67,1036,84
1954: 487,1587,1326,175,1694,195,1019,385,764,1753,1893
1955: 738,1738,412,105,1904,768
1956: 880,361,303,1037,868,1542
1957: 2114,7,371,922,1375,1419
1958: 775,1488,350,1410,1373,836
1959: 1509,106,1486,958,1460
1960: 1455,1842,1498,1424,760,417,300
1961: 953,1509,127
1962: 1262,1038,632,1709
1963: 1761,776,1310,322
1964: 2027,1375,7,373,501,618
1965: 72,777,1151,1835,1759,91
1966: 488,1332,1734
1967: 924,2116,374,22,2239,1484
1968: 489,652,120,802,1354,1780,1922,743,1777,1256
1969: 420,1902,1698,767,1133,1755,950,1994,778,1478
1970: 885,58,1051,57,2007,490,1454
1971: 346,565,172,491,1837,2250,564
1972: 101,1925,100,81,837,1566,2248,375,102
1973: 1039,53,1832,467,2215
1974: 1592,559,830,1558,119,975,978,1388
1975: 1522,840,302,880,1669,1037
1976: 1222,1581,711,254,2098,1346,1897,376,612
1977: 810,1466,24,1355
1978: 1254,881,872,624,1247,628,611,1246,56
1979: 291,1458,1610,779,1605,718,292,2025
1980: 1296,1586,720,492,1526
1981: 1440,895,1,817,378,1913
1982: 1133,2267,2259,197,420,1902,238,780,1994,1478,218
1983: 2213,1483,1040,1524,1845,2000,256,1808,963,1106
1984: 120,1592,978,1388,407,785,2005,483
1985: 882,2037,1046,1819,241,260,1598,1193,2383
1986: 765,1438,2377,2372,735,149
1987: 708,393,1567,1041,1212,1749,214,1643,2064
1988: 1450,1626,1906,442,1223,1929,448,379
1989: 43,14,1539,1588,493,2240
1990: 1920,1953,782,524,482,2077,1036
1991: 2298,2217,1611,1042,2297,575
1992: 1385,2387,1604,1257,2,715,2191
1993: 1269,1267,494,108,740,596,544
1994: 778,420,1969,1902,1982,783,394,1478,237,862
1995: 2153,1076,2338,585,1751,757,988,123
1996: 564,883,172,173,1163,1571,2058,174,1919,2331,2251,2423
1997: 1579,967,1104,2211,554,1369,2212,1545,275,381
1998: 822,1720,1536,207
1999: 2026,662,2053,896,1325,136,1379,500,884,1463,2035
2000: 1395,1263,1043,1524,1845,867,2123,1983,963,408
2001: 718,381,1579,1545,383,973,1610
2002: 784,348,1604,1257
2003: 
2004: 2065,1005,1904,768,644,1737,126
2005: 785,732,820,2226,687,407,1984,1529,138,1570,158
2006: 495,835,1052,2050,1008,59,1657,1585
2007: 1743,1010,363,634,1268,885,58,1970
2008: 385,764,215,487,1749,1752,1893,984,1643,1047
2009: 1651,498,2023,988,1495,694,886
2010: 621,190,1245,1244,386,2339,229,586
2011: 1390,9,21,2245,887
2012: 846,1642,15,430,1533,823
2013: 2257,132,1020,1841,1336,1406,526,1044,344,1128
2014: 2189,545,1853,1088,92,756,2183,786
2015: 497,317,318,1688,851,1663,1691,981
2016: 931,387,541,2155,2420,1568,1661,2417
2017: 1020,1841,2272,499,1945,131,2304,110,526
2018: 1341,1045,395,69
2019: 388,1393,279,1748,604,2407,2042,2343
2020: 730,1710,1248,211,742,1774,2119,1194,389
2021: 1639,1517,314,787,965,1654
2022: 1758,238,219,218,1263,1043,788,867
2023: 498,858,2432,1751,988,2009,1651
2024: 569,1152,2271,1834,2305,670,499
2025: 888,276,383,291,1979,1610,727,307
2026: 1999,1500,662,135,896,1289,1344,1325,500,398,884,2035
2027: 1964,793,1375,2084,920,501
2028: 1638,1700,329,1038,502,1760
2029: 1472,2129,95,532,2127,690,134,889,1941,1917,364
2030: 2055,897,1362,1024,503,671,216,1838,2048,1698,196
2031: 1469,1544,1790,890,863,1583
2032: 504,800,2072,902,1137,1853,1136
2033: 1492,1169,2390,2334,2117,505,2061
2034: 2423,883,2251,1126,891,1213,192,193,2425
2035: 884,1463,1999,2026,136,928,500,398,506,156,803
2036: 1436,2234,1762,2242,38,892
2037: 1985,882,2038,1046,261,2382,1598,2383
2038: 1449,1046,242,1822,893,2037,2382,1192
2039: 739,1718,1264,1262,502
2040: 2205,553,1692,758,1439,396,1103
2041: 1499,658,1432,1340,789,153,1887,345,1836,1578
2042: 1048,1748,388,2019,528,1697,1012
2043: 664,1574,557,1049,305,1331,1722
2044: 1585,78,1008,1370,507,431,1649,1535
2045: 1686,1050,2110,1027,1854
2046: 1914,998,40,1548,1051,1247
2047: 895,0,1359,1195,24,1440
2048: 216,1838,1019,2055,897,2030,1753,508,767,1475
2049: 297,390,1050,281,2045
2050: 42,1052,1739,1008,1370,59,2006,835,1585
2051: 1156,509,1167,584,2330,2311,94,424,113
2052: 955,249,391,1869,250,1867,1470
2053: 135,896,1374,1142,572,662,702,1541,1999,1379,500
2054: 2427,1053,28,2415,1210,2237,60,2244,1217
2055: 897,2030,503,1838,2048,1698,508,767,1475,1902
2056: 392,1669,852,1687,969,1516
2057: 332,1940,2235,790,1818
2058: 2333,898,1578,1163,1161,2332,1996,174,2331,583,2329
2059: 761,1873,1824,11,25,899
2060: 1942,903,1870,900,991,262
2061: 505,510,2390,2334,599,2391,2033,1492
2062: 1021,1843,45,427,1055,1054,1681,2075
2063: 901,2131,2218,1110,2220,752,222,1070
2064: 234,393,1987,214,984,1643,233,1798,2088
2065: 2004,1005,948,511,1737,126,1282
2066: 1073,2143,434,1055,1681,63
2067: 1413,1730,939
2068: 1040,783,394,237,862,1524,1845,2104,1808
2069: 1713,64,1056,518,1612,82
2070: 395,996,1684,411,1045,462
2071: 2081,2201,907,2085,709,512,1575,657,972,1107
2072: 1765,73,1383,1345,902,2032,800
2073: 517,842,1620,252,2088,513,1890,952
2074: 1454,809,1246,490,1776,683,792,573
2075: 994,1021,2062,1054,514,62,1238,619
2076: 1852,808,1447,759,1870,903
2077: 65,1057,782,524,1990,1036,725
2078: 396,217,1781,1439,1755,950,553,1803,1058,745,236
2079: 679,2345,904,587,2342,1485
2080: 398,645,1289,1344,1325,905,1161,2332,884,176,2347,1357
2081: 2071,2201,512,1575,1693,657,972,515,1107,178,2358
2082: 1517,1624,1924,484,301,1639
2083: 2412,304,603,397,877,1207,2413
2084: 847,793,1600,2027,920,2111
2085: 907,706,1933,1316,1339,367,1312,1384,709,512,2071
2086: 875,1078,1590,2289,2161,516,2206,1004,540,2158
2087: 1311,771,587,295,309,908
2088: 252,1810,1006,1797,233,234,2064,517,2073
2089: 1926,612,909,1450,1626,873,290
2090: 1011,1745,2096,521,1851,1026
2091: 1462,1948,30,1518,1465,427,1015,1843
2092: 2205,553,2200,2199,519,1105,1322,235,1291
2093: 1386,18,2114,7,911,373
2094: 1131,2269,568,520,1523,1023,1846
2095: 1333,724,912,1879,1606
2096: 521,1306,2090,524,2102,1724,1026,1057
2097: 1532,435,864,1685,913,1859
2098: 711,1290,522,272,1976,1581,1346,1897
2099: 654,548,1307,66,914,1920
2100: 523,1930,1551,622,164,1242
2101: 1879,925,1333,947,1867,915
2102: 782,524,1306,47,2096,521,1057
2103: 1165,432,311
2104: 960,1788,1329,1512,237,2068,1323,525,256,1808
2105: 
2106: 2303,109,2304,1153,2374,1227,1231,130,650
2107: 370,1939,918,558,682,1951,1564
2108: 527,748,416,1821,1443,1449,1046,882
2109: 801,922,2114,911
2110: 997,1686,1048,2045,528,1027
2111: 920,1790,1600,2084,438,890,879
2112: 1686,529,1942,263,262,997
2113: 957,2369,1726,1482,695,951,754,921
2114: 1957,7,922,2109,911
2115: 618,1235,1427,1469,31,923
2116: 924,1967,374,1407,461,1762,2242
2117: 2184,546,1169,2334,2033,1492,471
2118: 2121,770,613,616,1837,531,1248,1061,211,1740
2119: 742,1774,1740,191,2020,1060,2357,2120
2120: 2357,213,1774,2119,1060,2424,1744,212,1179
2121: 2118,770,150,613,616,1061,211
2122: 2275,1139,2208,2209,570,815,95,1062,2282,2274,115
2123: 2125,1064,1263,1273,2000,1395,1066,408,2128,534
2124: 2183,1065,954,2189,545,2129,2174,1089,684,1360
2125: 2123,1064,1273,633,636,1395,1270,1066,258,2128
2126: 637,636,220,221,1272,1270,258,2405
2127: 95,532,2276,2129,114,1489,1062,690,134,2029,1472
2128: 1104,534,2125,2123,1066,408,2211,554
2129: 114,1489,1138,2124,1065,2127,1360,134,1909,2029
2130: 1067,2141,1892,186,986
2131: 2063,901,1467,2139,201,855,2220,796,752,222
2132: 494,108,639,1277,1069,2315
2133: 202,1110,183,2219,1070,2136,2221,535,223
2134: 462,52,1071,1809,536,620
2135: 127,1477
2136: 1070,752,1802,202,2133,1309,416,1821,535
2137: 70,69,1809,536,1750,1239
2138: 533,1283,2135,1892,1477
2139: 201,855,2131,440,796,1068,222
2140: 667,1341,69,1750
2141: 167,474,1283,1892,986,2130
2142: 19,32,1072,2143,2403,2145,46
2143: 1072,1073,2066,2142,63,2145,46
2144: 1306,2403,537,2145,46,1745,521
2145: 46,1745,2143,2142,2403,537,2144
2146: 451,2149,538
2147: 106,729,1074,86,1721,1460
2148: 538
2149: 343,2146,87,426,1514
2150: 1077,142,1411,2177,845,2152,838,539,1599
2151: 2285,571,2177,1092,1435,838,539,1141,615,2284
2152: 845,142,1411,143,2150,1077
2153: 1995,1076,122,2185,757,142,123,143
2154: 1079,98,1130,2268,2160,118,1361,1295,2264,567
2155: 541,387,1080,1568,1268,931,2016
2156: 1373,2159,1081,404,387,541
2157: 387,1080,1378,1081,41,1266,27
2158: 540,97,1590,2086,437,1134,1719,2262,1130,2160,98
2159: 1373,2156,836,1211,541,606,2420
2160: 1880,1719,2158,97,2281,1079,98,2154,116,1295
2161: 516,2292,1144,2289,697,1502,77,1078,1590,2086
2162: 2167,2170,1082,874,169
2163: 1083,1082,2162,169
2164: 1084,312,2166,543,1085
2165: 300,1424,2166,1218,2428,1085,1618
2166: 312,417,2165,300,2164,543,1085
2167: 542,1928,1082,2162
2168: 1426,1924,1084,2164,543,484
2169: 168,993,2003,384
2170: 148,1928,2162,874,1087
2171: 635,1269,148,544,479,1915
2172: 544,1267,1190,1915,129,1086
2173: 1298,1191,2374,1086,781,2380,1438,170
2174: 786,1315,545,2183,2124,1089,684,133
2175: 1125,1090,1780,141,1402,2188,744,743,1092
2176: 2181,1278,229,2336,640,1091
2177: 1092,1435,1090,744,2150,1077,2151,539,1141
2178: 1547,1279,230,1938,247,1093
2179: 336,1430,1094,34,2182
2180: 1644,1650,445,1095,444,1307
2181: 2176,640,1091,1279,230,546
2182: 2179,336,1503,917
2183: 2124,1065,2187,113,954,2014,2189,545,1489,2174
2184: 546,2117,230,1093,912,471
2185: 122,547,2153,1076,1125,1090,142,2188,143
2186: 602,2400,33,1474,1095,548
2187: 1088,579,509,2312,113,954,2189,2183
2188: 142,2249,122,547,2185,1125,1090,2175,143,1077
2189: 2014,545,2187,1088,954,92,2183,2124,786
2190: 549,1488,1408,2192,1097,422
2191: 1257,2,1992,1385,3,1337,380
2192: 798,1337,1408,4,1097,2190,549
2193: 630,2,1368,3,1096
2194: 799,425,550,1099,1342,1098
2195: 643,1285
2196: 550,1099,1779,1685,913,246
2197: 1050,263,799,2194,1098,529,281
2198: 1313,1352,1312,657,1102,157,1367,811,1471,2204,552
2199: 1017,519,1798,854,1103,2205,2092
2200: 2205,553,396,1803,1058,2092,1105,646,1322
2201: 2081,2071,907,1575,657,1102,157,552,1182,1107,178
2202: 2367,593,1017,519,235,1351,253,1898
2203: 551,2208,2290,792,573,2293,1429,1101,1100
2204: 811,1471,2198,1313,1102,157,552,1594,566,177
2205: 553,2200,2040,854,1103,2199,2092
2206: 1004,1506,1719,1100,77,516,2086,76,815
2207: 1182,1107,178,552,1135,566,177,592,2263,2362
2208: 2203,551,2290,1100,77,2209,2275,2122,1139,76,815
2209: 2277,2276,570,1429,1101,551,2208,1138,2275,2122,95
2210: 932,257,1483,692,1106,2212
2211: 554,1066,258,2128,601,2401,2405,1997,967
2212: 1369,692,1104,534,2210,257,1997
2213: 1483,1983,1040,256,963,1223,1929,1106
2214: 1039,53,2216,555,1109,839,1611
2215: 1875,1973,53,1109,1108
2216: 555,1572,1039,53,2214,839
2217: 1109,1108,54,1611,2298,1991,1149
2218: 1445,556,971,689,1467,2063,901,2220,1111
2219: 183,1110,1631,1070,202,2133,2221
2220: 1110,1111,2218,2063,901,2131,183,752,1070
2221: 1175,2348,183,2219,2353,1631,202,2133,588,223
2222: 473,1885,733,1009,1112,318
2223: 1113,2421,1951,1564,2228
2224: 298,1505,337
2225: 2229,1350,1885,1115,475,1112
2226: 1446,687,1116,119,2233,1388,407,138,2005
2227: 99,559,335,1901,2260,1118,2268,1558,2232,119,2233
2228: 1564,2223,829,283,1480
2229: 306,1232,2230,557,1350,1365,1115,2225
2230: 557,1230,1232,2229,306,1115
2231: 2419,265,677,558,1209,1208
2232: 118,1361,1130,1118,2268,2227,559,1116,2233,567
2233: 1116,119,2268,99,2227,559,1558,2232,1361,2226,1446
2234: 23,1119,465,1762,2036,1436
2235: 1940,485,2057,2241,1120,790,1747
2236: 1121,2243,790,1747,68,1334
2237: 1210,1122,1511,28,562,2054,2427,816,2244
2238: 606,2420,1211,43,1123,2416,1122,28,2417,1210
2239: 980,1785,22,1967,1629,1484
2240: 493,910,1989,43,1123,2416,29
2241: 1120,2426,85,485,1742,2235,1747
2242: 1762,2116,374,2036,560,38
2243: 2236,1121,1120,1747,561,2365
2244: 816,44,1210,2237,562,1015,2054,2427,1217
2245: 21,1433,887,1117,22
2246: 1363,2341,563,1943,102,121,2247,1335,2249
2247: 1335,121,2246,563,926,2249,141,1402,1125
2248: 375,1124,101,1925,1972,837,1566,102,121,1814
2249: 2246,563,2337,2247,547,141,1125,2188
2250: 1837,531,770,346,1971,1740,1127,2251,891
2251: 1126,891,2250,346,564,883,1996,2034,2423
2252: 2424,192,1805,193,2425,2422,607,1212
2253: 1127,191,1740,1126,891,1060,2424,192
2254: 565,151,2256,152,2255,763,613,1129,1927,1837
2255: 152,1317,763,1887,1927,2254,565,491
2256: 151,2257,132,1317,1128,152,1229,1129,1927,2254
2257: 132,2013,1044,1128,1227,151,2256
2258: 460,1033,1131,2269,2266,1132,163
2259: 2267,2261,1135,946,196,1452,197,198,1902,1982,1133
2260: 1118,2268,437,1134,1772,335,2262,1130,2227,118
2261: 2267,2259,1135,566,2363,2263,946,1452,197,198,1133
2262: 1130,1590,437,1134,335,2158,97,2260,2268,98
2263: 2363,592,2207,1135,566,177,1183,2261,198
2264: 117,666,1079,2154,118,647,1295,567,400
2265: 1599,568,1634,838,164,1131,1033
2266: 1846,2269,2258,971,648,163,182,1293,1617
2267: 2259,2261,946,1452,197,198,1982,1133,1812,780
2268: 2260,1118,335,2262,1130,2227,2154,2232,118,1361,2233
2269: 1131,2094,568,2258,1846,2266,163
2270: 2272,111,2271,71,1137,569
2271: 91,1152,71,2024,569,2270
2272: 2270,111,1137,569,678,499,131,2017,1841
2273: 1136,678,504,111,92,756,1863
2274: 115,2279,2122,1139,76,815,1062,2282,1143,366
2275: 2122,1139,551,2208,2209,2276,570,76,1062
2276: 2277,2209,570,424,1101,1138,2275,114,95,2127,1062
2277: 2209,2276,570,424,2328,1101,551,1138,114
2278: 1374,1142,2282,115,2279,1143,2281,366,572,135,1541
2279: 2274,115,1139,815,1506,2282,96,1143,2281,2278
2280: 162,615,2284,2285,1140,181,161
2281: 96,1143,2279,1880,2160,2278,572,1294,116
2282: 1062,2122,1139,2274,115,2279,1921,889,366,2278
2283: 355,181,2300,944,161,1683,453
2284: 615,2280,1225,2285,2151,571,1140,181
2285: 2151,571,1435,1225,1141,615,2280,2284
2286: 15,723,1635,5,2288,1146
2287: 5,2288,1934,773,2291,1147
2288: 5,2287,1147,2286,15,430
2289: 1144,2292,1145,2293,697,1100,77,2161,516,2086
2290: 792,573,809,1145,2293,1429,2203,2208,1100,77
2291: 1147,773,351,2287,1632,574
2292: 1145,2293,1657,495,835,1144,2289,2161
2293: 2292,1145,2290,573,2289,2203,1100,77,516
2294: 675,777,2298,1149,1303,72,575
2295: 1434,1148,1150,199,1521,962,1703,200
2296: 1151,1835,1071,707,620,1356,2302
2297: 707,1042,1991,72,575,1151
2298: 1991,2217,1149,1303,575,2294
2299: 428,1608,1392,1519,1580,1148,1150,576,1521,962
2300: 180,2301,1496,1228,2283,355,685,1707,1876,1683
2301: 180,2300,1496,159,1148,1150,576,355,1434,685,1876
2302: 1152,1356,2296,1835,577,91,670
2303: 2106,109,2304,1153,2374,2373,1298,130
2304: 110,1153,2017,526,1044,2303,2106,1227,1231
2305: 1834,670,577,90,828,2024,1559
2306: 1155,2308,165,594,1881,578,1556
2307: 979,1154,648,1659,1292,2309,1619
2308: 1155,2306,1280,1416,865,578,1556
2309: 185,2370,2307,979,1154,2351,1715,700
2310: 2311,579,74,1157,1345,509,2312
2311: 2310,579,2313,55,74,1156,509,2051,2312
2312: 1853,1345,2311,2310,579,800,2187,1088
2313: 55,74,1221,2330,56,2311,1156
2314: 382,1665,1159,580,2320,822
2315: 639,2322,2132,494,1160
2316: 1250,1162,2323,2322,626,635
2317: 1012,280,1164,1398,1538,853
2318: 1165,581,2321,296,1538,432
2319: 296,728,1164,1697,1396,2321
2320: 226,580,2314,818,822
2321: 1396,296,2319,1468,2318,581
2322: 582,639,2315
2323: 128,1276,582,2322
2324: 2325,1158,463,205,818,1515
2325: 2324,1158,1712,206,580,818
2326: 1166,1254,1246,584,2330,56,75,1493,94
2327: 1138,1167,424,113,954,1065,114,1489
2328: 94,424,1166,1493,1167,1429,1101,2277
2329: 583,2058,905,2332,174,176,2347,1674,194,1177
2330: 584,56,628,1255,2313,55,2326,1156,2051
2331: 174,1919,1163,1571,2333,2058,883,1996,583,1014
2332: 905,1161,645,2333,898,2058,2080,583,2329
2333: 898,2058,1836,1457,1578,645,173,1163,2332,2331
2334: 2390,210,2392,1091,1169,2340,2117,2033,2061
2335: 2337,1168,2341,2338,1170,122,1076
2336: 586,1171,229,2176,1091,2340
2337: 1168,2335,1363,2341,563,2249,122,547,1076
2338: 1950,585,1170,1421,1168,2335,1751,1995,1076
2339: 1806,171,2010,621,586,1171,1016
2340: 1091,1169,2336,1171,210,2334
2341: 1363,2246,563,401,668,681,2337,1168,2335
2342: 587,2345,294,2344,660,2079,295,1485
2343: 728,804,2407,388,2019,1173
2344: 294,660,1172,293,2345,2342
2345: 1409,1172,679,2344,2079,2342
2346: 1357,803,1463,2350,1461,1177,1362,155,1176
2347: 176,2350,905,2080,2329,1357,1674,194,2349,1177
2348: 2221,1175,202,588,223,418,1308
2349: 589,1177,2347,1674,175,194,1176,1587,195,1019
2350: 176,2347,398,2346,1357,803,1674,589,1177,155,1176
2351: 979,2309,2353,1619,700,1175,2352,203
2352: 224,203,2351,1508,1715,700,1174
2353: 1619,1631,184,979,2351,2221,1175,203
2354: 339,213,1179,2422,607,1212,1792,708,1567,1794
2355: 1792,591,213,2356,1181,339,1031,232,849,1794
2356: 231,2386,1181,1744,212,213,2391,591,2355
2357: 2120,213,2119,1060,2424,212,1179,607
2358: 179,1580,2081,834,515,1182,1107,1324,2362
2359: 349,423,2363,794,1324,1183,1491,1855
2360: 590,2365,1121,1180,870,1403
2361: 886,1866,124,439,622,1240
2362: 1324,1183,1182,2207,1107,179,1580,2358,2363,592,1521
2363: 592,2263,1324,1183,2362,2261,1491,197,198,2359
2364: 1178,124,738,1738,145,1240,125
2365: 561,1121,2243,1180,409,2360
2366: 270,2394,957,1507,1185,372
2367: 593,2202,1006,1726,2369,1185,253
2368: 1199,2396,2394,1184,287,271,600
2369: 957,2113,1726,1482,2367,1185
2370: 185,2309,1187,1881,357,1154
2371: 1188,1299,650,150,1249,616,625
2372: 468,735,1986,149,714,1244,1189
2373: 2374,2378,2375,109,1190,1191,2303
2374: 2373,109,1191,2303,2106,2173,1298,130
2375: 109,878,740,1766,2378,596,2373
2376: 2381,594,1735,989,1187,1659,1881
2377: 2380,1438,1986,595,149,190
2378: 596,1766,1267,2375,109,1190,2373
2379: 1280,1287,146,1186,165,1155
2380: 1438,2377,781,2173,1298,595,170,1249
2381: 165,594,2376,523,1186,1735,989
2382: 261,1449,2038,1046,1822,882,2037,1192,2383,2385
2383: 1598,1193,1985,2037,261,2382,597,2384
2384: 597,261,1193,2383,1261,2404,278
2385: 2399,261,2382,243,1192,597,736
2386: 231,2356,1181,1196,1744,212,599,2391
2387: 598,1349,715
2388: 1359,0,2389
2389: 598,2388,1359
2390: 2334,210,2392,599,2391,2033,2061
2391: 599,1196,2390,231,2356,2386,505,2061,510
2392: 1194,1196,1016,210,2390,2334,599
2393: 0,810,1195
2394: 270,2366,1507,1199,2368,1184
2395: 2397,2435,287,271,600,1241,610,1198
2396: 1199,2368,522,1346,1897,600,1241,1030
2397: 2435,2395,429,623,1198,2430,2429,1219
2398: 601,2401,2405,1819,1205,1202,967,2402,1545
2399: 2385,243,597,1733,736,278,1201,1203
2400: 2186,602,1200,33,1204,537,2406
2401: 601,2398,2405,258,637,240,2211,1205,241,1202
2402: 1545,601,2398,1202,260,259,973,1382
2403: 1204,537,19,32,2142,2145,2144
2404: 2409,1193,597,2384,1261,278,1201,631
2405: 601,2398,2401,1066,258,637,2126,2211
2406: 47,1204,537,602,2400,1306,654
2407: 604,1319,1201,279,388,2019,1173,2343
2408: 1200,32,1427,856,1234,19
2409: 2404,1261,278,1201,631,604,1319
2410: 1207,316,603,303,2413,1542,2411,1850
2411: 1613,1850,2410,316,1206,1542,470
2412: 2083,304,603,1911,1899,877,1207
2413: 1206,305,2083,397,1207,2410,316
2414: 1209
2415: 28,1661,2417,1210,1370,60,2054
2416: 1123,1122,1588,1211,43,2240,606,2420,2238
2417: 28,1661,2415,2420,2238,931,2016,1210
2418: 1113,282
2419: 2231,1425,265,677,558
2420: 606,2238,2159,541,2416,2016,28,1661,2417
2421: 1208,1951,1209,1113,2223
2422: 1179,607,2252,1805,1041,1212,1792,2354,1567
2423: 2034,883,1996,1919,2251,1014,1213,193,2425,365
2424: 192,2252,2253,1126,1060,193,2357,2120,1179,607
2425: 1805,795,193,2034,2423,1213,2252,365
2426: 2241,1120,85,2434,1216,104,561
2427: 2054,1053,1210,2237,60,2244,44,608,1217,61
2428: 1218,610,1424,287,1872,2165,1618
2429: 2430,1219,2397,2435,286,1839,1616,840
2430: 2429,1219,1218,610,2397,2435,286,1618,1839,1616
2431: 61,456,44,608,2433,1217,848,712
2432: 498,858,2023,104,1732,561,409
2433: 608,1217,1053,431,2431,1535,1783,848,712
2434: 609,1828,1667,2426,85,1216,1732
2435: 2397,2395,287,1218,610,1198,286,2430,2429
2436: 857,406,1214,609,103,1216,1732,1950,858
2437: 816,44,1795,1577,61,456,1678,1696,1215