0: 598,1195,930,895
1: 1197,930,715,378,817,934
2: 1257,630,3,380,1096
3: 380,1096,13,798,1097
4: 723,798,1146,549,350,846
5: 630,773,806,1096,723,15
6: 352,371,919
7: 17,371,922,501,793,373
8: 801,860,911,20
9: 10,805
10: 377,805
11: 761,817,12,831
12: 934,817,13,11,831,26
13: 3,380,934,12,1097,26
14: 846,823,350,836,1211,493
15: 1147,5,773,723
16: 496,574,812,430,847
17: 7,812,352,371,847
18: 1235,911,8,443,1234
19: 856,1234,923,1072,1200,32
20: 860,8,336,693
21: 35,887,1117
22: 980,1117,924,374,36
23: 929,992,478,1119,892,465,698
24: 810,1195,377,378
25: 899,1252,11,761,831,825,39
26: 1253,12,13,1097,831
27: 674,41,1081,1266,1268,1080
28: 60,387,606,1123,931,1210
29: 493,910,43,30,427,1122,816
30: 427,910,879,863,29,45,1021
31: 890,923,434,1073,1072
32: 1200,1204,19,1072,46,537
33: 602,856,956,1200,1204,548
34: 1094,917
35: 21,968
36: 374,22,560,861,983,37
37: 611,374,36,560,38,983,362
38: 560,1119,892,359,37,362
39: 627,998,698,899,25,1252,1007
40: 359,1007,998,872,1051,1247
41: 825,674,627,27,1266
42: 1268,1080,931,1052,1010,1008
43: 1123,1211,493,910,29,1122
44: 562,816,1015,1217,1215,61
45: 434,863,30,427,1021,1054,1055
46: 1011,1073,1072,32,63,537
47: 1204,602,1306,654,524,782
48: 653,444,935,1304,1028
49: 1305,447,1032,1034,672
50: 1028,447
51: 411
52: 839,411,462,1071,707
53: 467,354,356,1039,1109,1108
54: 356,1302,1149,651
55: 1221,1255,1220,419,1156,74
56: 584,628,881,624,1255,1254
57: 885,1051,1247,1246,75,490
58: 634,885,1010,490,809,59
59: 495,58,1052,1010,809,1145
60: 28,931,1210,1008,1053,507
61: 712,1217,44,1215,608,456
62: 747,476,1054,63,1055,1238
63: 1055,1073,46,1011,62,747
64: 719,747,476,518,1056,82
65: 1057,1026,480,725,406,769
66: 444,1304,914,1305
67: 85,84,663,482,1032,1036,485
68: 790,751,1120,665,561,1121
69: 70,1237,1045,395,667,536
70: 69,1237,667,88,1277
71: 91,777,902,1152,569,1137
72: 1042,707,575,1151,91,777
73: 675,93,419,902,1157,800,504
74: 1156,55,419,1157,579,509
75: 1254,1246,57,490,1166,683,792
76: 516,77,1100,1139,815,1004
77: 1145,1144,573,1100,76,516
78: 431,507,835,697,848,875
79: 608,712,848,688,704,335
80: 100,712,456,964,704,746
81: 1236,100,850,837,375,101
82: 850,719,64,1056,722,83
83: 722,82,850,101,401,102
84: 67,85,482,725,1036,1214,609
85: 67,84,485,609,1120,1216
86: 729,1074,106,1005,948
87: 426,343,751,451,665
88: 1277,582,639
89: 577,828,499,740,109,878
90: 1239,670,577,1069,828
91: 71,72,1151,670,777,1152
92: 1088,800,1136,504,678,756,786
93: 1303,762,1220,675,419,73,1157
94: 584,1156,1166,424,509,1167
95: 114,532,1138,1101,570,1062
96: 1004,815,97,1143,572,116,1294
97: 540,96,1004,1079,98,116,1294
98: 1079,540,437,1134,97,1130,116
99: 704,335,746,827,1118,559
100: 80,964,1236,81,837,746
101: 81,850,83,375,102,1124
102: 401,83,101,1124,563,121
103: 858,406,1214,681,1170,857,585
104: 857,1216,561,409,498
105: 738,870,590,86,412,1005
106: 1074,807,953,948
107: 127,953,642,958
108: 828,494,1069,1267
109: 596,740,89,1153,878,1191
110: 1044,131,1020,1153,878,526
111: 1020,569,1137,1136,131,678
112: 344,1315,1089,133,1317,658
113: 579,509,1167,1088,545,954
114: 95,532,1138,954,1065,134
115: 1139,815,1062,889,366,1143
116: 1294,647,96,97,1079,98,1295
117: 1316,647,1295,1314,666,367
118: 1118,1130,559,567,400,1116
119: 830,827,559,1116,975,407
120: 975,407,978,785,489,483
121: 563,1125,102,1124,926,141
122: 1168,1170,563,1125,1076,547
123: 757,1076,988,585,143,144
124: 622,757,886,1178,439,1240
125: 145,1240,412,1178,738,1286
126: 1005,511,737
127: 107,533
128: 1276,582,1251
129: 781,544,1190,479,1086,765
130: 1153,1191,526,1231,1298,650
131: 499,569,1020,111,878,110
132: 1128,1020,678,756,1044,344
133: 1315,1089,684,112,789,658,345
134: 690,114,532,1065,684,360
135: 1142,896,366,364,696,702,662
136: 896,702,137,500,706,506,928
137: 659,1314,572,647,702,1316,136,706
138: 666,367,400,687,820,709
139: 826,999,732,140,158,834,428
140: 732,158,1300,826,139,1301
141: 1090,926,1125,121,802,744
142: 539,1090,547,143,1092,1077
143: 1076,547,123,142,1077,144
144: 439,845,143,757,123,1077
145: 125,1240,1286,146,1242,1287
146: 1242,145,1287,165,1186,1280
147: 1281,641,737,167,865,986,334
148: 544,635,1269,1250,1087,479
149: 781,735,765,170,1189,1244,595
150: 1229,613,1231,650,1188,616
151: 1044,1128,1227,152,1229,1129
152: 1317,763,1128,151,1129,565
153: 789,154,345,645,1288,814,173,898
154: 360,876,789,153,645,1288
155: 156,1176,803,403,671,1024
156: 155,884,506,1313,928,803,811,403
157: 1313,928,1312,657,1102,811
158: 732,140,820,785,999,139
159: 1148,826,1301,1228,629,576,180
160: 1228,629,1256,1258,1225,1140
161: 453,181,1140,615,162,944,971
162: 1141,615,1023,520,161,944,971
163: 648,1023,1132,1131,182,1293
164: 568,439,845,622,523,1033
165: 594,1186,146,1280,1155,578
166: 1155,578,680,357,866,463
167: 737,1063,474,986,334,1067
168: 1083,169,993,188
169: 1082,874,1083,168,188
170: 781,1086,1299,149,1249,595
171: 1245,625,1248,1233,621,730
172: 491,814,173,564,883,1163
173: 345,153,491,814,172,898,1163
174: 194,583,883,1163,365,1014
175: 194,1177,1014,589,487,195
176: 1176,803,398,884,1177,905
177: 946,811,403,552,1024,1135,196
178: 1182,1102,1107,515,552,566
179: 515,834,1182,962,428,592,794
180: 1228,629,1148,159,181,355,685
181: 453,161,1228,1140,180,944,355
182: 1023,971,163,556,183,1293
183: 182,556,1111,1293,1110,184
184: 1175,202,183,1292,1293,1110
185: 357,1187,979,1154,700,204
186: 990,986,1067,1002,206,1159
187: 464,713
188: 993,169,705,341,189
189: 993,188,468,726,209,1003
190: 595,1244,1245,386,586,621
191: 1127,1126,531,211,742,1060
192: 607,1212,1126,891,1213,193
193: 749,1213,365,192,1212,795
194: 174,583,1177,905,1014,175
195: 764,175,589,487,216,1019
196: 1024,177,946,503,897,1133,767
197: 1133,946,1135,198,566,423,780
198: 592,566,1182,1135,197,423,1183
199: 1150,962,794,200,349,673,859
200: 1148,1150,199,685,673,353,832
201: 453,944,855,355,689,1068,901
202: 1175,184,1110,535,588,223
203: 979,1175,700,588,224,1174
204: 938,700,357,185,866,661
205: 463,866,818,1158,1320,1321
206: 818,1158,1002,186,1159,580
207: 713,822
208: 977,721,985,459
209: 726,1003,721,228,1000
210: 1171,1016,1194,1091,1169,505,599
211: 1061,531,1248,1233,191,742
212: 1196,591,389,742,1060,213
213: 1060,607,591,212,1179,339,1181
214: 385,749,215,1041,393,984
215: 795,487,749,764,214,385
216: 1019,508,764,195,758,414
217: 950,508,414,396,236,745
218: 420,780,238,783,394,867
219: 349,1183,423,859,238,788,1265
220: 637,1270,1271,636,221,1272
221: 440,1271,796,220,1272,415
222: 748,796,1068,1070,901,752
223: 588,418,202,535,655,1308
224: 203,588,418,1174,808,446
225: 1099,933,449,454,425,550
226: 818,1320,822,435,864,227
227: 822,966,970
228: 1000,721,985,247
229: 386,586,1278,640,1171,1091
230: 1091,640,1279,1169,1093,546
231: 1196,591,599,510,1181,1031
232: 338,982,339,1181,849,1031
233: 517,849,708,393,842,234
234: 1017,854,393,984,517,233
235: 519,1105,593,1291,253,272
236: 396,414,217,745,553,530,1058
237: 525,1040,862,783,394,960
238: 423,219,218,780,788,1265,867
239: 433,859,1265,636,633,1273
240: 1205,601,637,1272,415,258,241
241: 882,1272,527,415,1205,240,1046
242: 243,1192,893,655,1308,759
243: 1192,242,900,759,597,736
244: 425,446,808,903,799,263
245: 813,1284,1226,1285
246: 913,550,813,1284
247: 228,985,1279,248
248: 985,247,1279,942,368,1093
249: 915,471,925,955,250,947
250: 947,955,391,949
251: 1275,1274,703,513,269,951
252: 842,517,513,1006,951,952
253: 593,235,1185,957,272,1199
254: 1290,1059,255,711,1222,273
255: 960,525,254,1059,1223,273
256: 1223,525,1040,963,1106,379
257: 692,1106,1104,932,716,275
258: 637,1270,1066,240,601,554,967
259: 276,1202,260,973,976,1260
260: 1193,1205,882,1202,259,976
261: 278,882,1046,1192,1193,597
262: 991,900,903,263,529,997
263: 799,425,244,903,262,529
264: 1284,457,245
265: 469,677,605
266: 724,915,471,682,918
267: 369,686,250,947,949,638,268
268: 638,1275,1274,750,410
269: 951,1274,251,695,753,754
270: 921,957,372,1184,287,760
271: 1184,600,287,1241,610,1198
272: 711,235,1291,253,1199,522
273: 254,255,1223,1222,442,909,612
274: 937,448,932,716,452,943
275: 718,257,381,1104,716,779
276: 259,383,973,1260,888,727
277: 1318,976,1260,1261,727,631
278: 261,1193,597,1201,1261,1203
279: 736,991,1203,1048,604,388
280: 1027,528,1012,741,1164,853
281: 799,1098,529,1226,390
282: 1208,1113,283
283: 1113,829,282,298
284: 369,686,370,750,829,701
285: 753,754,833,340,417,312,936
286: 1085,1218,1219,610,841,347
287: 760,270,1184,271,1218,610
288: 1243,289,429,623,361,880
289: 766,927,772,1243,288,361
290: 873,442,379,448,772,909,937,274
291: 888,718,383,292,779,1232,307
292: 779,452,291,617,1232
293: 631,1318,1319,660,294,1172
294: 1172,293,660,472,587,295
295: 294,472,908,587,1311,309
296: 1164,804,728,581,1165
297: 741,390,614,821
298: 829,701,283,699,1114
299: 750,410,701,833,340,699
300: 1084,417,760,312,1085,1218
301: 906,484,841,347,314,787
302: 1037,880,429,840,774,852
303: 361,603,1037,880,316,1207
304: 937,766,877,603,397
305: 877,399,397,664,1206,1049
306: 557,1230,1232,307,1115,402
307: 888,291,1232,405,306,402
308: 669,405,679,402,477,904
309: 656,1311,295,581,310
310: 581,656,309,311,1310
311: 1165,310,916,1310,481
312: 731,936,285,417,1084,300
313: 871
314: 347,301,774,787,965,315
315: 314,774,852,965,969
316: 1207,303,1206,470,1029,720
317: 733,981,318,851,497
318: 981,473,1112,317,733,1009
319: 497,329,1035,1001
320: 1009,739,329,502
321: 755,771,1264,894
322: 1264,1013,1262
323: 1018,787,965
324: 969,450,797,1022
325: 1025,819,649
326: 961,455,492,797,1025
327: 819,1296,851,1035,649,1297
328: 1035,319,1001,1297
329: 1038,502,1001
332: 1034,672,941,790,343,751
333: 853,676,432
334: 986,147,167,865,680,1002
335: 688,79,704,1134,99,1118
336: 693,20,1094,34
337: 298,699,1114
338: 982,232,391,1031,949,703
339: 1181,591,213,1179,849,708,232
340: 833,410,753,299,285
341: 705,466,735,188,189,468
342: 375,830,1124,926,975,978
343: 751,941,451
344: 112,678,756,1315,132,1128,1317
345: 658,133,789,763,153,814,173
346: 565,491,770,531,564,1127,891
347: 286,1219,841,840,301,314,774
348: 784,1257,2,630
349: 219,1183,592,794,199,673,859,1265
350: 4,549,775,846,14,836
351: 734,773,844
352: 371,844,6,812
353: 200,673,440,832,433,1271
354: 356,968,458,467,53
355: 855,685,1148,180,453,181,201,832
356: 354,53,358,1108,54,1302
357: 185,578,1187,166,866,204
358: 861,354,356,54,1302,987
359: 892,1007,362,872,40
360: 876,154,684,134,690,789
361: 289,766,288,603,880,303
362: 872,38,359,37,611,881
363: 1051,627,998,1266,634,885
364: 696,690,889,366,876,135
365: 1213,883,174,1014,193,795
366: 1143,115,889,364,135,1142
367: 138,666,117,1316,907,709,512
368: 1093,248,945,717
369: 267,686,918,370,284
370: 918,558,284,1113
371: 352,6,919,7,17,922
372: 695,921,754,270,417,760
373: 618,922,911,1235,18
374: 36,924,461,22,560,37
375: 81,837,101,830,342,1124
376: 927,711,1222,1030,522,612
377: 810,10,24,805,992,929
378: 930,895,1,24,817,478
379: 442,1223,256,1106,448,932
380: 3,1257,2,715,934,13
381: 1104,554,967,275,718,973
382: 1159,580,713,822,207
383: 973,718,276,779,888,291
384: 168,993,726,977
385: 214,215,764,758,984,1047
386: 586,1244,190,714,1278,229
387: 1081,541,606,1080,931,28
388: 1173,279,1048,604,1012
389: 730,1248,742,1016,1194,1196,212
390: 281,1226,614,643
391: 1031,510,955,338,250,949
392: 852,1037,868,969,961,455
393: 1041,214,708,984,233,234
394: 783,218,867,1040,237,1043
395: 996,1045,462
396: 236,758,414,217,1047,1103,553
397: 603,304,877,305,1207,1206
398: 1289,662,1161,884,905,176,803
399: 617,877,943,1230,305,664
400: 567,118,1116,138,666,687
401: 102,722,83,668,1168,563
402: 1115,307,405,306,669,308
403: 811,1313,155,156,1024,177
404: 541,1253,422,775,674,1081
405: 888,727,307,679,402,308
406: 769,65,725,1214,681,103
407: 975,120,119,1116,687,785
408: 534,1064,1263,963,1043,692
409: 561,104,1180,498,694,590
410: 753,268,1274,750,299,340
411: 51,996,462
412: 1178,694,590,886,105,738,125
413: 1092,744,743,1256,571,1225
414: 764,216,508,758,217,950,396,236
415: 527,221,748,796,1272,416,240,241
416: 748,752,1309,527,415,893,1046
417: 754,372,285,760,312,300
418: 588,223,224,655,1308,808
419: 762,1220,55,93,74,73,1157
420: 218,780,1133,778,767,783
421: 477,904,908,587,321,771
422: 549,775,1097,26,1253,404
423: 198,592,197,219,1183,780,238
424: 1166,683,94,1167,1138,1101
425: 244,446,933,1099,225,799,263
426: 87,1075,1074,807
427: 30,29,45,816,1021,1015
428: 576,962,834,826,139,179
429: 1198,623,1219,288,840,302,880
430: 1146,1147,16,496,846,823
431: 78,1053,507,1217,608,848
432: 1164,296,853,1165
433: 239,673,859,353,1265,1271,636
434: 45,890,863,31,1073,1055
435: 864,226,822,227,913,966
436: 699,731,936,337
437: 1134,1078,875,688,540,98
438: 496,847,843,793,920,879
439: 144,845,757,622,124,164
440: 832,855,353,1068,1271,221,796
441: 
442: 379,1223,273,448,909,290
443: 1234,8,20,336,693,856
444: 1095,653,48,548,1307,1304,66
445: 1095,34,917,956,653
446: 425,244,224,933,1174,808
447: 1028,50,49
448: 932,442,379,290,937,274
449: 938,661,959,933,454,225
450: 939,315,969,324
451: 538
452: 716,274,292,779,943,617
453: 161,181,944,355,201,689
454: 959,449,864,225,550,913
455: 961,326,392,868,1029,492
456: 994,964,1215,61,712,80
457: 966,970,1284,264
458: 35,21,968,980
459: 208,985,942
460: 523,1132,1033,594,1186,989
461: 1119,805,992,924
462: 411,395
463: 205,166,680,866,1158,1321
464: 691,1067,187
465: 698,929,23,478,892
466: 735,765,1087,479,705,341
467: 53,968,710
468: 341,735,189,1189,1003,714
469: 945,717,677
470: 1206,316,1049,720,974,733
471: 915,249,912,546,925,724,266
472: 660,1173,294,804,728,295
473: 1049,664,557,1112,733,318
474: 1063,737,1283,1282,167
475: 1115,669,755,1009,739
476: 62,747,1238,619,719,64
477: 421,904,669,308,755,321
478: 378,929,23
479: 148,544,1087,129,466,765
480: 1026,1056,65,722,668,769
481: 311,1310
482: 663,914,782,1036,67,84
483: 489,652,120,978,785,743,732,1300
484: 906,301,940,543,841,441
485: 1032,672,67,85,790,1120
486: 323,791
487: 795,215,1014,175,764,195
488: 797,1022,325
489: 483,652,120,978,802,743
490: 1246,57,885,58,75,809,792
491: 814,172,763,565,173,346,564
492: 1029,1296,1025,819
493: 1211,823,14,843,910,43,29
494: 1069,639,108,1160,1269,1267
495: 59,1052,835,1145,1144,697
496: 16,847,823,843,438
497: 981,851,1035,319
498: 858,104,857,409,988,694,886
499: 131,577,1152,569,89,878
500: 662,896,136,884,506
501: 793,920,7,373,618,890
502: 1038,320,739,894,329,1262
503: 897,671,1024,1019,508,196
504: 1136,902,73,800,1137,92
505: 599,510,210,1169,925,955
506: 500,136,884,1313,928,803,156
507: 1053,60,1008,835,431,78
508: 216,1019,503,897,414,217,950
509: 579,113,1156,74,94,1167
510: 505,599,231,955,391,1031
511: 948,1005,958,126,737,1282
512: 709,1316,367,907,999,657,1107,972
513: 982,842,703,252,251,951
514: 1215,1021,1015,1054,1238,994
515: 1107,972,834,1182,178,179
516: 76,1144,77,1078,540,1004
517: 233,842,1017,234,252,1006
518: 1011,747,521,64,1056,1026
519: 1103,1017,854,1105,553,593,235
520: 1023,1141,838,568,162,1131,971
521: 1011,1306,537,518,524,1026
522: 600,1030,711,272,1199,376
523: 622,164,1242,1033,460,1186
524: 1306,47,521,782,1026,1057
525: 1040,237,960,255,1223,256
526: 1231,1227,1153,878,110,1044,130
527: 415,748,416,882,241,1046
528: 1027,1050,1048,997,1012,280
529: 799,263,262,281,997,1050
530: 1058,236,745,862,960,1059
531: 1061,770,346,211,191,1127
532: 95,114,1062,134,690,889
533: 127,691
534: 408,1064,1066,692,1104,554
535: 1309,1070,1110,202,752,223,655
536: 1239,620,395,462,69,1237
537: 1306,32,1204,46,1011,521
538: 451,426,87,1075
539: 142,1092,1077,571,1141,838
540: 1078,516,437,1004,97,98
541: 404,836,1081,387,606
542: 626,1082,874
543: 940,1084,300,1085,841,441,484
544: 148,1269,1267,1190,479,129
545: 113,1088,954,786,1089,1065
546: 912,230,1091,1169,925
547: 1125,122,1076,1090,143,142
548: 1307,956,445,1095,33,602,444,654
549: 422,775,798,1097,4,350
550: 1099,225,246,913,1098,813
551: 792,683,573,1101,570,1100
552: 1102,811,178,177,946,1135,566
553: 1105,396,236,519,1103,1058,646
554: 381,1104,534,1066,258,967
555: 1039,51,411,52,839
556: 689,1111,944,971,182,183
557: 306,1230,664,1115,473,1112
558: 918,605,370,1208,1113
559: 99,827,1118,118,119,1116
560: 38,924,1119,461,374,36,37
561: 409,1120,1216,68,104,1180,1121
562: 1122,1210,816,1053,1217,44
563: 1125,121,401,102,1168,122
564: 491,172,346,883,1127,891
565: 152,763,1129,491,770,346
566: 198,592,552,1182,178,1135,197
567: 400,1079,118,1130,1295,666
568: 164,845,838,520,1033,1131
569: 1152,71,1137,499,131,111
570: 551,1101,1100,95,1062,1139
571: 1225,1092,413,539,1141,615
572: 96,1143,1294,1142,702,659,137
573: 809,792,551,1145,77,1100
574: 351,844,1147,812
575: 675,1042,1149,1303,72,777
576: 962,428,826,1148,159,1150
577: 670,90,1152,828,89,499
578: 1187,165,594,1155,166,357
579: 509,113,74,1157,800,1088
580: 1159,382,206,818,226,822
581: 1165,309,310
582: 639,88,1276,128,1162,1160
583: 174,194,898,1161,1163,905
584: 56,1255,1254,1156,94,1166
585: 988,1170,103,858,1076,123
586: 386,190,621,229,1171,1016
587: 908,294,1172,421,904,295
588: 418,223,1175,202,203,224
589: 671,1177,1176,175,195,1019
590: 870,409,1180,694,412,105,738
591: 1196,212,1060,213,231,339,1181
592: 198,566,1182,179,794,423,349,1183
593: 1006,1017,519,235,1185,253
594: 165,1186,460,989,578,1187
595: 190,149,170,1249,1244,1245
596: 740,109,1267,1190,1191
597: 243,1192,278,261,736,1203
598: 1197
599: 505,510,210,1194,1196,231
600: 1030,522,1184,1199,271,1241
601: 1205,240,637,258,967,1202
602: 33,1200,1204,548,1306,47,654
603: 397,766,304,361,303,1207
604: 1319,660,1201,1203,279,388,1173
605: 677,682,558,1209
606: 541,836,1211,387,1123,28
607: 192,1212,1126,1060,213,1179
608: 1217,431,61,712,848,79
609: 725,85,84,1214,1216,857
610: 1219,287,271,286,1218,1198
611: 37,983,362,995,628,881
612: 772,909,1222,273,927,376
613: 150,1229,1129,616,1061,770
614: 643,390,1224,297,821
615: 1140,571,1225,1141,162,161
616: 150,613,1188,625,1061,1233
617: 399,452,292,943,1230,1232
618: 373,501,1235,31,923
619: 1238,476,994,964,719,1236
620: 536,1239,462,1071,1151,670
621: 190,1245,171,586,730,1016
622: 124,439,1240,164,523,1242
623: 429,1198,1241,1243,288
624: 881,872,1247,1246,56,1254
625: 1249,1188,616,1245,171,1233
626: 1251,1162,635,542,1250
627: 39,998,1252,41,363,1266
628: 611,995,881,1221,1255,56
629: 160,1228,1258,1301,159,180
630: 348,2,5
631: 293,1201,1261,1318,277,1319
632: 1262,322
633: 1064,1263,788,1265,239,1273
634: 1266,363,1268,885,58,1010
635: 1162,1160,1269,1250,148
636: 1271,433,239,1273,1270,220
637: 1270,220,1272,1066,258,240,601
638: 268,949,267,686,1275,1274
639: 582,88,1277,494,1069
640: 824,1278,229,1279,230,1091
641: 1281,147,1287,1280,865
642: 958,127,107,1283,1282,533
643: 614,1226,245,1285,1224
644: 768,1286,126,1287,1281,641
645: 1288,154,153,1289,898,1161
646: 1291,1105,553,1058,1290,1059,711
647: 116,1294,1079,1295,659,1314,137,117,1316
648: 163,1132,989,1292,1293,1154
649: 327,819,325,1297
650: 130,1231,1299,1298,150,1188
651: 762,54,1302,869,1149,1303
652: 489,483,743,1300,1256,1258
653: 917,48,444,1304
654: 914,602,548,1307,47,782
655: 893,535,1309,418,223,1308,242
656: 1311,309,310,776,1310
657: 1102,1312,907,512,157,1107
658: 345,112,133,1317,763,814
659: 1314,137,572,1294,647,702
660: 1319,604,293,1173,294,472
661: 866,938,204,959,1321,449
662: 500,696,135,896,1289,398,884
663: 482,914,66,49,1305,1032,67
664: 399,1230,305,557,1049,473
665: 751,68,426,87,1121,729,1074
666: 138,367,1295,567,400,117,1316
667: 88
668: 480,722,769,401,1168,681
669: 308,1115,402,475,755
670: 1151,1239,620,91,90,577,1152
671: 589,1176,155,1024,1019,503
672: 1034,332,1032,485,790
673: 859,1150,199,200,349,353,433
674: 1253,825,404,41,27,1081
675: 575,1303,93,777,902,73
676: 297,741,821
677: 717,469,682,265,605
678: 1136,92,1020,111,756,132,344
679: 727,1318,405,1172,308,904
680: 1155,865,334,166,1002,463
681: 1170,668,406,769,1168,103
682: 677,918,605,558
683: 1166,424,75,792,551,1101
684: 1065,1089,134,133,789,360
685: 855,355,1148,180,200,832
686: 369,267,638,268,284,750
687: 820,400,1116,407,138,785
688: 848,875,79,437,1134,335
689: 556,1111,453,944,201,901
690: 134,532,889,360,876,364
691: 533,464
692: 257,963,408,534,1106,1104
693: 336,443,1234,856,956
694: 409,498,886,412,1178
695: 952,269,951,921,754,372
696: 364,876,135,896,1288,1289,662
697: 1078,495,835,78,1144,875
698: 465,892,899,359,1007,39
699: 701,299,833,298,436
700: 938,204,979,185,203,1174
701: 829,284,750,299,298,699
702: 572,135,1142,896,659,137,136
703: 338,982,949,513,1275,251
704: 712,79,80,335,99,746
705: 341,874,1087,169,466
706: 1312,1314,137,1316,136,907,928
707: 1071,52,839,1042,72,1151
708: 849,1179,1041,339,393,233
709: 512,138,367,820,999,972
710: 
711: 272,1291,646,1290,254,1222,522,376
712: 61,608,456,79,704,80
713: 187,207
714: 468,1189,1244,1003,386,1000,1278
715: 1197,784,1
716: 257,932,275,274,452,779
717: 945,469,677
718: 275,381,383,973,779,291
719: 64,476,619,1236,82,850
720: 974,316,1029,492,1296
721: 209,977,208,985
722: 83,1056,480,82,668,401
723: 5,1096,15,798,4
724: 266,368,912,717,677,682
725: 1036,1057,65,84,406,769,1214,609
726: 209,977,721
727: 276,1260,888,1318,277,405,679
728: 804,388,1173,1012,472,1164,296
729: 665,1180,1121,1074,870,86
730: 389,171,1248,621,1016,1194
731: 312,936,436,313
732: 140,158,820,785,483,1300,139
733: 317,470,1049,473,974,318
734: 773,806,351
735: 466,765,341,149,468,1189
736: 243,900,597,991,1203,279
737: 126,1282,1281,147,167,474
738: 105,412,1178,125,768,1286
739: 475,755,320,1009,894
740: 596,109,108,828,89,1267,878
741: 297,280,853,676
742: 1248,211,191,389,1060,212
743: 802,489,483,652,413,744,1256
744: 1092,413,802,1090,141,743
745: 217,950,778,236,862,530
746: 837,827,704,80,100,99
747: 62,476,63,1011,518,64
748: 222,796,752,527,415,416
749: 193,1212,795,215,1041,214
750: 268,284,410,701,299
751: 343,790,68,665
752: 1070,748,222,535,1309,416
753: 410,1274,269,754,340,285
754: 269,695,753,372,285,417
755: 669,475,321,739,894
756: 1315,786,1136,92,678,132,344
757: 123,988,886,439,144,124
758: 764,216,385,414,1047,396
759: 900,1308,808,243,242,903
760: 287,372,270,417,300,1218
761: 11,378,817,478
762: 651,1302,869,1303,1220,93,419
763: 152,1317,658,345,565,491,814
764: 195,215,487,216,385,758,414
765: 466,735,479,129,781,149
766: 289,772,304,361,603
767: 778,897,196,1133,950,420
768: 644,1286,105,738,1005,126
769: 406,480,65,725,668,681
770: 1061,531,613,1129,565,346
771: 908,321,1311,1264,1013
772: 909,612,927,873,290,289,766
773: 806,734,351,15,1147,574
774: 347,840,302,314,852
775: 549,422,350,541,404,836
776: 656,1310
777: 902,72,575,675,91,71
778: 767,950,420,745,862,783
779: 292,716,275,718,383,452,291
780: 420,218,197,1133,423,238
781: 129,1086,1299,765,149,170
782: 47,654,914,524,1057,1036
783: 394,778,420,218,862,237
784: 1197,1257
785: 407,120,687,820,483,732,158
786: 756,1315,92,1088,545,1089
787: 965,906,301,314,1018
788: 1265,219,238,867,1263,633
789: 684,133,360,154,345,153
790: 672,332,485,751,1120,68
791: 939,450,324,486,1022
792: 551,75,490,809,683,573
793: 501,920,847,7,17,438
794: 1182,179,962,592,199,349,1183
795: 215,487,1213,365,1014,193,749
796: 748,222,440,1068,221,415
797: 324,1025,1022,488
798: 1097,1096,723,4
799: 263,425,244,1099,1098,529,281
800: 1157,73,579,504,92,1088
801: 911,8
802: 926,978,141,489,743,744
803: 1176,176,398,884,506,155,156
804: 728,1173,472,296,295,581
805: 10,377,9,992,924
806: 773,1259,734,5
807: 426,1075,1074,106,953
808: 418,224,1308,244,446,759,903
809: 58,490,59,792,573,1145
810: 10,377,24
811: 403,157,1313,1102,156,552,177
812: 844,574,352,16,847
813: 550,1284,1226,245
814: 491,172,763,658,345,153,173
815: 1139,115,76,96,1004,1143
816: 29,427,1122,562,1015,44
817: 1,378,934,12,11,761
818: 206,1158,205,580,1320,226
819: 327,492,1296,1025,325,649
820: 687,138,785,709,999,732,158
821: 297
822: 207,227
823: 846,14,430,496,843,493
824: 1278,640,228,1000,247,1279
825: 831,1253,25,1252,674,41
826: 139,140,1301,576,428,159
827: 837,746,99,559,830,119
828: 108,90,577,1069,89
829: 701,370,284,1113,283,298
830: 119,837,827,375,342,975
831: 12,11,26,1253,825
832: 440,200,855,355,685,353,1068
833: 340,299,699,436
834: 999,515,972,139,179,428
835: 1052,1008,507,495,78,697
836: 775,350,14,541,1211,606
837: 746,827,100,81,375,830
838: 539,1077,845,1141,568,520
839: 52,555,1109,1108,1042
840: 1219,429,1198,347,302,774
841: 286,1085,543,347,301,484
842: 849,982,517,233,513,252
843: 823,438,493,910,879
844: 351,574,812,352
845: 439,144,1077,838,164,568
846: 823,14,4,1146,430,350
847: 812,16,496,17,438
848: 875,688,431,78,608,79
849: 708,339,982,232,842,233
850: 82,719,1236,81,83,101
851: 317,1296,497,327,1035
852: 392,302,1037,774,315,969
853: 280,741,676,432,333
854: 1017,234,984,1047,519,1103
855: 355,685,201,440,832,1068
856: 19,443,1234,693,956,1200,33
857: 104,1214,609,1216,103,858,498
858: 103,1214,857,988,585,498
859: 673,199,349,219,1265,433,239
860: 8,20
861: 358,980,22,36,983,987
862: 778,745,783,530,960,237
863: 890,879,30,45,434
864: 435,959,1320,226,454
865: 147,641,1280,1155,334,680
866: 166,357,205,463,204,661,1321
867: 218,238,788,394,1263,1043
868: 1037,303,316,1207,1029
869: 995,1302,987,651,762,1220,1221
870: 590,1180,1121,729,86
871: 313
872: 362,359,40,881,624,1247
873: 290,772,909,937,766,304
874: 1250,1082,1087,169
875: 848,688,78,697,1078,437
876: 360,154,690,364,696,1288
877: 943,937,304,399,397,305
878: 1153,89,499,131,740,109,110,526
879: 843,438,910,863,30
880: 302,1037,429,288,361,303
881: 624,611,362,872,628,56
882: 241,527,1205,1046,1193,260,261
883: 1163,172,564,174,891,1213,365
884: 662,500,398,506,176,803,156
885: 57,1051,363,634,58,490
886: 988,498,694,757,412,1178,124
887: 1117,9,21,924
888: 291,383,276,727,307,405
889: 532,1062,115,690,366,364
890: 863,501,920,618,31,434
891: 346,564,883,1127,1126,1213,192
892: 1119,465,698,38,359,1007
893: 655,1309,416,1046,1192,242
894: 1264,755,321,739,502,1262
895: 930,1195,24,378
896: 135,1142,696,702,662,500,136
897: 503,1024,1019,508,196,950,767
898: 1161,153,645,173,1163,583
899: 25,1252,478,11,761,465,698,39
900: 759,243,903,736,262,991
901: 1070,201,689,1111,1068,222
902: 777,675,71,73,1137,504
903: 808,244,900,759,263,262
904: 421,477,679,1172,308,587
905: 1177,1161,398,194,583,176
906: 301,484,441,1018
907: 1316,367,706,1312,512,657,1107
908: 587,295,771,1311,309
909: 772,612,273,442,927,873,290
910: 493,879,43,29,30
911: 919,801,922,8,1235,18
912: 546,368,1093,925,717,724,266
913: 246,454,435,864,550
914: 654,1307,66,782,663,482
915: 471,249,266,947,918,369
916: 1165,432,311
917: 34,653
918: 682,558,370
919: 801
920: 501,793,438,879,890,863
921: 1185,957,695,952,372,270
922: 919,7,911
923: 618,1235,1234,31,19,1072
924: 9,805,887
925: 1169,505,912,546,955,471,249
926: 1124,342,121,978,802,141
927: 376,1030,772,909,612,1243,289
928: 157,1313,136,706,1312,506,156
929: 23,377,24,992,478
930: 895,598,1197,1,378
931: 387,1080,42,28,60,1008
932: 448,1106,257,379,716,274
933: 1174,938,449,425,446,225
934: 12,1,715,817,13
935: 1304,1028,49,1305,447
936: 731,312,833,340,285,436
937: 274,448,873,290,304,877,943
938: 700,204,661,933,1174,449
939: 450,965,323,486,791
940: 543,313,441
941: 
942: 985,459,248,945
943: 877,937,274,452,399,617
944: 971,162,453,161,181,201,556,689
945: 942,248,717
946: 177,552,1024,1135,196,197,1133
947: 250,915,249,918,369,267,686
948: 511,86,106,1005,958
949: 391,338,250,703,638,1275
950: 217,508,897,414,778,767,745
951: 269,513,252,251,695,952
952: 695,252,1006,951,921,1185
953: 807,958
954: 113,1167,1138,545,114,1065
955: 505,510,925,391,249,250
956: 336,693,34,856,445,1095,33
957: 921,1185,253,270,1184,1199
958: 642,106,953,948,511
959: 1320,1321,661,449,454,864
960: 862,530,525,237,1059,255
961: 326,455,969,324,797
962: 576,428,179,794,1150,199
963: 1043,1040,408,256,1106,692
964: 994,456,619,80,100,1236
965: 787,315,323,939,450
966: 435,227,246,913,1284,457
967: 258,601,381,554,1202,973
968: 35,458,467
969: 852,392,315,961,450,324
970: 227,966,457
971: 944,162,1023,520,161,182,556
972: 1107,515,709,512,999,834
973: 383,381,967,1202,718,259,276
974: 720,317,733,1296,851
975: 407,120,830,119,342,978
976: 1260,1193,260,259,1261,277
977: 384,726,208
978: 342,926,975,120,802,489,483
979: 1154,1292,185,1175,203,700
980: 22,458,354,861,358
981: 318,320,1009,497,329
982: 338,232,849,842,703,513
983: 36,861,37,611,987,995
984: 214,385,393,1047,854,234
985: 721,208,247,942,248
986: 334,167,1063,1067,1002,186
987: 1302,861,358,983,995,869
988: 585,858,498,757,123,886
989: 1132,460,594,648,1187,1154
990: 186,1067,464,187,1159
991: 262,900,736,279,1048,997
992: 377,805,929,23,1119,461
993: 188,168,189,384,726
994: 456,964,514,1215,1238,619
995: 869,983,611,987,628,1220,1221
996: 411,395
997: 1048,262,991,529,528,1050
998: 627,39,1007,40,1051,363
999: 820,709,512,158,972,834,139
1000: 228,1003,714,824,1278
1001: 319
1002: 986,334,680,186,463,206,1158
1003: 189,468,1189,209,714
1004: 96,76,516,540,815,97
1005: 86,105,948,511,126
1006: 593,517,1017,252,952,1185
1007: 892,698,359,39,998,40
1008: 42,931,60,1052,507,835
1009: 320,1112,475,981,318,739
1010: 1052,634,1268,42,58,59
1011: 46,63,537,747,518,521
1012: 1048,388,280,1164
1013: 771,1311,1264,776,322
1014: 174,194,365,175,795,487
1015: 1021,427,816,44,514,1215
1016: 1171,210,586,621,730,389,1194
1017: 854,234,517,519,1006,593
1018: 
1019: 216,508,671,589,195,503,897
1020: 111,131,678,110,1044,132
1021: 1015,30,427,45,1054,514
1022: 324,797,791,488
1023: 520,162,1131,971,182,163
1024: 155,403,671,177,946,503,897,196
1025: 492,797,819,488,325
1026: 480,518,521,524,1056,1057,65
1027: 528,1050,390,280,297,741
1028: 50
1029: 316,868,720,326,455,492
1030: 600,522,927,376,1241,1243
1031: 391,510,231,1181,338,232
1032: 49,1305,663,672,67,485
1033: 1132,1131,164,568,523,460
1034: 672,332,447,941
1035: 851,497,327,319,1297,328
1036: 725,782,482,1057,67,84
1037: 302,880,303,852,392,868
1038: 502,329,1262,1001
1039: 555,710,51
1040: 525,237,394,963,1043,256
1041: 1212,749,1179,214,708,393
1042: 1109,1108,839,1149,707,72,575
1043: 963,394,867,1263,1040,408
1044: 110,1020,132,1128,526,1227,151
1045: 395,667,69
1046: 527,416,893,882,241,1192,261
1047: 385,758,984,396,854,1103
1048: 997,991,279,388,1012
1049: 473,305,664,1206,470,733
1050: 1027,528,529,281,997,390
1051: 363,998,40,1247,57,885
1052: 1010,42,1008,495,59,835
1053: 507,60,562,1210,1217,431
1054: 45,1021,1055,514,1238,62
1055: 63,45,434,1073,1054,62
1056: 518,64,1026,480,82,722
1057: 65,524,782,1026,725,1036
1058: 530,236,1105,553,646,1059
1059: 1290,254,530,1058,960,646,255
1060: 191,1126,742,607,591,212,213
1061: 770,531,613,616,1233,211
1062: 570,95,532,1139,115,889
1063: 474,691,1067,464
1064: 1263,633,1273,408,534,1066
1065: 684,545,954,114,1089,134
1066: 1064,1273,637,1270,534,258,554
1067: 1063,986,464,990,186
1068: 855,201,440,832,901,222,796
1069: 494,1277,90,639,108,828
1070: 901,1111,1110,222,752,535
1071: 707,52,462,536,620,1151
1072: 31,923,19,1073,32,46
1073: 31,434,1072,63,1055,46
1074: 426,729,807,86,106
1075: 538,807
1076: 1170,122,585,547,143,123
1077: 143,539,142,144,845,838
1078: 697,1144,875,516,540,437
1079: 98,1134,97,1130,116,647,1295,567
1080: 1268,42,27,1081,387,931
1081: 387,674,541,404,27,1080
1082: 542,874,1083,169
1083: 1082,168
1084: 300,731,312,1085,313,940,543
1085: 286,1218,1084,300,543,841
1086: 1299,1298,1190,1191,129,781
1087: 1250,148,874,479,705,466
1088: 92,800,579,113,545,786
1089: 545,1315,786,1065,684,112,133
1090: 141,1125,547,1092,744,142
1091: 230,640,229,1171,210,1169
1092: 413,744,1090,539,142,571
1093: 368,1279,230,912,546
1094: 20,34
1095: 445,653,548,1307,444
1096: 630,5,3,723,798
1097: 798,3,13,26,549,422
1098: 799,813,281,1226
1099: 225,425,550,799,1098,813
1100: 551,573,77,570,76,1139
1101: 1138,683,424,551,570,95
1102: 657,1312,157,1107,811,552,178
1103: 519,1047,396,854,1105,553
1104: 381,554,534,257,692,275
1105: 553,519,1103,1058,235,1291,646
1106: 963,256,257,692,379,932
1107: 515,972,907,512,657,1102,178
1108: 1109,54,1042,1149
1109: 1108,467,53,1039,555,839,1042
1110: 1111,183,1070,184,202,535
1111: 556,689,183,1070,901,1110
1112: 557,1115,473,475,318,1009
1113: 558,370,1208,282,283
1114: 283,298,337
1115: 402,557,306,669,1112,475
1116: 118,559,119,400,407,687
1117: 887,21,458,980,22
1118: 118,1130,1134,335,99,559
1119: 461,992,23,892,560,38
1120: 1216,85,485,790,68,561
1121: 1180,68,665,561,729
1122: 562,1210,43,1123,29,816
1123: 43,1211,606,28,1122,1210
1124: 926,375,101,102,342,121
1125: 563,121,122,1090,141,547
1126: 191,1127,891,1060,607,192
1127: 191,1126,531,346,564,891
1128: 132,1044,344,151,152,1317
1129: 1227,151,152,1229,613,565,770
1130: 1118,118,1134,1079,98,567
1131: 1132,1033,568,1023,520,163
1132: 1033,1131,460,648,163,989
1133: 197,946,1135,196,767,420,780
1134: 437,688,335,1079,98,1118,1130
1135: 552,177,946,198,566,197,1133
1136: 504,1137,92,111,678,756
1137: 71,902,569,1136,504,111
1138: 1101,424,1167,954,95,114
1139: 115,815,570,1100,76,1062
1140: 615,1225,160,1228,161,181
1141: 539,571,838,615,162,520
1142: 135,896,366,1143,572,702
1143: 366,115,815,96,572,1142
1144: 1145,77,495,697,1078,516
1145: 1144,77,809,495,59,573
1146: 430,723,15,1147,4,846
1147: 15,574,1146,430,16
1148: 159,576,180,1150,200,355,685
1149: 1303,1108,54,1042,651,575
1150: 199,576,962,1148,200,673
1151: 670,1071,707,72,620,91
1152: 569,670,91,71,577,499
1153: 878,109,110,1191,130,526
1154: 979,648,989,1187,1292,185
1155: 1280,165,865,578,166,680
1156: 74,1255,55,584,94,509
1157: 800,93,419,74,73,579
1158: 206,818,680,1002,205,463
1159: 382,580,990,186,187,713
1160: 1162,635,582,639,494,1269
1161: 898,645,1288,1289,398,583,905
1162: 1160,635,128,582,626,1250
1163: 883,172,173,898,174,583
1164: 296,1012,280,853
1165: 581,432,310,311,916
1166: 683,424,584,1254,75,94
1167: 94,424,509,113,1138,954
1168: 668,401,681,1170,563,122
1169: 1171,210,230,1091,505,546,925
1170: 681,1168,103,122,1076,585
1171: 210,1016,586,229,1091,1169
1172: 294,1318,293,679,904,587
1173: 388,1319,660,604,472,804,728
1174: 933,203,938,700,224,446
1175: 184,202,1292,979,203,588
1176: 176,803,1177,155,671,589
1177: 905,194,1176,176,175,589
1178: 412,694,886,124,125,1240
1179: 607,1212,213,1041,339,708
1180: 1121,561,409,870,590
1181: 339,591,213,231,1031,232
1182: 178,515,179,198,592,566,794
1183: 349,219,198,592,794,423
1184: 1199,957,270,600,287,271
1185: 921,957,1006,593,952,253
1186: 165,594,523,146,1242,460
1187: 578,594,989,1154,357,185
1188: 1249,625,1299,650,150,616
1189: 1244,735,149,468,1003,714
1190: 1267,596,544,1191,129,1086
1191: 596,109,1153,1190,130,1086,1298
1192: 243,242,893,1046,261,597
1193: 260,882,278,261,976,1261
1194: 730,389,210,1016,1196,599
1195: 0,810,24
1196: 591,212,389,1194,599,231
1197: 598,784,930,1,715
1198: 429,623,271,1241,1219,610,840
1199: 1184,957,253,272,600,522
1200: 32,1204,856,19,33,602
1201: 1261,278,1203,631,1319,604
1202: 1205,601,967,260,973,259
1203: 278,597,736,1201,279,604
1204: 1200,32,33,602,1306,537,47
1205: 240,601,882,241,1202,260
1206: 470,397,305,316,1207,1049
1207: 316,603,397,303,1206
1208: 558,1209,282
1209: 265,605
1210: 1122,562,1123,28,60,1053
1211: 493,14,836,606,43,1123
1212: 607,192,193,749,1179,1041
1213: 365,883,891,192,193,795
1214: 725,84,406,609,103,858,857
1215: 514,1015,44,61,994,456
1216: 1120,85,609,104,857,561
1217: 562,1053,44,431,608,61
1218: 286,1085,287,760,300,610
1219: 610,286,429,1198,347,840
1220: 995,869,762,1221,55,93,419
1221: 1255,55,995,869,628,1220
1222: 1290,254,711,273,376,612
1223: 256,525,255,273,442,379
1224: 1285,614,643,821
1225: 571,413,1256,160,1140,615
1226: 1098,813,281,390,643
1227: 526,1231,1044,151,1229,1129
1228: 160,629,1140,159,180,181
1229: 150,613,1231,1227,151,1129
1230: 1232,399,617,664,557,306
1231: 526,1227,130,650,150,1229
1232: 1230,292,291,617,307,306
1233: 1248,625,616,1061,171,211
1234: 443,1235,18,923,856,19
1235: 18,911,373,618,923
1236: 81,964,619,719,100,850
1237: 69,70,536,1239,1277,90
1238: 1054,514,62,476,994,619
1239: 536,620,1237,670,90,577
1240: 125,145,1178,622,124,1242
1241: 600,1030,271,1243,1198,623
1242: 146,622,145,1240,523,1186
1243: 1030,927,1241,289,623,288
1244: 1189,149,595,190,714,386
1245: 171,1249,625,595,190,621
1246: 1247,624,57,1254,75,490
1247: 1246,872,40,1051,624,57
1248: 1233,171,211,730,389,742
1249: 1188,625,1299,170,595,1245
1250: 1162,635,626,148,874,1087
1251: 542,626
1252: 899,25,825,627,39,41
1253: 26,831,825,674,404
1254: 75,624,1246,56,584,1166
1255: 1221,55,628,56,584,1156
1256: 1258,652,743,413,1225,160
1257: 2,348,784,715,380
1258: 1256,652,1300,1301,160,629
1259: 630,5
1260: 976,259,276,727,277
1261: 1201,1193,278,976,277,631
1262: 1264,894,1038,502,322
1263: 1064,633,788,867,1043,408
1264: 894,321,771,1013,1262,322
1265: 788,349,219,859,238,433,239,633
1266: 634,627,41,27,363,1268
1267: 494,1269,544,1190
1268: 1080,42,27,1266,634,1010
1269: 494,1160,635,1267,148,544
1270: 637,220,636,1273,1066,258
1271: 636,353,440,433,221,220
1272: 221,637,220,415,240,241
1273: 239,636,1064,633,1270,1066
1274: 1275,251,638,268,269,410,753
1275: 1274,251,949,703,638,268
1276: 128,582
1277: 70,1237,88,639,1069
1278: 824,640,714,386,1000,229
1279: 247,230,248,1093
1280: 1155,146,1287,641,165,865
1281: 147,641,126,737
1282: 1283,511,642,958,737
1283: 1282,642,533,1063,474
1284: 813,457,245,264
1285: 1224,245,264
1286: 768,644,738,125,145,1287
1287: 145,644,1286,146,1280
1288: 645,876,154,696,153,1289,1161
1289: 696,645,1288,662,1161,398
1290: 254,1059,1291,646,711,1222
1291: 646,1105,235,1290,711,272
1292: 1293,648,979,1154,1175,184
1293: 1292,182,648,163,183,184
1294: 116,647,96,97,572,659
1295: 1079,116,647,567,117,666
1296: 720,974,492,851,327,819
1297: 327,1035,649
1298: 1086,1299,1191,130,650
1299: 1086,1298,781,650,170,1249,1188
1300: 483,652,732,140,1258,1301
1301: 140,1300,1258,826,629,159
1302: 987,358,54,869,651,762
1303: 1149,651,762,575,675,93
1304: 935,48,444,66,1305
1305: 49,444,935,1304,66
1306: 537,1204,47,521,524
1307: 548,444,654,914,66
1308: 418,223,655,808,242,759
1309: 535,752,416,893,655
1310: 656,310,776,481
1311: 656,309,295,771,1013
1312: 706,907,157,1313,928,657,1102
1313: 157,928,1312,506,156,811,403
1314: 659,137,647,117,1316,706
1315: 756,786,1089,344,112,133
1316: 117,647,1314,137,666,367,706,907,512
1317: 152,763,1128,344,112,658
1318: 277,727,631,293,679,1172
1319: 660,604,1201,631,293,1173
1320: 959,1321,205,818,226,864
1321: 959,1320,866,205,463,661