0: 598,1195,895,930
1: 378,1197,930,715,934,817
2: 1257,630,1259,380,1096,3
3: 1096,380,13,798,1097
4: 723,798,549,1146,846,350
5: 1259,806,1096,723,15
6: 844
7: 793,371,17,922,373
8: 801,860,911,18,443
9: 924
10: 377,810,9
11: 899,25,817,761,12,831
12: 934,817,13,26,831
13: 26,934,380,3,12
14: 823,846,350,836,1211,43,493
15: 1147,5,806,773,723,1146
16: 574,812,430,496,847
17: 371,352,812,847,7,793
18: 911,8,1234,1235,443
19: 1200,1234,856,923,1072,32
20: 336,860,1094,8,443,693
21: 35,887,1117
22: 374,1117,461,980,36,560
23: 465,1119,892,698
24: 929,810,1195,895,377,478
25: 899,11,831,1252,39,825
26: 13,12,831,1253,422
27: 1080,41,674,1081,1266,1268
28: 1123,606,387,931,1210,60
29: 427,816,43,910,493,1122
30: 879,910,863,427,1021,45
31: 618,890,434,923,1072,1073
32: 1204,537,1072,1200,19,46
33: 856,693,956,1200,548,1204,602
34: 
35: 21,968,458
36: 22,861,980,560,37,987
37: 560,36,38,983,611,362
38: 359,461,1119,892,560,37,362
39: 1252,899,25,698,1007,998
40: 1007,359,998,872,1247,1051
41: 825,1252,674,627,1266,27
42: 1268,1010,1080,931,1008,1052
43: 14,1211,493,1123,1122,29
44: 1015,816,562,1217,61,1215
45: 30,863,434,1021,1055,1054
46: 1072,1073,32,537,63,1011,521
47: 654,782,524,1204,537,602,1306
48: 653,917,1028,1304
49: 672,1032,1305,447,935,663
50: 
51: 1039,411,555
52: 555,411,839,462,1071,707
53: 1109,467,968,354,356
54: 1302,356,358,1149,762,651
55: 74,1220,1221,1255,419,1156
56: 628,1255,881,624,1254,584
57: 1051,885,1247,1246,490,58
58: 885,57,634,1010,490,59,809
59: 1052,1010,58,809,1145,495
60: 1210,1053,28,931,1008,507
61: 1215,456,44,1217,608,712
62: 1054,1055,63,747,1238,476
63: 747,1073,1055,46,62,1011
64: 476,747,1011,518,82,1056
65: 725,406,1026,1057,769,480
66: 1304,1305,444,1307,914,663
67: 663,1032,482,84,485,85
68: 1120,790,485,751,665,1121
69: 1045,70,395,462,536
70: 1045,69,536,1277,1237
71: 569,91,777,902,1152,1137
72: 707,1042,575,1151,91,777
73: 675,902,93,1157,800,504
74: 55,419,1156,1157,579,509
75: 792,683,1246,1254,490,1166
76: 1004,815,1100,77,516,1139
77: 516,573,1145,1144,1100,76
78: 848,875,835,431,507,697
79: 608,848,712,688,335,704
80: 712,456,964,746,704,100
81: 101,1236,850,100,837,375
82: 850,476,64,719,1056,83
83: 102,82,850,1056,722,101,401
84: 482,1036,67,725,609,85
85: 84,67,485,609,1120,1216
86: 870,729,1074,106,1005,948
87: 538,751,343,665,426,1074
88: 667,1277,1276,582,639
89: 499,577,828,740,109,878
90: 577,1239,1237,1069,670,828
91: 1151,72,777,670,1152,71
92: 800,504,1088,1136,756,786
93: 651,1303,762,419,675,73,1157
94: 1167,1156,584,1166,509,424
95: 570,1062,1101,1138,114,532
96: 1143,572,1004,815,97,1294
97: 540,1004,98,96,116,1294,1079
98: 1130,437,1134,540,97,1079
99: 746,704,335,1118,559,827
100: 837,80,964,1236,746,81
101: 81,850,83,102,375,1124
102: 83,850,101,401,1124,121,563
103: 681,406,1214,857,585,858
104: 1216,857,561,858,409,498
105: 1005,590,870,412
106: 1074,953
107: 127,953,958,642
108: 494,1069,828,1267,596,740
109: 878,1153,89,596,740,1190,1191
110: 131,878,1153,1020,1044,526
111: 1136,678,569,1137,131,1020
112: 133,658,756,786,1089,344,1128
113: 1088,545,579,509,1167,954
114: 1138,954,95,1065,134,532,690
115: 366,1062,1139,815,889,1143
116: 1294,97,1295,1079,659,647
117: 666,647,1295,659,137,706,907,367
118: 400,567,1130,1118,559,1116
119: 1116,407,559,827,830,975
120: 483,785,407,975,978,489
121: 102,1124,563,141,926,1125
122: 1170,1076,1168,563,1125,547
123: 1076,585,988,143,757,144
124: 622,439,886,757,1178,1240
125: 1286,1178,412,1240,145
126: 511,1282,737,1281
127: 107,1283
128: 1251,1276,582,1162
129: 479,765,544,1190,1086,781
130: 1191,1153,526,1231,1298,650
131: 569,499,111,878,110,1020
132: 1020,1044,678,344,1227,151,1128
133: 112,658,1089,789,684,345
134: 114,1065,532,690,684,360,876
135: 366,364,1142,696,662,896,500
136: 896,500,702,137,706,506,928
137: 706,702,659,117,647,136,907,928
138: 400,666,687,820,367,709
139: 826,140,999,158,732,834,428
140: 826,139,732,1258,1300,159,1301
141: 802,926,121,1090,1125,744
142: 1077,539,1090,143,547,1092
143: 547,1076,123,1077,142,144
144: 845,143,123,757,1077,439
145: 146,1287,1240,1286,125,1242
146: 145,1287,1242,1186,1280,165
147: 737,1281,641,865,334
148: 635,1269,1250,544,1087,479
149: 765,781,735,170,1189,595
150: 650,1231,613,1229,1188,616
151: 1227,1044,132,152,1128,1229,1129
152: 1128,658,151,763,1129,565
153: 789,345,154,814,173,898
154: 1288,645,789,360,153,898
155: 156,1176,803,403,671,1024
156: 506,928,157,803,155,811,403
157: 706,156,928,657,811,403,1102
158: 999,820,483,785,732,139
159: 1301,826,140,629,576,1148,180
160: 1228,629,1258,1256,1225,1301,1140
161: 453,181,1228,1140,615,162,944,971
162: 520,1141,1140,615,161,944,971
163: 182,1023,1132,989,1293,648
164: 523,845,622,439,568,1033
165: 1280,1155,1242,146,1186,594,578
166: 680,463,1155,578,357,866
167: 474,737,147,1063,1067,986
168: 1083,169,993,188
169: 874,1083,705,168,188
170: 1249,781,1299,149,1188,595
171: 625,1245,1248,1233,621,730
172: 814,173,491,564,883,1163
173: 814,172,153,583,898,1163
174: 583,883,1163,194,365,1014
175: 194,1177,1014,589,487,195
176: 1176,803,398,884,905,1177
177: 196,811,403,552,1024,1135,946
178: 552,1102,1107,515,1182,1135,566
179: 428,515,834,1182,962,592,794
180: 159,1228,629,1148,181,685,355
181: 453,161,1228,1140,180,355
182: 163,1023,944,971,556,183,1293
183: 1293,182,556,1111,1110,184
184: 202,1110,183,1293,1292,1175
185: 1154,979,1187,357,204,700
186: 1067,986,1002,990,1158
187: 464,990,713
188: 993,169,705,341,189
189: 341,993,188,468,726,209,1003
190: 595,1245,1244,386,586,621
191: 531,211,1126,1127,742,1060
192: 607,1126,891,1213,193,1212
193: 1212,749,1213,365,192,795
194: 905,1177,583,174,1014,175
195: 764,487,175,589,216,1019
196: 177,503,1024,946,897,767,1133
197: 780,1133,1135,946,198,566,423
198: 592,566,1135,1183,197,423
199: 1150,962,794,200,349,673,859
200: 685,1148,1150,199,673,353,832
201: 689,453,855,355,1068,901
202: 1110,184,1175,223,535,588
203: 700,979,1175,588,1174,224
204: 357,185,866,700,938,661
205: 1158,463,866,959,661,864
206: 818,186,990,1158,1159,580
207: 713
208: 459
209: 726,1003,721,228,1000
210: 505,1091,1171,1194,1169,599
211: 1248,1233,1061,531,191,742
212: 1060,389,742,1196,591,213
213: 591,212,1060,607,1179,339,1181
214: 749,215,1041,385,393,984
215: 795,749,764,487,214,385
216: 1019,764,195,508,758,414
217: 950,508,414,396,236,745
218: 783,420,780,867,238,394
219: 349,1183,423,859,238,1265,788
220: 1271,636,221,637,1270,1272
221: 796,440,1271,220,1272,415
222: 901,1068,1070,796,748,752
223: 535,202,655,588,242,418
224: 446,1174,203,588,418,808
225: 454,449,933,425,550,1099
226: 864,822,227
227: 226,822,966,970
228: 721,209,824,1000,985,247
229: 1091,1171,386,586,640,1278
230: 1279,640,1091,1169,1093,546
231: 510,599,1196,591,1031,1181
232: 1031,1181,339,849,338,982
233: 393,708,849,234,842,517
234: 984,233,393,854,517,1017
235: 253,593,519,1105,272,1291
236: 530,745,414,217,553,396,1058
237: 394,783,862,960,525,1040
238: 867,780,423,219,218,788
239: 636,433,859,633,1265,1273
240: 241,1272,415,637,258,601,1205
241: 1272,240,415,527,1205,882
242: 655,223,893,759,418,243
243: 893,242,759,1192,900,597,736
244: 808,446,425,263,903,799
245: 1098,1226,643
246: 457,245,1284
247: 985,942,228,824,248
248: 942,247,1279,945,368,1093
249: 947,925,955,915,471,250
250: 949,955,391,249,947,267
251: 513,1275,703,951,1274,269
252: 951,952,842,517,513,1006
253: 593,235,1185,272,957,1199
254: 1290,1222,1059,646,960,273,255
255: 273,1059,960,525,254,1222,1223
256: 525,1040,963,1223,379,1106
257: 1104,692,1106,275,932,716
258: 601,1066,637,1270,240,554,967
259: 1202,260,973,976,276,1260
260: 259,1202,1205,882,976,1193
261: 1192,1046,882,1193,278,597
262: 263,903,900,991,997
263: 262,903,244,799,529
264: 1284,245,643
265: 469,677,1209
266: 724,915,471,677,682
267: 686,947,250,949,369,638
268: 638,1274,686,750,410,753
269: 251,951,1274,695,753,754
270: 760,921,957,372,287,1184
271: 1198,623,287,1184,1241,600,610
272: 1291,253,235,1199,522,711
273: 255,254,1222,1223,612,909,442
274: 448,932,716,937,943,452
275: 381,257,1104,716,779,718
276: 383,973,259,1260,888,727
277: 631,1261,976,1260,727,293
278: 597,261,1193,1203,1261,1201
279: 736,1203,991,604,1048,388
280: 853,1164,528,1027,1012,741
281: 390,529,799,1098,1226
282: 1113
283: 829,282,1113,1114
284: 750,369,686,370,829,701
285: 753,410,417,754,936,340,312
286: 1085,1218,610,1219,347
287: 1184,760,270,1218,610,271
288: 1243,623,361,289,429,880
289: 361,766,1243,772,927,288
290: 873,909,442,448,772,937
291: 292,779,718,383,307,888,1232
292: 291,779,617,452,1232
293: 1260,277,631,679,727,660,1172
294: 660,1173,1172,295,587,472
295: 587,294,804,472,908,309
296: 1165,1012,728,1164,804,472,432
297: 614,1027,741,676
298: 701,699,283,829,1114,337
299: 833,750,410,701,699
300: 312,417,760,1218,1084,1085
301: 484,841,314,347,906,787
302: 880,840,429,774,852,1037
303: 361,880,1207,603,1037,868
304: 766,877,397,603,305
305: 1049,304,877,399,397,664
306: 1232,307,1230,402,557,1115
307: 888,291,405,306,1232,402
308: 679,405,402,904,477,669
309: 310,295,804,908,581,656
310: 309,311,581,776,656,481
311: 581,916,481
312: 300,285,417,936,340,1084
313: 543,1084,731,871,940
314: 347,774,965,787,315
315: 314,774,852,965,969
316: 1207,397,868,470,1206,1029
317: 851,733,318,981,497
318: 473,1112,733,317,981
319: 328,981,497,320,329
320: 739,1009,981,502,319,329
321: 1264,477,421,894,755
322: 1264,1013,771,1262,632
323: 965,787,1018,486
324: 969,450,791,1022
325: 819,488
326: 797,1025,961,455,492,1029,819
327: 1296,1035,649,1297
328: 319,1035,1001
329: 320,502,1038
332: 751,1034,941,343
333: 741,432
334: 147,865,986,680,1002
335: 79,688,1134,704,99,1118
336: 20,34,693,956,445
337: 1114,436
338: 1031,232,391,982,949,703
339: 1179,591,213,1181,232,849,708
340: 936,410,285,833,299,312
341: 705,466,735,189,468
342: 375,1124,830,975,978,926
343: 941,332,751,451,538,87
344: 678,756,132,112,658,1128
345: 763,133,658,789,153,814
346: 531,565,770,491,564,1127
347: 314,286,1219,840,301,841,774
348: 784,1257
349: 219,794,1183,199,673,859
350: 549,4,846,775,14,836
351: 734,773,844
352: 371,17,844,6,812
353: 832,200,673,440,433,1271
354: 968,458,861,980,356,358
355: 855,1148,180,453,181,685,201
356: 53,358,1108,1149,54,1302
357: 204,1187,578,166,185,866
358: 354,861,356,987,54,1302
359: 38,892,1007,40,362,872
360: 134,690,789,684,876,154,1288
361: 766,289,288,880,303,603
362: 881,37,38,359,611,872
363: 998,627,1266,1051,885,634
364: 876,889,690,366,135,696
365: 1213,883,174,1014,193,795
366: 115,889,1143,364,135,1142
367: 907,666,117,138,709,512
368: 945,912,1093,717,724
369: 918,686,267,370,284
370: 918,369,558,284,829
371: 352,17,919,922,7
372: 417,754,695,921,760,270
373: 7,911,618,1235
374: 22,924,805,1117,461
375: 1124,342,837,101,81,830
376: 711,1222,522,612,1030,927
377: 10,810,24,929,805,992
378: 1,895,930,478,817,761
379: 1223,256,1106,442,448,932
380: 1257,2,715,934,3,13
381: 275,554,1104,973,967,718
382: 1159,580,713,822,207
383: 276,973,779,718,291,888
384: 168,993,977
385: 758,215,764,214,984,1047
386: 714,1244,190,586,1278,229
387: 1081,541,606,1080,28,931
388: 1048,279,604,1173,1012,728
389: 742,1248,1016,730,212,1194,1196
390: 281,529,1050,1226,1027,297,614
391: 510,1031,955,338,250,949
392: 969,852,1037,868,961,455
393: 233,708,1041,214,234,984
394: 237,783,218,867,1043,1040
395: 996,462
396: 553,758,414,217,1103,1047,236
397: 1207,603,304,1049,305,316,1206
398: 1161,1289,662,884,905,176
399: 1230,943,617,877,305,664
400: 118,567,1295,1116,666,138,687
401: 722,83,102,668,1168,563
402: 307,405,306,308,1115,669
403: 811,156,157,155,1024,177
404: 541,1253,775,422,674,1081
405: 679,727,307,888,402,308
406: 725,65,769,1214,103,681
407: 119,1116,975,687,120,785
408: 692,534,1043,1064,1263,963
409: 498,104,1180,561,590,694
410: 268,750,285,753,299,340
411: 51,555,52,462,1071
412: 590,694,1178,105,1286,125
413: 744,743,1092,1256,571,1225
414: 764,216,508,758,217,396,236
415: 241,1272,240,221,796,748,527
416: 893,748,655,752,527,1046
417: 754,372,285,760,300,312
418: 759,223,588,224,242,808
419: 1220,762,93,55,74,1157
420: 783,218,767,780,1133,778
421: 904,587,477,908,321,771
422: 775,26,1097,549,1253,404
423: 198,1183,780,197,219,238
424: 1166,683,94,1167,1101,1138
425: 446,933,225,244,1099,799
426: 1074,538,87,1075,807
427: 29,816,910,30,1021,1015
428: 179,834,826,139,576,962
429: 840,1198,623,288,880,302
430: 1146,846,1147,16,496,823
431: 507,1053,1217,608,848,78
432: 333,916
433: 636,239,673,859,353,1271
434: 863,890,31,45,1073,1055
435: 913,959,864,226,454,966
436: 337,731
437: 688,1134,875,1078,540,98
438: 496,847,793,843,920,879
439: 124,622,757,144,845,164
440: 1068,855,353,832,1271,221,796
441: 940,906
442: 273,1223,379,612,909,448
443: 856,18,8,20,1234,693
444: 1307,548,653,602,66,1304,654,914
445: 1095,34,956,917
446: 1174,224,933,244,808,425
447: 935,1028,1305,50,672,49,1034
448: 274,932,379,442,290,937
449: 454,225,938,959,661,933
450: 939,315,969,324
451: 941,343
452: 617,274,716,779,943,292
453: 161,181,944,355,689,201
454: 449,225,959,435,913,550
455: 961,868,492,1029
456: 61,1215,994,80,712,964
457: 970,1284
458: 968,354,35,21,1117,980
459: 985,942
460: 1033,1132,523,1186,989,594
461: 992,374,22,1119,560,38
462: 996,411,395,536
463: 680,166,1002,866,1158,205
464: 1063,990,187
465: 929,478,23,698
466: 705,341,1087,479,765,735
467: 710,1039,1109,53
468: 341,735,189,1189,1003,714
469: 717,265
470: 974,1206,316,492,1029,720
471: 915,912,546,925,266,249
472: 804,294,660,1173,728,295,296
473: 664,1049,1112,557,733,318
474: 167,1282,1283,1063,533
475: 739,1009,1112,1115,669,755
476: 64,62,747,1238,619,719,82
477: 669,308,904,421,755,321
478: 895,378,24,929,465
479: 765,129,148,544,1087,466
480: 769,518,1026,1056,722,65
481: 776
482: 1036,84,782,914,663,67
483: 120,785,489,158,732,652,1300
484: 301,841,940,441,906
485: 790,67,85,68,1120
486: 323
487: 764,195,1014,175,795,215
488: 1022,325
489: 978,802,120,483,743,652
490: 885,57,1246,58,792,75,809
491: 763,565,814,172,346,564
492: 1029,455,720,819,1296
493: 910,14,823,843,43,29
494: 108,1069,639,1160,1267
495: 1145,1144,1052,59,835,697
496: 430,847,823,843,438
497: 981,317,851,1035,328,319
498: 409,104,988,858,886,694
499: 89,577,1152,569,131,878
500: 136,896,135,662,884,506,928
501: 920,7,793,373,618,890
502: 894,320,1262,329,1038
503: 1024,671,196,1019,508,897
504: 1137,902,73,800,92,1136
505: 210,1169,510,599,925,955
506: 156,928,136,500,884,803
507: 431,1008,60,1053,835,78
508: 897,503,216,1019,414,217,950
509: 579,74,1156,94,1167,113
510: 231,599,505,1031,955,391
511: 948,958,642,126,1282
512: 709,907,367,657,1107,972
513: 251,982,842,703,951,252
514: 1021,1015,1054,1215,994,1238
515: 1107,972,834,178,1182,179
516: 77,1144,1078,76,1004,540
517: 842,233,234,1017,252,1006
518: 747,1011,521,64,1026,1056,480
519: 854,1103,553,1017,1105,593,235
520: 162,838,1141,568,1131,1023,971
521: 1306,46,537,1011,524,518,1026
522: 272,1199,376,711,1241,600,1030
523: 164,622,1240,1242,460,1033,1186
524: 47,782,1306,521,1026,1057
525: 256,1040,237,960,255,1223
526: 1231,1153,110,1044,130,1227
527: 748,241,415,416,882,1046
528: 1050,997,1048,1027,1012,280
529: 390,281,263,262,799,1050,997
530: 236,745,862,1059,1058,960
531: 346,770,1061,211,191,1127
532: 889,690,114,95,1062,134
533: 1063,1283,691
534: 692,408,1064,1066,554,1104
535: 223,1070,202,1110,655,752
536: 462,1071,1239,620,1237
537: 1204,32,46,1011,1306,521,47
538: 87,343,451,1075
539: 1077,142,1092,571,838,1141
540: 97,516,1078,437,1004,98
541: 404,775,1081,836,606,387
542: 1082,626,1250,874
543: 313,1084,1085,940,484,841
544: 1269,1267,148,1190,479,129
545: 1088,113,954,786,1089,1065
546: 925,230,1169,912,1093
547: 143,122,1076,1090,1125,142
548: 956,1095,33,653,602,444
549: 798,1097,4,775,422,350
550: 813,1099,454,225,913,246
551: 1101,792,683,573,1100,570
552: 178,1102,811,177,1135,946,566
553: 396,1103,236,519,1105,1058
554: 1066,534,258,1104,381,967
555: 52,51,1039,411
556: 1111,944,971,182,689,183,1293
557: 1112,1230,306,664,473,1115
558: 682,605,1208,370
559: 827,99,1118,118,119,1116
560: 37,22,461,1119,36,38
561: 1121,1180,1120,1216,104,409
562: 1122,816,1210,1053,44,1217
563: 1168,102,401,121,122,1125
564: 491,172,346,883,891,1127
565: 770,152,763,1129,491,346
566: 198,592,552,178,1182,1135,197
567: 118,400,1130,1295,1079,666
568: 845,838,164,520,1131,1033
569: 71,1152,1137,499,131,111
570: 95,1062,1101,551,1100,1139
571: 1225,413,1092,539,1141,615
572: 96,1143,1294,1142,702,659
573: 809,792,1145,551,1100,77
574: 16,351,844,812
575: 1149,72,1042,651,1303,777,675
576: 962,826,159,428,1148,1150
577: 90,670,1152,828,499,89
578: 1155,165,594,1187,166,357
579: 509,74,1157,800,1088,113
580: 1159,382,206,818,226,822
581: 311,804,1165,296,310,309
582: 1276,639,1162,1160
583: 898,173,1161,1163,174,194,905
584: 1156,56,1255,1254,1166,94
585: 103,681,1170,1076,988,858,123
586: 190,386,621,1016,229,1171
587: 295,294,904,1172,421,908
588: 202,1175,203,223,224,418
589: 671,1177,1176,175,195,1019
590: 1180,409,870,694,412,105
591: 213,212,1196,339,231,1181
592: 198,566,1182,179,794,1183
593: 253,235,1017,519,1185,1006
594: 1187,460,1186,165,989,578
595: 190,1245,149,1249,170,1189,1244
596: 740,1267,109,544,1190
597: 278,261,1192,243,736,1203
598: 0,1197,930
599: 510,231,1194,1196,505,210
600: 1241,1199,522,1184,1030,271
601: 258,637,240,1205,967,1202
602: 1200,33,548,1204,444,1307,654,47
603: 1207,397,361,766,304,303
604: 279,1203,1201,388,660,1173
605: 1208,677,682,558
606: 836,1211,541,387,28,1123
607: 192,1126,1060,1212,213,1179
608: 1217,431,61,848,79,712
609: 1214,84,725,85,857,1216
610: 287,1218,1198,271,286,1219
611: 983,995,37,362,881,1221,628
612: 909,1222,273,376,442,927
613: 1229,1129,150,770,616,1061
614: 297,1226,1224,821
615: 1140,571,1225,1141,162,161
616: 625,1188,150,613,1061,1233
617: 452,943,292,399,1230,1232
618: 501,1235,890,31,923
619: 1238,994,476,964,1236,719
620: 1239,1071,707,536,1151,670
621: 1016,730,190,1245,171,586
622: 124,439,1240,523,164
623: 1198,271,1241,1243,288,429
624: 1246,1254,881,872,1247,56
625: 1188,616,1249,1245,171,1233
626: 1250,1251,1162,635
627: 1266,1252,41,998,363
628: 56,1255,611,995,881,1221
629: 160,1228,1258,159,1301,1148,180
630: 1259,348,1257,2
631: 277,1261,1201,293,660
632: 1262,322
633: 1265,788,239,1064,1263,1273
634: 363,1266,885,1268,1010,58
635: 148,1162,1160,1269,626,1250
636: 239,433,1271,220,1273,1270
637: 1270,220,1272,240,258,601
638: 268,1274,949,1275,686,267
639: 1277,1069,582,1160
640: 1278,824,1091,229,1279,230
641: 1287,147,1281,1280,865
642: 958,127,107,1282,1283
643: 245,1226,1224
644: 768,738,1286,1287,641
645: 154,1288,696,1289,898,1161
646: 1059,1058,1105,1291,254,1290
647: 666,117,116,1294,1295,1079,659,137
648: 1292,163,989,1293,1154
649: 327,1297
650: 150,130,1231,1299,1298,1188
651: 93,1303,1149,54,1302,762,575
652: 1258,1300,483,489,743,1256
653: 48,1095,917,548,444,1304
654: 47,782,602,444,1307,914
655: 752,223,535,893,416,242
656: 776,908,310,309,1013,771
657: 706,907,512,157,1107,1102
658: 112,133,344,152,1128,763,345
659: 572,116,1294,702,117,647,137
660: 294,631,1201,604,293,1173,1172,472
661: 959,204,866,205,938,449
662: 135,696,1289,896,500,398,884
663: 66,1305,914,49,1032,482,67
664: 473,399,1230,1049,305,557,733
665: 68,87,1121,729,1074
666: 117,647,1295,400,567,138,367
667: 88,1045,70,1277
668: 722,769,401,681,1168,1170
669: 477,402,308,1115,475,755
670: 1152,1239,620,1151,91,90,577
671: 589,1176,155,503,1024,1019
672: 49,1032,447,1034,790,332
673: 859,199,200,349,353,433
674: 1081,1253,825,41,404,27
675: 902,73,575,93,1303,777
676: 741
677: 724,266,265,682,605
678: 111,1136,756,1020,132,344
679: 405,727,293,308,904,1172
680: 463,166,1155,865,334,1002
681: 103,769,406,668,1170,585
682: 266,915,677,605,558
683: 792,75,1166,424,1101,551
684: 789,1089,1065,134,133,360
685: 200,1148,180,1150,855,355,832
686: 267,369,268,638,284,750
687: 820,400,1116,407,138,785
688: 437,1134,848,875,79,335
689: 201,453,944,556,1111,901
690: 532,889,114,134,360,876,364
691: 1063,533,464
692: 534,408,963,1106,257,1104
693: 956,20,336,443,856
694: 1178,409,498,590,886,412
695: 951,952,269,921,754,372
696: 1289,876,364,135,1288,645,662
697: 835,495,1144,78,875,1078
698: 1007,23,465,899,892,39
699: 298,701,833,299,337,436
700: 203,185,979,204,938,1174
701: 298,699,284,750,829,299
702: 1142,572,659,136,896,137
703: 1275,338,982,949,251,513
704: 746,99,79,80,712,335
705: 341,466,874,1087,169
706: 137,117,136,907,928,157,657
707: 72,1042,52,839,1071,620,1151
708: 233,393,1179,339,1041,849
709: 512,138,820,367,999,972
710: 467
711: 376,272,1291,1290,1222,522
712: 80,608,61,456,79,704
713: 187,1159,382
714: 386,468,1189,1244,1003,1278
715: 934,1197,784,1257,1,380
716: 257,275,274,932,779,452
717: 368,469,265
718: 779,275,381,973,967,383,291
719: 1236,619,476,964,82,850
720: 974,470,492,1029,1296
721: 228,977,726,209,208
722: 1056,769,480,83,401,668
723: 5,1096,15,798,4,1146
724: 266,368,912,717,265,677
725: 406,65,1057,1036,84,609,1214
726: 209,993,188,189,977,1003
727: 679,405,276,1260,277,888,293
728: 1012,388,1173,804,472,296
729: 1121,1180,1074,86,870
730: 621,1016,171,1248,389,742
731: 436,871
732: 483,785,999,158,1300,826,139,140,1301
733: 1049,664,473,974,318,317
734: 806,773,351
735: 765,341,466,149,468,1189
736: 279,1203,1192,243,900,597,991
737: 147,1281,126,1282,167,474
738: 768,644,412,1005,105,1286
739: 1009,475,894,755,320,502
740: 596,108,828,89,1267,109
741: 1027,676,333
742: 389,1248,211,191,730,212,1060
743: 744,413,802,489,1258,652,1256
744: 743,413,141,802,1090,1092
745: 236,530,217,950,778,862
746: 704,99,80,100,837,827
747: 63,62,1011,476,64,518
748: 222,796,752,415,527,416
749: 193,1212,795,215,1041,214
750: 284,686,268,410,701,299
751: 332,343,68,665,87
752: 655,222,1070,748,535,416
753: 285,268,1274,269,410,754
754: 417,372,269,695,285,753
755: 894,477,669,739,475,321
756: 92,1136,678,786,344,112
757: 886,988,123,144,124,439
758: 385,764,216,414,1047,396
759: 418,242,808,243,900,903
760: 270,417,372,287,300,1218
761: 817,378,478,465,899,11
762: 869,1220,54,1302,651,93,419
763: 345,658,152,1128,565,491,814
764: 487,195,215,216,385,758,414
765: 479,129,781,466,735,149
766: 361,289,772,873,304,603
767: 196,897,1133,950,778,420
768: 644,738,1005,511,126
769: 480,722,406,65,668,681
770: 565,613,1129,1061,531,346
771: 1013,421,908,1264,321
772: 927,909,873,290,766,289
773: 806,351,15,1147,574
774: 840,302,314,347,852,315
775: 422,350,404,541,836
776: 656,481
777: 72,575,1303,91,675,902,71
778: 767,950,783,420,745,862
779: 718,275,716,383,452,292,291
780: 1133,197,423,218,420,238
781: 1086,765,129,1299,1298,149,170
782: 654,47,524,1307,914,1057,482,1036
783: 218,420,778,862,237,394
784: 348,1197,1257
785: 120,483,407,687,820,158,732
786: 1089,92,1088,545,756,112
787: 965,314,906,1018,323
788: 633,1265,219,867,238,1263
789: 684,133,360,345,153,154
790: 485,672,1032,332,751,68
791: 939,450,324,1022
792: 75,683,490,809,573,551
793: 7,847,438,501,920
794: 1183,179,962,592,199,349
795: 215,1213,365,1014,193,749,487
796: 221,1068,440,222,748,415
797: 1025,326,324,1022,488
798: 1097,549,1096,3,723,4
799: 244,425,1099,263,1098
800: 1157,73,579,504,92,1088
801: 919,922
802: 141,926,978,489,744,743
803: 1176,176,884,156,506,155
804: 472,728,295,1165,296,309,581
805: 992,9,10,377,924
806: 773,734,5
807: 1075,953
808: 244,446,224,759,418,903
809: 573,490,58,59,792,1145
810: 1195,10,377,24
811: 403,156,157,552,1102,177
812: 844,574,16,352,17,847
813: 550,1099,246,1098,245
814: 172,173,763,345,153,491
815: 76,1004,1139,115,96,1143
816: 427,29,1122,562,1015,44
817: 761,1,378,934,12
818: 206,1158,205,864,226
819: 1296,325
820: 687,138,785,709,999,158
821: 1224,297,614,676
822: 226,227
823: 14,430,846,496,843,493
824: 1000,640,1278,248,1279
825: 41,831,1253,1252,674
826: 139,140,732,834,159,1301,428,576,962
827: 559,746,99,837,830,119
828: 1069,90,577,108,89
829: 283,370,284,1113,298,701
830: 837,827,375,342,119,975
831: 12,26,11,25,1253,825
832: 353,685,200,855,1068,440
833: 299,936,340,436,731
834: 999,515,972,826,139,1182,179,428
835: 1008,1052,507,495,697,78
836: 1211,606,775,350,14,541
837: 100,746,81,827,830,375
838: 1141,1077,539,845,568,520
839: 1108,1109,555,52,707,1042
840: 429,1198,1219,302,347,774
841: 484,301,543,286,1085,347
842: 517,849,233,982,513,252
843: 823,438,910,493,879
844: 351,574,812
845: 144,1077,439,838,568,164
846: 1146,430,4,350,14,823
847: 16,812,496,793,438
848: 78,875,431,608,79,688
849: 339,232,233,708,982,842
850: 82,1236,719,101,81,83,102
851: 317,720,327,1296,1035
852: 1037,302,774,315,969,392
853: 280,1164,741,432,333
854: 1103,1047,234,984,1017,519
855: 355,685,201,832,1068,440
856: 443,1234,693,1200,19,33
857: 609,1214,103,1216,104,858
858: 988,103,857,104,585,498
859: 673,199,349,219,1265,239,433
860: 1094,8,20
861: 980,36,358,987
862: 778,783,530,745,237,960
863: 890,434,920,879,30,45
864: 205,818,959,226,435
865: 641,147,1280,1155,334,680
866: 463,166,357,204,205,661
867: 238,218,788,394,1043,1263
868: 303,1207,1037,316,455,1029
869: 1220,762,987,983,995,1302,1221
870: 86,1180,729,590,1005,105
871: 731,940
872: 1247,359,40,362,881,1051,624
873: 290,772,937,766,304,877
874: 1250,1082,542,1087,169,705
875: 848,78,697,1078,437,688
876: 364,134,889,690,360,1288,696
877: 873,937,943,304,399,305
878: 109,1153,499,89,131,110
879: 30,843,438,920,910,863
880: 302,288,361,429,303,1037
881: 362,611,872,56,628,624
882: 241,527,1205,261,1046,260,1193
883: 1163,172,564,174,891,1213,365
884: 1289,662,500,398,506,176,803
885: 1051,57,363,634,490,58
886: 757,988,498,694,1178,124
887: 924,1117
888: 307,383,276,291,405,727
889: 532,690,1062,115,366,876,364
890: 863,434,501,920,618,31
891: 1126,1127,564,883,1213,192
892: 1119,23,698,1007,38,359
893: 416,655,242,1192,1046,243
894: 755,1264,321,502,1262
895: 930,0,1195,378,24,478
896: 136,500,135,1142,702,662
897: 508,503,1024,196,767,950
898: 583,153,154,1288,645,173,1161,1163
899: 11,25,761,465,698,39
900: 759,243,262,903,736,991
901: 222,689,201,1111,1068,1070
902: 675,73,777,71,1137,504
903: 263,262,759,244,808,900
904: 1172,679,308,587,477,421
905: 194,1177,583,1161,398,176
906: 484,301,441,1018
907: 367,117,137,706,512,657
908: 295,587,421,309,771
909: 612,273,442,772,927,290
910: 493,843,879,30,427,29
911: 18,922,801,373,1235
912: 1093,368,546,724,266,471
913: 435,454,966,550,246
914: 444,1307,66,654,782,663,482,1036
915: 471,249,947,682,918
916: 432
917: 445,1095,48,653
918: 369,947,682,558,370
919: 371,922,801
920: 501,438,879,863,890
921: 952,1185,695,957,372,270
922: 371,801,7,373,911
923: 1072,618,1234,1235,31,19
924: 9,887
925: 546,1169,505,955,471,249
926: 141,802,1124,342,121,978
927: 772,376,612,909,1243,1030,289
928: 156,506,136,500,137,706,157
929: 24,377,478,992,23,465
930: 895,598,0,1197,1,378
931: 1008,1080,387,28,42,60
932: 448,274,379,1106,257,716
933: 938,446,1174,449,225,425
934: 715,1,380,817,12,13
935: 447,48,653,1028,1304,1305
936: 340,285,833,312,731,313,1084
937: 943,448,274,873,290,877
938: 204,700,661,1174,933,449
939: 450,323,486,791
940: 871,441
941: 1034,343
942: 985,247,459,945
943: 937,274,617,452,877,399
944: 971,162,453,161,182,689,556
945: 368,717
946: 1135,552,196,177,1133,197
947: 249,915,250,918,369,267
948: 511,86,106,1005,958
949: 250,391,338,1275,703,267,638
950: 217,508,897,767,778,745
951: 252,952,251,513,269,695
952: 951,252,1185,1006,695,921
953: 807
954: 1167,545,113,1138,114,1065
955: 505,510,925,391,249,250
956: 693,445,1095,33,548
957: 1199,1185,253,921,270,1184
958: 642,106,953,948,511
959: 661,205,864,454,449,435
960: 530,862,237,1059,525,254,255
961: 455,969,392,324,797,326
962: 576,826,179,428,794,1150,199
963: 1043,256,1040,692,408,1106
964: 456,994,619,80,1236,719,100
965: 787,314,315,323,939,450
966: 435,913,227,246,457
967: 973,554,258,601,381,1202,718
968: 458,354,35,467
969: 392,852,315,450,324
970: 227
971: 944,520,162,1023,161,182,556
972: 1107,515,709,512,999,834
973: 967,381,259,1202,718,383,276
974: 470,1206,1049,733,720,317,851
975: 830,342,119,407,978,120
976: 1193,259,260,1260,277,1261
977: 384,208
978: 342,975,802,926,120,489
979: 185,1154,1292,1175,700,203
980: 861,1117,22,458,354,36
981: 497,318,1009,317,320,319
982: 232,849,338,842,703,513
983: 611,995,36,560,37,987,869
984: 234,214,385,393,854,1047
985: 942,247,208,721,228,459
986: 1067,167,334,1002,186
987: 861,36,358,1302,869
988: 858,585,498,123,886,757
989: 460,1132,163,594,1187,648,1154
990: 1067,464,186,1159
991: 900,262,279,736,997,1048
992: 805,377,929,23,461,1119
993: 188,168,189,384,977
994: 514,1215,456,1238,619,964
995: 983,611,987,869,1220,1221,628
996: 51,411,395,462
997: 1050,262,991,1048,528
998: 363,1007,1252,39,40,627,1051
999: 158,820,709,732,972,834,139
1000: 824,209,1003,714,228,1278
1001: 328,319,329
1002: 334,986,680,463,186,1158
1003: 189,468,726,209,714
1004: 76,815,516,540,97,96
1005: 105,86,870,948,511,768,738,126
1006: 1185,517,1017,252,952,593
1007: 698,892,39,359,40,998
1008: 931,42,60,1052,835,507
1009: 739,475,1112,318,981,320
1010: 42,1268,634,58,1052,59
1011: 46,537,63,747,521,64,518
1012: 728,1048,388,528,280,1164
1013: 771,776,656,322
1014: 174,194,365,175,795,487
1015: 44,427,816,1021,514,1215
1016: 621,730,586,389,1171,1194
1017: 234,854,517,519,1006,593
1018: 906
1019: 216,671,589,503,195,508
1020: 1044,132,131,111,678,110
1021: 30,427,45,1015,514,1054
1022: 324,797,488
1023: 1131,520,1132,971,163,182
1024: 503,155,403,671,196,177,897
1025: 797,326,819,488,325
1026: 521,524,518,1057,480,65
1027: 1050,528,280,741
1028: 48,447,935,50
1029: 492,868,316,470,455,720
1030: 1243,522,376,1241,600,927
1031: 1181,232,510,231,391,338
1032: 672,49,663,67,790,485
1033: 460,1132,568,523,164,1131,1186
1034: 50,941
1035: 327,328,1297
1036: 482,84,782,914,1057,725
1037: 852,880,302,303,868
1038: 502,1262,632
1039: 710,51,1109
1040: 525,256,237,394,1043,963
1041: 1212,749,1179,214,393,708
1042: 707,72,839,1108,1149,575
1043: 867,394,1263,1040,963,408
1044: 1020,132,110,526,1227,151
1045: 70,69,395
1046: 261,1192,527,893,416,882
1047: 854,1103,385,758,984,396
1048: 388,279,991,997,528,1012
1049: 305,397,664,473,974,1206,733
1050: 997,390,529,528,1027
1051: 885,57,40,998,363,872,1247
1052: 59,42,1010,1008,835,495
1053: 1210,60,562,431,507,1217
1054: 62,1021,45,1055,514,1238
1055: 1073,434,45,1054,62,63
1056: 722,64,518,82,480,83
1057: 782,524,1026,1036,725,65
1058: 1059,646,553,236,530,1105
1059: 1058,646,530,960,254,1290,255
1060: 212,191,1126,742,607,213
1061: 613,770,616,531,1233,211
1062: 95,570,1139,532,889,115
1063: 533,167,474,691,1067,464
1064: 1263,633,1066,1273,534,408
1065: 545,954,114,1089,134,684
1066: 1273,1064,1270,534,554,258
1067: 986,167,464,186,990
1068: 440,855,201,832,222,901,796
1069: 1237,1277,90,639,494,108,828
1070: 1111,222,901,1110,752,535
1071: 411,52,462,707,536,620
1072: 923,31,19,1073,46,32
1073: 1055,434,31,1072,46,63
1074: 426,87,729,86,106
1075: 807
1076: 1170,122,585,143,547,123
1077: 142,539,143,144,845,838
1078: 1144,697,875,516,437,540
1079: 1295,97,1130,98,116,567,647
1080: 27,1081,387,42,1268,931
1081: 674,404,541,27,1080,387
1082: 542,874,1083,169
1083: 168
1084: 313,543,936,300,312,731,1085
1085: 286,300,1218,543,1084
1086: 781,1190,1191,129,1299,1298
1087: 1250,148,874,479,705,466
1088: 545,113,800,579,92,786
1089: 786,545,1065,112,133,684
1090: 1125,141,547,744,1092,142
1091: 229,1171,640,230,1169,210
1092: 1090,744,413,142,539,571
1093: 912,248,1279,230,368,546
1094: 20,336,34
1095: 445,917,548,653
1096: 3,1259,5,723
1097: 798,549,3,13,26,422
1098: 813,1099,799,245,281,1226
1099: 813,550,225,425,799,1098
1100: 573,551,77,570,1139,76
1101: 551,683,424,1138,95,570
1102: 552,178,157,657,1107,811
1103: 854,1047,553,396,519,1105
1104: 257,692,534,554,275,381
1105: 1103,553,519,1058,646,235,1291
1106: 256,963,692,379,257,932
1107: 515,972,512,657,178,1102,1182
1108: 839,1109,53,356,1149,1042
1109: 53,1039,555,839,1108
1110: 202,184,1111,183,1070,535
1111: 556,689,183,901,1070,1110
1112: 557,473,1115,318,1009,475
1113: 282,558,370,283,829
1114: 283,337
1115: 306,402,1112,557,669
1116: 119,407,559,118,400,687
1117: 887,924,374,22
1118: 1134,335,99,1130,559,118
1119: 892,992,23,461,560,38
1120: 68,85,1216,1121,561
1121: 1180,561,68,1120,665,729
1122: 43,1123,29,816,1210,562
1123: 28,1211,606,43,1122,1210
1124: 375,342,101,102,121,926
1125: 1090,121,1168,563,122,141,547
1126: 891,1127,191,1060,607,192
1127: 1126,891,531,346,564,191
1128: 152,132,344,112,658,151,763
1129: 613,1229,1227,151,152,565,770
1130: 98,1134,1118,1295,1079,118,567
1131: 1023,568,520,1033,1132
1132: 460,1033,1131,1023,163,989
1133: 780,197,196,946,767,420
1134: 437,688,335,1130,98,1118
1135: 946,552,178,177,198,566,197
1136: 111,678,1137,504,92,756
1137: 504,902,71,569,111,1136
1138: 114,1167,424,1101,954,95
1139: 1100,570,1062,76,815,115
1140: 615,1225,160,1228,162,161,181
1141: 838,539,571,615,520,162
1142: 702,366,1143,572,135,896
1143: 96,572,815,115,366,1142
1144: 1145,495,697,77,516,1078
1145: 495,1144,59,809,573,77
1146: 430,846,723,15,1147,4
1147: 15,574,16,1146,430
1148: 159,629,576,180,1150,685,200,355
1149: 356,1108,54,1042,575,651,1303
1150: 199,576,962,1148,685,200
1151: 91,707,72,1239,620,670
1152: 670,91,577,71,569,499
1153: 109,878,110,1191,130,526
1154: 185,979,989,1187,648,1292
1155: 1280,165,865,578,680,166
1156: 584,1255,55,74,509,94
1157: 800,93,419,74,73,579
1158: 205,463,1002,186,206,818
1159: 382,580,990,187,206,713
1160: 1269,582,639,1162,1267,635
1161: 398,645,1289,583,898,905
1162: 582,128,1251,1160,626,635
1163: 883,172,173,583,898,174
1164: 280,853,1012,728,1165,296,432
1165: 296,804,432,311,581,916
1166: 1254,584,75,683,94,424
1167: 94,509,424,113,954,1138
1168: 563,401,668,1170,122,1125
1169: 1091,230,505,210,546,925
1170: 122,1076,668,681,1168,585
1171: 1091,229,586,1016,1194,210
1172: 904,679,293,294,660,587
1173: 604,388,294,660,728,472
1174: 446,224,700,203,938,933
1175: 1292,979,202,184,203,588
1176: 176,803,1177,155,671,589
1177: 194,905,1176,176,175,589
1178: 694,886,412,124,1240,125
1179: 339,607,1212,213,1041,708
1180: 1121,561,729,409,590,870
1181: 1031,232,591,213,339,231
1182: 1107,515,834,178,179,592,566
1183: 794,198,592,423,349,219
1184: 287,957,1199,270,600,271
1185: 1006,952,253,593,921,957
1186: 523,1242,146,460,1033,165,594
1187: 594,989,578,185,1154,357
1188: 625,616,1299,650,150,1249,170
1189: 1244,735,149,468,595,714
1190: 596,109,544,1191,129,1086
1191: 130,109,1153,1190,1086,1298
1192: 261,1046,893,243,597,736
1193: 976,882,261,260,278,1261
1194: 1016,389,1171,1196,210,599
1195: 0,810,895
1196: 389,212,1194,591,231,599
1197: 784,930,1,715
1198: 623,271,610,1219,840,429
1199: 957,253,272,522,1184,600
1200: 19,856,33,1204,32,602
1201: 278,1203,631,1261,604,660
1202: 259,260,601,1205,973,967
1203: 279,736,278,597,1201,604
1204: 32,537,1200,33,602,1306,47
1205: 241,240,601,882,1202,260
1206: 974,470,1207,397,1049,305,316
1207: 397,603,303,868,316
1208: 605,558,282,1113
1209: 605,1208
1210: 60,1053,28,1123,1122,562
1211: 836,606,14,43,1123
1212: 193,749,607,192,1179,1041
1213: 365,883,891,192,193,795
1214: 609,725,406,103,857
1215: 61,456,1015,44,514,994
1216: 104,609,85,1120,857,561
1217: 608,1053,562,44,431,61
1218: 760,287,300,610,286,1085
1219: 610,1198,286,840,347
1220: 869,762,1221,419,55
1221: 611,995,869,1220,628,1255,55
1222: 254,1290,273,255,376,711,612
1223: 379,525,256,273,255,442
1224: 821,643,614
1225: 571,413,1256,160,1140,615
1226: 1098,245,643
1227: 151,1044,132,526,1231,1229,1129
1228: 160,629,1140,180,161,181
1229: 613,1129,1231,1227,151,150
1230: 399,617,306,1232,664,557
1231: 526,130,1227,650,150,1229
1232: 306,617,292,291,307,1230
1233: 1248,211,625,616,1061,171
1234: 1235,443,856,923,19
1235: 1234,373,911,18,618,923
1236: 719,619,964,850,100,81
1237: 1069,536,1239,1277,90
1238: 619,514,1054,62,994,476
1239: 620,536,1151,1237,90,670
1240: 1178,124,622,125,523,1242,145
1241: 600,522,1243,1030,623,271
1242: 1240,523,145,146,1186,165
1243: 1030,1241,927,623,288,289
1244: 1189,595,190,714,386
1245: 595,190,1249,625,171,621
1246: 624,1254,1247,57,490,75
1247: 872,40,1051,57,624,1246
1248: 1233,211,171,730,389,742
1249: 170,1299,625,1188,595,1245
1250: 626,635,148,874,1087
1251: 128,1162,626
1252: 39,25,825,41,998,627
1253: 26,831,422,825,674,404
1254: 624,1246,56,584,1166,75
1255: 56,628,1221,55,1156,584
1256: 743,413,1258,652,1225,160
1257: 2,348,784,715,380
1258: 652,1300,743,1256,140,1301,160,629
1259: 630,5,1096
1260: 259,976,276,277,727,293
1261: 277,631,976,1193,278,1201
1262: 1264,502,1038,632
1263: 1064,867,633,788,1043,408
1264: 321,894,771,1262,322
1265: 633,788,219,859,239
1266: 627,41,363,27,634,1268
1267: 494,108,1160,1269,544
1268: 42,1010,1266,27,1080,634
1269: 1160,1267,635,148,544
1270: 637,636,220,1066,1273,258
1271: 220,353,440,636,433,221
1272: 241,240,415,220,221,637
1273: 1066,633,636,239,1064,1270
1274: 268,638,1275,251,269,753
1275: 703,949,251,638,1274
1276: 582,88
1277: 1237,1069,639
1278: 640,714,386,824,1000,229
1279: 230,824,640,248,1093
1280: 1155,165,146,1287,641,865
1281: 737,147,768,644,126,641
1282: 642,126,474
1283: 642,127,1282,533
1284: 264,246,457,245
1285: 643,1224
1286: 125,412,644,738,145,1287
1287: 145,146,1286,644,641,1280
1288: 154,645,360,876,696,1289,898
1289: 696,1288,645,662,1161,398,884
1290: 254,1222,1059,646,1291,711
1291: 272,1105,646,235,1290,711
1292: 648,1293,1154,979,184,1175
1293: 183,163,182,556,648,1292,184
1294: 116,97,96,572,659,647
1295: 1079,1130,116,400,567,666,117,647
1296: 327,492,720,819
1297: 327,1035,649
1298: 1299,1191,130,1086,781,650
1299: 1298,1086,781,650,1249,170,1188
1300: 1258,652,483,732,140,1301
1301: 159,732,1258,1300,826,140,160,629
1302: 54,356,358,987,869,762,651
1303: 651,93,1149,575,777,675
1304: 66,1305,48,653,444
1305: 66,1304,447,935,663,49
1306: 521,1204,537,47,524
1307: 444,602,66,654,782,914